144
471
461
221
42
64
42
154
134
207
152
223
174
221
221
251
234
227
184
262
163
178
37
48
280
154
200
79
994
138
267
208
212
192
291
203
91
117
219
181
193
223
239
245
240
203
231
182
222
229
257
212
178
158
251
270
58
37
43
144
68
219
950
241
254
307
184
133
190
41
155
205
225
1057
238
242
250
164
217
280
226
227
218
36
155
156
274
351
317
83
219
58
824
234
252
246
254
244
262
257
254
161
235
263
248
223
249
241
247
268
241
248
286
248
152
40
45
153
234
276
254
193
49
111
88
824
191
180
281
216
248
229
228
220
248
192
244
195
143
155
229
192
1033
130
166
229
131
122
194
250
104
204
175
206
145
185
53
747
211
203
243
186
248
215
198
227
207
169
208
216
222
119
138
216
115
54
178
241
173
268
53
59
53
183
141
291
231
164
230
38
55
814
165
178
255
134
217
196
236
118
198
52
190
208
90
145
215
148
244
252
1004
197
157
258
200
113
112
218
200
178
226
62
125
911
220
145
118
67
168
223
48
191
168
203
208
169
185
154
44
40
40
157
202
72
205
239
112
190
158
187
193
167
118
147
66
898
77
201
172
66
129
168
220
139
224
148
226
39
74
243
64
51
83
135
143
187
136
165
112
1030
62
59
147
80
224
106
49
38
45
214
969
44
106
277
60
43
44
55
48
63
44
119
99
115
155
336
62
96
227
131
60
150
161
128
143
182
265
55
68
64
54
37
930
99
164
180
140
140
171
89
109
110
123
124
70
54
52
143
202
105
144
135
54
58
730
46
85
92
784
94
40
159
120
99
37
38
59
1129
104
58
191
51
70
140
72
41
85
164
166
97
128
114
199
84
103
99
143
168
166
129
44
189
1000
97
73
49
46
41
63
68
48
51
61
240
128
79
75
69
164
148
127
130
87
48
41
60
61
47
54
64
55
48
45
53
38
54
54
43
93
54
62
50
39
55
53
55
40
68
58
73
57
55
48
44
42
56
48
60
40
45
37
44
47
55
71
47
63
108
109
63
73
59
83
68
90
47
76
42
484
94
54
37
61
68
59
37
51
57
48
75
74
34
34
101
71
76
42
57
44
43
49
76
52
38
40
55
49
57
41
34
52
211
48
55
74
74
47
55
63
65
63
59
43
44
45
60
60
44
46
45
37
53
63
36
37
61
55
51
37
35
45
47
37
48
50
70
61
80
52
44
189
54
57
74
143
53
40
46
45
89
58
53
67
42
60
61
66
51
53
53
51
89
53
62
36
125
44
89
96
91
58
67
46
55
45
37
59
53
42
47
107
65
45
51
54
57
42
44
67
41
81
68
44
39
40
60
51
47
39
48
45
69
32
94
183
53
69
113
85
131
32
135
69
44
88
78
156
66
37
44
63
805
43
104
96
112
115
174
54
141
102
147
104
172
118
160
86
100
136
114
132
157
192
92
164
106
73
122
159
155
77
114
158
114
53
717
42
85
813
75
134
140
97
115
75
119
168
55
34
35
36
144
73
140
160
111
181
129
127
98
128
163
110
69
149
42
187
68
176
183
128
134
323
67
496
313
33
626
37
124
67
252
37
70
493
32
31
147
441
34
33
113
102
91
57
49
48
39
49
43
46
33
42
46
39
36
44
45
124
144
183
50
131
138
188
118
131
42
159
147
103
1048
127
156
157
133
106
92
87
166
150
166
157
123
72
99
47
147
188
80
198
43
45
34
37
37
39
167
177
160
154
178
125
45
94
45
40
66
40
41
38
42
38
38
34
36
35
116
39
47
119
190
107
77
138
165
168
80
158
149
148
170
131
151
117
162
172
193
77
142
158
84
163
169
131
134
810
115
155
80
38
146
108
160
151
198
109
161
103
159
180
36
34
34
31
46
98
77
111
97
159
85
160
143
167
93
152
171
101
89
166
162
178
127
174
34
661
83
66
156
156
137
91
138
131
160
149
160
161
62
37
36
35
39
35
81
113
201
124
119
158
84
79
119
105
87
49
116
156
155
165
94
151
175
124
176
44
40
575
138
109
141
141
114
185
43
65
33
179
39
44
285
77
131
810
154
164
134
180
160
171
157
48
122
161
166
108
110
156
132
161
147
121
41
123
147
122
52
38
33
726
88
105
96
143
123
171
243
105
167
137
158
145
158
177
154
127
144
143
148
136
68
155
89
169
175
187
65
72
158
143
78
61
136
154
81
167
147
173
788
42
46
38
38
77
159
178
148
153
173
169
183
514
174
177
170
188
786
171
179
178
179
201
114
174
184
173
175
176
178
145
