127
266
249
5404
6373
4779
6463
5147
4852
6348
4948
6366
4935
5158
6451
4905
5129
6943
4920
3637
6100
5062
5080
7029
4793
6389
4847
4916
6402
5455
5023
6504
4893
4976
6344
4853
6482
2262
2399
2500
2415
2529
3321
2379
2559
2498
2553
3332
2455
2294
2460
2603
2011
3171
2260
2321
2470
2317
2113
3157
2210
2326
2029
1977
3258
2260
2533
2303
2451
2354
3406
2315
2451
2364
2433
3364
2305
2461
2428
2070
2409
3355
2162
2400
2394
2342
3261
2357
2367
2206
2409
2409
3638
2286
2441
2422
2450
2358
3327
1215
2438
2456
2471
4093
2116
1540
2428
2450
2454
3371
2398
2350
2429
2377
3422
2381
2387
2449
2485
2452
3371
2283
2391
2442
2482
2507
3412
2267
2516
2443
2418
3338
2388
2427
2405
2439
2383
3300
2374
2413
2417
2462
2443
3392
2491
2304
2423
2432
3353
2438
2332
2427
2265
2378
3344
2377
2347
2453
2432
2458
3453
2273
2302
2463
2377
3165
2349
2372
2410
2503
2443
3306
2323
2225
2439
2866
3325
2435
2433
2402
2566
2372
3156
2280
2356
2489
2494
3420
2227
2460
2530
2226
2419
3157
2178
2491
2496
2488
3493
2356
2606
2314
2485
2453
3376
2398
2378
2408
2392
2465
3665
2329
2435
2457
2482
3418
2321
2481
2506
2511
2594
3161
2359
2546
2546
2445
3433
2362
2438
2466
2556
2414
3315
2353
2467
2446
2317
2379
3399
2393
2466
2543
2447
3416
2327
2451
2546
2425
2497
3402
2462
2523
2483
2474
3481
2331
2481
2462
2498
2550
3473
2497
2518
2466
2441
3341
2065
2117
990
1963
2282
3337
2035
2256
2355
2393
2428
2236
2034
1663
2361
2147
3377
2210
3869
2456
2724
3034
2287
1576
2393
2429
2309
3184
2248
2261
1999
2420
2474
3198
2075
2746
2369
2497
3460
2245
2731
2459
2414
3397
2459
2452
2505
2403
2480
3440
2438
2408
2485
2461
2497
3278
2415
2490
2334
2411
3481
2369
2473
2522
2563
2567
3569
2429
2542
2672
2646
3681
2568
2669
2719
2649
2707
3688
2509
2661
2763
2599
3703
2602
2689
2706
2664
3655
2567
2246
2685
2619
2643
3622
2555
2708
2537
2572
3441
2528
2611
2533
2576
3559
2432
2593
2529
2448
2262
2393
2552
2477
2503
2589
3419
2526
2530
2555
2790
3460
2474
2498
2506
2554
2581
3310
2417
2520
2465
2456
3498
2529
2518
2568
2490
2567
3531
2498
2564
2521
2478
3443
2517
2558
2594
2528
2589
3083
2309
2535
2191
2536
3509
2522
2514
2590
2205
2402
3306
2370
2491
2567
2544
3465
2465
2572
2701
2458
77
50
1099
2228
2407
1664
3490
2499
2504
2391
2337
2388
3316
1587
2405
2381
2478
3486
2391
2449
2551
2499
2507
3465
2425
2562
2526
2581
2543
2846
2244
2504
2470
2527
3513
2418
2506
2458
2531
2531
3487
2403
2462
2537
2519
2555
3489
2416
2529
2528
2465
3454
2495
2495
2537
2486
2554
3500
2400
2520
2583
2448
2478
3443
2223
2539
2429
2520
3502
2483
2526
1779
2507
2456
3362
2446
2064
2546
2486
3485
2534
2450
2504
2480
2494
3510
2475
2366
2461
2535
2496
3530
2374
2453
2531
2475
3589
2345
2353
2461
2482
2563
3433
2310
2407
2349
2528
2493
3256
2326
2512
2521
2668
2183
3267
2117
2312
2289
2389
3284
2193
2349
2453
2226
2183
1896
2329
2483
2479
2368
3438
2326
2369
2243
2448
2347
3279
2315
2436
2474
2434
3428
2403
2474
2517
2513
2533
3471
2333
2414
1694
2497
3426
2398
2476
2327
1922
2516
3338
2408
2428
1962
2487
3505
2462
2475
2449
2526
2594
3182
2456
2399
2491
2546
3289
2502
2476
2317
2412
2471
3442
2326
2369
2470
2551
2515
3338
2478
2429
2496
2479
2495
3348
2424
2479
2454
2513
3496
2432
2518
2484
2519
2499
2682
2429
2518
2530
2400
3396
2506
2365
2491
2278
2505
3498
2518
2471
2549
2535
2575
3554
2422
2305
2478
2550
3651
2526
2532
2613
2037
2612
3575
2357
2541
2566
2585
3577
2444
2605
1822
2613
2547
3595
2546
2623
2567
2617
3565
2394
2104
2583
2620
3553
2510
1646
2610
2550
2551
3510
2108
2584
2605
2581
3611
2635
1907
2486
1003
2125
3158
1751
2417
2522
2633
1889
2468
2388
2338
1134
2377
3557
1918
2362
2664
2493
3262
2389
2070
1990
2551
3655
2340
2461
2471
2425
2414
3249
2403
2436
2563
2186
3401
2365
2415
2565
2054
2512
3408
2484
2536
2567
2473
3491
2041
2491
2593
2319
2507
3469
2424
2444
2512
2533
3555
2536
2482
2465
2471
2525
3506
2635
2029
2517
2567
3503
58
41
1513
2101
2452
3507
2464
2540
2457
2502
2629
3320
2438
2371
2453
2473
2595
3274
2431
2310
2482
2525
3398
2385
2467
2430
2497
2494
3333
2331
2465
2402
2441
3390
2417
2486
2365
2367
2406
3356
2379
2468
2480
2450
2476
3419
2532
2457
2347
2540
3434
2416
2379
2373
2473
2549
3328
2391
2471
2331
2450
2468
3480
2518
2267
2389
2536
3354
2399
2472
2025
2467
2443
3534
2363
2089
2303
2450
2526
3461
2484
2511
2443
2569
3381
2471
2518
1377
2379
2455
3322
2550
2483
2488
2398
2444
3404
2458
2526
2422
2467
3457
2478
2555
2448
2449
2283
3442
2006
2222
2493
2500
3488
2543
2516
2411
2495
2559
3448
2443
2491
962
2436
2486
3457
2515
2442
2546
2462
3507
2477
2450
2479
2517
2542
2528
3449
2446
2526
2540
2444
3377
2365
2502
2536
2472
3540
2383
2588
2481
2491
2511
3503
2446
2538
2103
2421
2519
3428
2453
2541
2530
2535
3512
2516
2450
2533
2539
2550
3278
2482
2422
2526
2552
2493
3423
2445
1691
2524
2543
3461
2482
2437
2460
2498
2534
3329
2537
2456
2550
2499
2511
3151
2453
2465
2564
2576
3539
2545
2518
2547
2629
2327
3447
2544
2473
2581
2555
3586
2529
2575
2570
2459
2571
3364
2592
2478
2576
2597
3647
2591
2612
2542
2667
2431
3591
2591
2521
2610
2632
3582
2678
