156
249
287
1036
2668
2688
2650
4696
2351
2735
2771
2774
4721
2763
2777
2799
2815
4483
3807
2721
2813
4773
2653
2756
2825
2806
4396
2576
2785
3974
4658
2676
2761
2875
2817
4306
2605
2734
2818
2688
5410
2714
2778
2491
3318
1780
1830
1776
1836
1834
1840
1836
3344
1814
2669
1829
1788
1800
1823
3293
1808
1545
1705
1803
1599
1647
1612
3408
2051
2452
1520
1645
1642
2944
818
1728
1793
1738
1742
1793
3324
1388
1628
1748
1775
2803
1561
3279
1750
1704
1824
1820
1814
3338
1736
1723
1865
1692
1763
1823
1711
3949
1741
1793
1287
1846
1746
1803
3189
1692
1801
1795
1690
1769
1781
3142
2622
1813
1324
1815
1830
1778
3306
1641
1596
1664
1803
1461
1138
684
645
1901
772
861
813
846
1597
839
837
832
819
845
848
671
1840
671
488
532
800
779
896
837
803
833
840
848
797
1737
778
233
795
834
783
832
849
847
1539
820
838
855
832
1927
699
766
870
775
846
795
837
823
818
839
835
842
635
1870
774
748
804
807
837
823
816
828
827
818
1507
750
1819
729
726
764
797
796
819
812
786
827
828
845
798
801
837
1864
717
824
831
780
829
834
839
836
808
793
813
801
1527
1800
714
763
810
819
827
818
838
796
727
780
797
803
791
651
1764
800
816
817
813
804
778
808
798
805
831
740
758
441
2338
782
764
796
908
793
810
818
818
823
818
462
753
1716
769
809
831
804
814
847
751
816
816
806
728
694
811
1847
808
799
1462
734
766
774
776
810
896
714
818
747
803
579
1742
798
815
816
819
822
832
828
807
821
716
858
842
810
1900
677
805
803
645
1503
819
743
703
824
890
740
822
811
1900
817
829
822
833
833
824
825
786
833
755
921
728
852
1817
630
766
799
42
515
820
1478
793
814
898
743
746
1931
631
733
677
820
823
823
752
803
814
843
656
658
776
762
1840
776
841
821
782
755
820
820
873
1469
797
796
640
756
1896
743
503
821
746
770
807
854
772
786
799
865
719
809
1919
815
838
707
822
841
804
823
832
1359
783
1473
805
1817
749
761
822
846
664
784
788
825
745
832
834
731
767
1862
739
761
742
818
764
807
828
750
831
837
820
842
821
838
2472
406
756
807
801
848
742
801
730
846
444
822
820
821
1835
645
704
815
715
780
762
823
814
800
816
816
793
746
588
1842
1314
582
760
843
765
768
775
794
772
791
821
711
1810
695
805
813
818
842
732
810
820
795
789
777
779
729
1790
751
1198
758
1543
813
831
727
791
942
1001
56
1557
296
358
522
813
791
735
809
792
740
258
764
727
727
798
817
1889
748
791
792
808
832
1537
812
819
819
476
746
814
813
1862
817
839
808
822
126
779
811
763
726
820
812
809
419
1684
795
792
816
815
369
699
748
797
1502
799
630
800
1882
691
789
785
793
790
807
806
752
816
791
820
795
801
814
1915
729
385
796
823
748
822
827
837
802
827
1523
829
834
1810
794
717
788
766
800
822
764
796
709
808
803
823
809
142
1889
789
735
818
837
839
838
840
827
761
815
823
1550
1745
790
758
824
759
804
827
785
780
790
787
819
835
737
1770
759
831
831
833
835
833
829
819
833
824
884
732
834
1826
1280
748
726
788
738
798
819
823
750
48
452
840
817
515
1761
791
811
843
784
808
828
837
831
807
817
830
784
656
1856
776
1533
740
615
772
690
786
813
795
805
755
795
786
1844
768
818
825
838
914
654
833
796
811
731
809
818
824
1905
803
820
1511
638
1310
747
793
721
821
769
819
754
1872
743
803
705
824
755
757
787
328
836
692
747
799
793
1781
711
793
761
803
780
815
794
1448
790
825
811
730
787
645
1621
725
788
761
802
712
890
499
791
841
820
630
654
595
1872
820
764
809
785
727
299
799
1513
750
1444
697
1882
749
816
831
831
776
830
833
831
843
839
837
827
843
832
818
1898
749
820
830
783
833
820
836
762
773
1175
825
1539
1875
790
667
845
815
772
850
782
823
819
815
841
838
822
1882
575
810
836
834
837
853
814
798
833
840
802
825
821
1781
1511
796
833
856
792
830
759
809
811
822
826
843
1766
761
812
823
831
841
808
755
787
821
829
829
856
816
903
1784
733
855
1597
825
835
863
772
849
685
806
875
879
1950
906
889
845
758
808
1027
849
769
937
836
822
910
1781
714
908
824
869
891
1578
854
827
538
893
903
904
914
1991
890
909
896
912
903
882
844
894
912
895
762
859
1982
825
903
866
799
1195
791
1627
880
1008
781
789
1721
757
896
870
880
894
76
864
883
865
866
883
891
843
1906
795
801
866
803
884
863
871
893
855
1609
886
823
1893
882
869
829
879
918
836
788
849
867
861
853
779
787
1878
812
855
872
857
880
780
872
858
876
879
895
2757
677
743
865
879
893
873
885
829
872
860
958
757
870
1989
516
818
874
841
861
874
842
854
857
1071
