133
240
174
186
1055
1476
1283
1418
870
1436
3115
1223
1396
1429
1428
1474
1419
1497
1467
3030
1320
2476
1410
1433
1448
1454
1160
2930
1327
1445
1429
1452
1429
1435
1454
1413
2946
1380
1443
1398
2424
2539
1266
1287
2978
1360
1402
1432
1404
1447
1453
1438
3010
1300
1434
1423
1411
1442
1427
1451
1435
3798
1299
1212
1457
1422
1396
1440
1414
3131
1293
1422
1309
1415
1395
1321
1465
1454
2927
1202
2514
1440
1066
1433
1412
1377
3149
1189
1354
1436
1450
1428
1298
1469
1347
2246
340
466
419
463
441
442
486
432
503
1191
478
456
461
481
473
521
375
363
335
1459
390
397
383
419
440
451
467
404
508
459
423
483
470
429
492
447
499
376
451
502
1366
263
418
457
490
428
463
487
488
473
448
465
452
446
1199
226
427
514
433
314
470
448
1416
332
422
440
427
431
475
426
440
394
477
481
493
496
482
480
328
494
403
472
336
1439
402
467
471
467
458
488
438
473
427
461
488
469
451
446
486
365
1216
389
427
1409
464
431
56
433
441
456
413
494
438
472
439
470
466
487
393
478
433
390
471
481
297
1503
401
429
464
448
485
482
489
472
488
418
454
214
349
310
318
443
483
488
454
2069
371
397
423
469
482
445
451
441
495
410
495
389
436
438
456
469
470
504
477
447
473
367
1469
439
424
485
438
443
451
279
454
383
475
457
449
412
459
469
439
491
322
452
381
1522
1218
451
463
391
454
456
384
473
454
502
461
495
400
165
433
308
499
442
454
1411
461
466
447
436
442
471
325
432
456
471
471
470
483
456
471
498
486
464
445
493
1421
432
431
464
413
421
1153
313
396
455
500
462
464
462
441
177
429
483
470
463
452
1467
348
371
407
440
446
406
377
411
416
431
415
409
433
216
412
401
398
388
414
442
403
365
1409
399
422
428
398
340
428
448
409
1180
121
427
436
450
451
438
426
406
405
445
405
408
379
1410
421
384
374
396
402
268
404
413
441
437
411
396
419
422
441
442
445
417
389
391
415
417
412
1386
378
396
447
430
429
452
410
455
439
414
1180
400
392
388
401
385
364
416
407
259
1267
250
399
366
404
393
411
409
343
382
399
428
435
415
444
442
360
439
472
397
524
320
456
1388
298
401
408
297
402
395
430
390
406
448
372
412
439
337
977
381
407
412
376
394
392
381
1391
299
380
405
412
390
359
356
380
369
460
380
406
385
361
258
391
419
395
408
363
404
315
1317
319
412
430
430
432
434
384
388
399
382
390
422
390
414
427
423
419
497
1062
389
392
1258
370
399
282
409
393
427
413
345
385
397
415
428
408
397
409
398
384
398
403
426
367
331
120
1320
409
345
374
418
390
312
385
370
401
433
402
383
392
418
388
415
401
390
433
361
2019
260
409
392
264
418
385
400
430
447
418
390
412
409
405
399
423
422
410
469
322
397
426
397
142
1355
347
317
400
401
401
377
444
325
415
357
422
441
407
406
422
388
86
391
388
404
430
1416
282
1397
374
402
373
365
370
399
401
383
397
405
424
390
353
321
411
418
351
409
356
48
1259
385
391
365
377
279
326
369
335
397
391
389
408
228
345
306
407
392
342
290
439
362
386
428
392
397
1379
328
375
1078
398
394
398
412
418
376
358
399
387
254
396
385
442
430
438
1173
374
397
411
385
420
448
377
391
427
413
394
394
132
387
427
387
428
402
467
360
397
400
406
364
1325
395
404
427
392
410
399
1151
295
432
337
396
405
375
418
407
433
457
377
423
456
1296
399
359
376
417
390
422
207
401
439
336
396
434
375
351
443
308
328
311
332
301
241
335
335
169
1297
309
337
352
385
355
416
220
384
378
688
409
363
399
401
409
331
406
457
412
375
1348
362
398
407
420
463
300
372
391
412
205
318
331
242
323
420
408
384
393
418
433
412
400
354
1350
379
397
409
44
242
393
443
408
320
407
416
407
421
1174
378
422
426
343
400
380
264
1326
368
138
392
414
266
374
372
300
377
360
290
407
417
319
422
373
417
347
407
403
426
393
305
1302
342
380
423
209
384
406
418
419
426
431
425
393
424
414
353
407
1156
360
299
354
239
1253
428
353
394
394
398
401
249
413
421
377
380
403
387
383
378
365
416
392
353
409
410
44
246
1263
373
407
395
409
389
386
379
283
395
379
411
360
396
402
400
369
410
415
395
1165
57
1015
395
393
425
383
419
406
445
360
347
414
363
352
365
378
415
401
363
388
424
414
294
395
1331
408
399
384
385
410
426
360
427
408
461
353
394
270
394
331
394
329
323
395
344
374
378
351
1975
384
398
419
374
381
301
342
327
362
426
356
332
371
54
47
41
72
413
381
395
1263
411
384
394
380
416
386
410
390
404
398
401
411
559
