136
323
175
2632
3284
5556
4103
4290
6004
4140
2232
6226
6219
6283
4928
4196
5927
4903
3875
5677
4386
3924
6308
4214
4176
6931
4281
4357
6458
4147
2475
2563
2503
3967
2555
2141
2396
3036
4127
2394
2413
2566
2609
4074
2555
2269
2525
2441
1550
4025
2435
2545
2573
2542
4259
2817
2543
2528
2519
4012
1777
2540
2538
2542
4071
2532
2450
2537
2503
2543
4160
2316
2550
2551
2576
4204
2412
2540
2505
2567
4075
2407
2569
2497
2554
2623
4079
2388
2420
2442
2524
4066
2116
1121
669
1052
1072
63
1009
1023
751
854
1975
940
1037
1047
1026
1318
1004
1035
1006
1035
1050
2030
930
1013
1020
1025
1031
982
945
977
959
1021
984
1900
913
1012
1016
1017
928
999
1015
1000
1017
1002
1044
2041
940
988
1044
888
998
982
1022
987
997
961
1001
1003
2099
751
959
1019
990
62
994
997
1000
1015
1033
1020
2018
1030
992
951
1008
979
954
1024
985
1009
990
1020
2031
940
1054
1011
916
1016
998
989
1022
1010
1025
1035
1029
1946
927
958
925
986
1039
993
1006
1007
1014
1013
956
1761
465
980
995
1004
1012
992
978
1013
1098
930
1065
688
1615
969
991
988
1008
1005
1001
1048
759
1005
1006
1003
1566
981
996
998
1003
1017
1017
1020
974
1064
925
966
1815
978
864
950
1007
945
997
926
1018
961
946
418
981
1982
1012
796
1019
962
942
1001
870
913
1020
854
963
1896
977
984
987
1004
856
992
971
989
651
966
1010
1984
949
974
974
1034
934
930
967
951
904
970
888
854
814
1920
918
1013
820
886
898
962
395
948
972
996
950
1954
952
969
1219
644
943
933
877
925
958
992
911
1807
845
962
924
959
1022
865
936
955
950
935
963
958
1911
852
811
927
949
817
941
956
966
933
975
961
916
1937
944
955
989
910
956
924
992
990
991
943
811
1781
956
1006
826
961
910
969
969
973
875
982
971
1980
974
968
910
954
988
976
974
1015
926
957
951
984
1625
868
942
952
975
977
986
941
976
980
980
992
980
1884
1004
952
944
1003
970
978
839
947
964
929
864
1376
959
994
986
952
1020
1046
912
1111
1185
68
632
1984
963
971
988
1034
929
973
991
960
982
1002
863
972
1912
987
931
937
951
958
980
983
985
989
929
984
985
1941
954
933
967
1004
969
990
955
969
877
990
997
1904
931
978
989
1006
955
994
992
1028
947
774
1020
2039
815
978
955
948
904
965
1003
988
861
985
1004
1031
1881
984
971
1000
1007
1001
996
984
923
1011
957
1013
888
1962
938
974
970
968
974
995
813
998
992
1009
1016
1811
1006
1034
884
993
977
972
1010
991
955
986
1006
1775
903
960
992
977
997
877
880
987
986
988
1000
1009
995
1894
870
976
928
973
960
967
957
961
993
984
974
2025
975
935
825
994
962
1013
933
991
1011
965
979
1875
966
768
915
405
957
953
998
945
956
969
993
977
1887
903
984
901
979
1360
982
970
978
1036
889
976
2006
54
524
883
902
630
933
698
547
59
204
672
1425
582
382
92
907
959
976
944
968
924
880
819
979
94
1256
753
875
803
727
757
847
57
79
63
59
669
1725
515
259
831
652
1785
1329
914
857
751
2097
427
873
909
915
852
899
827
695
223
598
546
618
1666
791
804
866
765
945
920
910
984
887
769
76
63
1472
889
802
886
924
1231
693
753
856
918
866
957
1845
781
917
916
1146
842
922
762
900
850
950
968
943
1808
925
962
1231
980
969
986
982
920
973
996
1010
1880
960
1024
871
968
941
951
402
894
942
972
964
969
1971
827
958
972
953
672
947
911
988
918
977
991
1999
892
959
973
1009
970
982
924
982
940
978
984
998
1867
968
954
953
928
988
809
1012
993
955
985
977
973
1993
957
973
989
997
946
1006
994
1013
1020
1004
1035
1963
1044
1058
1038
940
1040
1095
1064
1104
1021
880
1036
2063
973
1055
1066
943
1052
1061
1057
1052
1034
1052
1011
2101
1088
1021
970
1081
1023
1058
1037
1053
1041
1002
1035
2070
1053
938
1048
1041
1095
1035
987
986
1013
1086
952
2008
951
1040
1034
1064
1015
1081
1016
1013
1057
1046
2048
1006
1042
1151
935
1058
1066
962
1014
1087
1032
1037
1052
1890
1022
1015
1017
1021
981
1008
1032
1044
1043
1037
972
2089
952
1025
1038
1014
1020
1017
1049
1036
1036
1011
2036
924
1045
1002
931
995
1041
1026
1007
1020
1333
1013
2081
983
1021
1040
1037
1051
1065
1076
927
1037
1026
1004
1985
1026
972
893
934
992
997
953
1008
1021
1021
924
1010
2042
983
1022
1015
1016
868
1000
1015
1022
993
1007
1041
1690
947
983
1008
44
774
1016
1011
1004
1008
1008
1016
2021
1015
1044
964
966
1021
867
1019
977
1018
1027
1005
944
1989
999
994
966
350
960
995
1017
1015
1022
1024
1021
1916
1011
965
1023
1019
1017
1006
1012
982
979
993
1029
2008
951
956
1003
997
999
1037
978
1008
1018
998
1028
1000
1994
957
1016
997
895
878
1006
1014
1015
1000
1036
1043
721
1896
582
1000
1008
1007
1003
1011
1007
1003
1025
1023
1007
2025
926
981
983
1001
1038
995
1058
977
940
336
986
1806
1008
956
1000
1003
1001
967
1010
998
1230
