122
262
239
176
43
62
515
550
521
593
574
490
1714
560
617
627
550
438
697
593
596
590
636
642
568
582
481
515
1502
374
603
531
610
604
492
528
318
589
631
573
592
616
654
604
600
1509
448
485
78
41
565
569
635
676
570
602
624
653
670
662
621
608
575
1579
519
530
583
581
541
92
670
586
646
641
659
555
619
553
677
608
369
1478
508
642
481
534
618
607
603
619
577
583
568
568
628
610
696
587
480
1426
517
479
580
595
621
627
620
596
630
579
624
603
654
613
359
599
247
1647
610
612
636
609
554
538
617
632
654
587
600
602
470
240
600
1590
629
612
613
594
606
629
652
446
592
581
433
571
554
545
596
612
438
501
1633
579
603
539
624
589
589
594
624
609
576
604
568
553
1019
574
511
1687
563
623
555
595
564
581
594
625
554
547
592
629
605
608
593
572
398
1593
580
568
564
581
615
593
571
581
526
595
567
98
327
595
618
595
1585
544
570
507
605
602
614
513
512
426
425
518
500
519
507
582
457
420
493
1471
555
439
518
451
540
527
340
366
479
489
536
505
464
493
503
455
529
519
501
502
1461
491
512
476
312
490
424
514
525
290
527
499
483
471
518
459
536
463
477
1438
506
482
572
354
338
369
37
385
533
506
490
476
466
499
531
527
558
497
520
1481
490
412
424
455
369
461
401
492
477
528
498
458
484
490
463
519
533
459
514
487
1289
496
412
488
527
468
465
496
476
501
504
498
496
519
513
381
296
226
450
1288
426
475
502
508
525
97
451
520
520
506
525
487
510
519
512
473
402
402
461
433
1453
394
477
498
473
494
489
500
469
298
499
456
462
529
506
519
482
492
480
477
1304
443
508
507
522
502
499
514
540
480
484
448
486
371
491
468
486
497
531
1396
501
480
301
445
481
495
470
518
486
473
487
507
489
518
488
273
461
424
508
1463
481
505
489
507
516
516
475
450
449
516
480
497
515
481
513
543
358
493
475
1347
471
488
494
461
516
506
474
506
324
537
508
499
479
483
466
469
521
464
468
1514
394
460
420
497
531
519
495
345
468
447
448
500
515
498
409
480
493
522
453
1407
498
431
459
465
505
346
466
437
425
483
522
501
421
516
503
469
509
515
469
1414
450
470
499
510
513
507
468
495
542
500
463
345
517
520
502
456
527
495
454
486
1473
484
372
511
477
499
465
469
462
455
436
493
471
438
441
77
477
518
423
468
1401
485
403
404
470
441
516
463
419
510
480
508
514
517
480
478
467
500
508
1409
457
487
492
499
512
363
413
334
499
179
522
460
489
486
494
471
437
473
477
283
1471
483
464
503
496
437
321
470
489
496
419
477
494
431
462
369
472
478
474
1235
476
452
500
498
44
305
519
462
490
357
476
465
479
484
487
535
454
533
521
1413
499
486
490
515
445
501
488
538
492
455
458
469
383
470
453
502
510
484
509
486
1435
489
508
409
515
480
44
468
513
502
504
472
520
499
492
450
472
517
457
1263
487
398
473
256
487
442
487
493
401
531
456
471
487
487
492
519
510
458
447
312
1433
234
476
447
519
520
530
499
470
504
433
488
462
498
489
563
425
466
502
367
1267
490
487
473
510
345
487
491
497
487
415
462
464
473
517
505
404
517
477
1452
463
492
451
487
440
522
465
450
517
469
469
516
467
490
482
585
419
522
463
1351
502
508
511
497
498
513
465
494
491
464
478
508
527
490
460
525
465
447
297
384
1473
494
494
465
470
495
426
502
477
484
506
503
486
514
504
51
280
506
555
60
1078
314
449
500
517
498
486
518
494
465
515
520
47
89
517
458
527
321
384
253
431
1439
480
427
433
462
497
463
506
452
490
478
440
386
491
497
474
541
487
273
1454
448
495
489
486
481
475
488
526
432
478
509
449
150
410
472
481
528
506
192
1459
502
520
471
508
518
517
506
488
482
414
485
43
496
475
472
527
496
496
1320
456
516
525
507
456
523
471
509
458
316
248
450
504
475
435
483
497
514
457
321
1446
486
469
464
475
494
477
418
475
203
451
490
467
514
496
511
503
509
460
295
1484
486
506
510
502
506
498
41
513
502
477
476
484
502
510
504
499
515
460
1407
489
490
459
520
454
85
514
445
517
468
503
516
496
481
518
507
479
490
505
341
1456
472
517
100
495
338
516
423
500
482
448
488
510
494
474
468
502
505
503
293
1469
354
122
491
495
503
492
488
477
517
453
468
466
508
471
526
447
516
446
513
1421
419
484
490
510
445
466
511
422
457
499
375
455
501
475
498
512
525
497
49
485
1380
511
493
498
512
516
503
511
514
514
505
511
520
512
516
532
