181
234
249
181
48
50
43
39
49
42
63
56
46
58
43
42
37
36
46
43
45
38
37
39
39
36
34
30
31
30
29
33
30
29
45
29
29
29
29
29
28
28
29
29
29
29
32
29
36
32
31
30
30
32
29
29
30
29
29
29
29
29
29
39
34
40
39
35
35
32
30
35
30
29
30
29
48
29
33
33
37
32
31
30
31
29
29
29
30
32
29
28
28
28
31
31
29
29
31
32
31
29
32
29
29
28
29
28
28
28
31
34
47
28
28
32
32
30
30
28
28
28
28
27
28
29
29
31
28
29
29
28
31
31
30
29
29
28
28
28
28
27
28
27
27
29
31
28
28
28
30
29
29
28
29
28
33
30
32
30
34
33
33
33
31
28
47
29
45
45
143
28
29
28
28
28
28
36
36
34
33
32
31
31
38
36
35
34
245
33
33
33
33
33
34
36
33
32
34
33
33
42
40
46
136
35
36
34
33
34
34
33
35
37
34
37
39
38
284
40
34
35
34
33
34
37
34
33
33
33
33
33
34
32
33
33
37
38
36
34
36
34
34
36
40
37
36
36
34
33
36
37
44
41
59
36
32
36
31
30
500
30
53
31
32
34
30
29
30
29
33
31
30
29
29
28
29
29
28
28
29
28
27
31
31
30
36
30
30
31
29
28
29
29
29
28
28
28
29
29
30
29
34
31
30
29
34
32
33
30
33
33
31
29
31
30
31
29
32
31
30
30
30
29
28
27
27
29
29
29
28
44
28
28
29
29
28
32
28
27
28
32
33
31
30
29
38
40
29
30
59
98
30
29
33
32
30
30
167
29
29
33
30
32
30
202
29
30
33
30
29
41
44
42
40
39
34
268
39
36
52
36
35
34
32
32
33
36
39
184
51
39
36
55
35
36
36
35
34
35
33
33
32
35
35
35
35
42
37
39
36
36
37
35
40
34
34
33
35
38
44
37
36
32
33
38
331
37
43
56
35
31
36
32
35
35
40
41
35
33
34
32
34
91
47
59
33
33
38
35
35
35
34
37
34
53
36
37
36
34
31
31
34
34
38
34
38
30
65
557
27
27
27
36
28
77
31
52
54
263
26
167
33
35
539
446
479
32
29
34
31
30
57
35
33
30
52
30
29
30
29
29
28
27
31
29
27
30
214
42
43
28
29
43
27
27
27
26
31
27
49
27
28
50
31
30
29
31
28
27
28
27
28
28
28
44
35
30
30
28
27
27
26
31
34
30
29
28
29
241
29
28
28
27
27
30
27
167
34
30
29
28
31
29
32
28
27
28
28
26
29
28
27
27
26
26
26
26
26
33
34
30
53
29
30
29
29
28
28
27
30
26
27
26
31
30
29
28
28
27
27
27
27
26
32
26
26
30
27
26
26
26
26
27
27
27
31
28
31
28
27
30
27
30
29
28
77
27
28
28
27
27
28
26
26
27
53
48
28
26
27
26
29
28
27
26
31
36
32
30
30
29
30
29
32
29
30
29
29
29
30
29
33
32
30
28
26
26
26
26
26
31
33
32
30
30
33
30
69
28
31
65
57
34
29
31
28
26
26
25
30
29
27
27
44
33
29
28
26
27
27
27
27
27
31
27
28
30
26
26
26
26
26
25
26
28
26
27
27
32
35
29
29
34
31
27
27
44
27
27
27
35
32
48
30
28
28
32
28
30
59
30
31
32
65
29
29
28
27
27
28
26
31
79
28
36
32
32
32
32
34
31
31
31
47
40
34
33
31
32
36
34
32
32
31
31
32
32
32
31
31
31
31
40
36
30
33
29
29
196
28
31
27
29
29
28
28
27
28
27
27
27
28
28
27
30
27
26
30
26
28
28
28
27
28
27
27
27
27
26
27
26
28
32
32
28
28
28
45
27
26
26
26
26
25
26
26
54
31
27
28
30
33
29
32
27
27
26
27
27
27
26
52
36
29
28
29
30
28
29
29
28
31
27
28
27
27
27
27
30
27
31
29
31
28
29
29
29
28
28
28
30
27
26
27
26
27
27
27
28
31
29
29
27
71
26
26
25
26
26
26
28
30
52
29
27
28
27
27
28
27
27
28
27
30
27
27
27
27
28
28
27
27
27
27
26
26
42
43
26
26
26
26
29
27
27
27
28
44
28
27
26
27
27
30
29
28
27
37
32
48
51
47
28
45
28
28
27
28
27
26
31
32
28
29
27
30
29
28
28
29
27
28
27
31
27
30
27
28
28
27
26
27
43
27
28
29
27
27
27
28
27
28
27
30
26
28
28
28
27
37
