159
237
158
1740
3972
4012
5268
4043
3903
5523
4010
4038
3987
6423
3705
4013
5721
4070
4069
5558
4391
4695
5432
4265
3865
3943
5710
4010
4785
5530
4039
3981
4043
5480
4059
4175
6431
3908
3430
5644
4137
3846
5641
4950
4147
4085
5554
4013
4132
5698
5030
3839
3940
1843
1932
1995
1808
1943
2006
2947
1900
1826
1933
2567
1877
1938
2931
1886
1471
1692
1851
1855
1953
2845
1827
1893
1900
1752
2621
1823
2733
1793
1849
1729
1788
1870
1825
3179
1538
1865
2380
1296
2213
2559
2722
1796
1831
1793
1837
1753
1885
2895
1645
1872
1786
1969
1879
1755
3440
1779
1876
1791
1886
1699
1895
2896
1745
1848
1830
1967
1843
1787
1776
2860
2484
1662
1910
1783
1918
2919
1897
1896
1912
1468
1854
1960
1782
2831
1875
2370
1809
1879
1926
2927
1893
1895
1794
2046
1740
1860
1857
2859
1310
1822
2581
1803
1897
1882
2821
1562
1815
1884
1888
1894
1919
3168
1696
1759
1886
2473
1892
1831
2142
1811
1363
1478
1516
1344
633
1137
1742
1750
1547
1383
2164
1379
1937
1540
1597
666
1535
1701
574
1521
1272
3185
1657
2033
1151
1842
3212
1662
2179
1138
1116
1195
2697
1698
1486
1221
1727
1702
1088
1388
2526
2346
1948
1812
1814
1833
1763
2754
1762
1760
1800
1851
1886
1859
2923
2104
2579
1853
1861
1942
2862
1871
1845
1877
1293
1828
1889
1880
2920
1801
1901
2571
1935
1927
1909
2883
1802
1821
1892
1889
1931
1887
2818
1775
1896
1846
2583
1859
1853
2924
1837
1918
1816
1892
1922
1869
2804
1752
1868
1863
1900
1879
2580
2779
1749
1846
1868
1870
1904
1875
2870
1815
1898
1881
1325
1898
1923
3441
1808
1891
1903
1851
1918
1144
2746
1835
1957
1885
1800
1456
1865
2887
2521
1860
1918
1836
1095
1918
2807
1864
1671
1869
1690
1781
1827
1860
2771
2485
1822
805
1835
1893
2908
1745
1890
1851
48
1741
1869
1879
2662
1724
2519
1819
1848
1895
2807
487
1881
1892
1866
1834
1810
2880
1810
1816
1893
2574
1844
1831
1802
2756
1763
1850
1874
2024
1708
1912
2813
1517
1831
1875
2626
1501
1744
2730
1692
1797
1908
1816
1745
1871
2686
1747
1862
1932
1807
1852
2544
1955
1813
1969
1708
1705
1717
1853
1872
1860
1766
1819
1819
1867
1891
3346
1753
1725
1883
1827
1892
1770
2845
1834
1959
2036
1734
55
1533
2365
2462
1770
1886
1907
1841
1857
1794
2840
1973
1971
1974
1857
1820
1632
2711
2531
1931
2002
2063
1869
3035
1962
1998
2010
1997
1973
1906
2510
1871
2665
1888
1856
1825
3031
1978
2011
1989
2040
1930
1913
2885
1956
1804
2651
1898
1877
2990
2013
1956
2005
1943
1923
1799
2901
1876
1942
1927
1985
2610
1774
3006
1764
1927
1926
1956
1852
1236
1112
1798
1501
1638
1913
2391
969
2360
1332
1473
105
434
1845
131
1327
1551
1163
1116
1319
1178
3768
1784
1534
1634
1822
1256
1779
982
1771
1700
1764
1634
2110
1472
1392
1807
2093
1542
1252
1421
2529
1358
1559
1761
1576
1562
1178
1484
2171
1009
225
2464
1831
1614
2497
1608
1667
1787
2149
1615
1797
2752
1802
1824
1969
1992
2486
1849
2855
1756
1739
1622
1756
1864
1873
2887
1805
1884
1379
1715
1888
2549
2909
1802
999
1836
1800
1874
1843
1871
2867
1699
1672
1806
1881
1879
3589
952
1781
1812
1637
1852
1815
1896
2413
1828
1902
1739
1922
1853
1829
2374
1837
1691
1826
1861
1892
3111
1879
1887
1895
1834
1885
1902
1128
2909
2404
1667
1743
1849
1799
1787
2516
1668
1746
1893
1949
1795
1878
2898
1818
1784
2667
1776
1849
1918
2805
1870
1786
2094
1844
1726
1835
2726
1865
1823
1954
2542
1897
1904
2806
1889
1793
1954
1812
1860
1910
2551
1852
1835
1905
1907
2591
1913
2697
1847
1800
1869
1851
1862
1877
2921
1881
1836
1942
1417
1849
2570
2976
1493
1781
1833
1833
1817
1906
1788
2757
1796
1874
1897
1917
1853
3444
1870
1828
1913
1828
1887
1892
2880
1831
1832
1897
1911
1888
1824
1890
3581
1686
1956
1846
1880
1854
1770
1979
1819
1869
1884
1882
1904
1904
2961
2540
1846
1882
1865
1932
1871
2153
1665
1732
1795
1864
1870
1908
2828
1835
1882
2583
1852
1858
1877
2971
1676
1783
1816
1863
1857
1906
2684
1825
1910
1895
2593
1869
1944
2193
1697
1876
1852
1897
1931
1839
2889
1781
1894
1895
1291
2600
1867
2766
1802
1909
1880
1661
1791
1892
2957
1829
1904
1921
1741
2004
2602
2837
1517
1943
1882
1842
1871
1866
2874
1796
1866
1831
1889
1871
1819
3526
1837
1881
1912
1810
1903
1879
2980
1683
1842
1890
1844
1909
1871
1900
3559
1593
1787
1863
1559
1888
1925
2854
1831
1906
1896
1898
1808
1498
2743
1897
2646
1847
1818
1904
1865
2527
1869
1957
2107
1674
1836
1937
2764
1807
1903
2597
1851
1955
1925
2681
1864
1914
1909
1967
1975
1875
2722
1965
1984
1954
2700
1922
1904
2873
1916
1952
1911
1960
1973
1917
2996
1954
1995
1915
2658
1967
2907
1876
1933
1895
2040
1807
1943
1903
2981
1925
1651
1932
1948
2631
2827
1719
1842
1911
1892
1915
1856
2957
1926
1939
1972
1953
2125
1722
3571
1814
1887
1929
1942
1952
1939
2986
1867
1431
1938
1941
1938
1913
2964
2573
1823
1872
1958
1908
1830
2899
1926
1883
1825
1943
1780
1729
2912
1817
2580
1909
1886
1859
1822
2825
1913
1754
1954
1866
1611
1740
2897
1854
1859
2732
1627
1836
1880
2877
1862
1975
1820
1889
1795
1876
2963
1937
1914
1888
2475
1879
1923
2821
1849
1846
1863
1827
1881
1854
2826
1640
1788
1848
1822
2668
1800
2698
1864
1881
1866
1855
1916
1905
2966
1783
1879
1951
1632
1869
2603
2922
1882
1951
1769
1847
1927
1903
2867
1821
1076
1743
1729
1874
1883
3478
1811
1790
2091
