145
290
229
206
50
50
48
46
46
51
163
167
59
179
179
176
172
178
178
160
155
208
153
47
237
165
177
176
177
177
163
176
177
181
173
178
86
165
310
52
114
174
153
186
178
176
180
172
168
178
180
175
175
176
171
94
52
56
48
50
45
175
173
170
176
166
185
186
167
182
231
90
86
98
172
175
168
172
178
178
179
164
171
169
177
182
178
197
208
139
77
167
175
169
178
166
166
177
180
179
138
183
177
189
162
228
177
149
191
118
106
174
179
163
177
177
177
177
177
188
85
172
163
176
177
176
181
175
162
176
193
74
154
179
172
178
197
217
145
177
166
175
168
174
165
186
192
107
110
119
186
172
189
127
237
177
170
171
177
177
162
183
183
125
145
176
176
174
188
117
245
150
152
177
172
176
175
170
174
175
177
167
184
182
105
186
216
146
177
174
176
176
162
183
178
169
177
149
190
178
179
190
179
208
175
44
154
174
180
175
176
176
173
177
178
176
176
150
111
106
150
167
182
177
177
177
165
182
175
177
176
181
182
170
53
150
127
125
109
137
132
177
174
175
180
177
176
178
177
173
185
112
250
150
110
78
150
130
123
79
134
54
94
121
109
127
75
136
337
161
111
173
169
46
49
45
45
44
44
45
45
118
127
147
144
191
78
78
59
74
118
117
46
96
89
84
84
50
99
127
82
94
98
50
83
78
78
87
50
119
95
52
48
47
46
47
53
51
50
48
48
51
253
120
108
100
129
129
125
127
127
127
128
117
45
105
47
111
233
54
50
105
117
118
123
121
117
128
127
67
132
126
128
118
122
127
129
139
153
51
104
131
55
45
47
45
45
44
45
44
44
68
124
124
127
127
91
156
76
110
133
77
100
124
125
115
113
123
62
116
125
128
122
128
204
145
97
63
136
138
119
86
59
95
121
109
131
126
121
128
117
129
48
69
66
62
69
69
82
79
52
119
65
55
75
56
48
47
47
46
48
45
46
46
120
85
89
56
48
48
45
50
45
45
46
45
96
225
109
48
53
66
127
123
57
124
125
126
92
129
126
56
49
50
47
46
48
47
47
77
77
79
46
77
61
94
88
51
46
49
46
46
46
45
52
52
51
52
69
122
109
125
117
126
127
75
126
124
127
126
127
170
84
52
81
52
52
52
62
53
48
45
52
110
110
127
126
90
126
123
126
126
145
52
170
90
126
114
128
127
48
44
130
127
126
68
125
125
125
128
125
51
155
113
92
110
86
119
124
128
127
125
127
116
128
127
91
119
126
145
80
253
106
125
123
121
115
127
115
49
64
133
102
131
127
126
62
126
114
135
109
47
79
53
91
121
67
63
84
80
83
76
78
77
45
46
46
45
50
44
45
60
48
46
61
51
47
79
55
47
78
122
127
126
128
141
149
47
93
144
81
83
54
78
119
124
112
118
89
111
126
123
126
136
51
138
94
125
125
120
125
126
126
110
128
125
44
44
46
44
79
121
136
96
155
132
142
81
81
54
48
46
114
124
129
123
125
126
116
128
120
56
92
93
129
116
126
125
123
126
127
115
127
131
69
122
125
128
120
128
50
75
119
127
116
124
141
48
46
53
117
73
126
126
127
119
126
116
138
101
140
137
132
102
118
134
116
134
81
47
77
92
83
82
121
126
130
241
92
86
127
123
127
116
129
125
52
121
121
94
130
130
71
121
126
138
51
142
103
79
79
54
79
117
86
80
82
45
96
71
122
122
128
127
135
101
173
126
129
118
119
120
117
128
127
45
47
44
105
117
126
125
126
45
247
106
126
141
83
79
54
78
122
130
116
125
53
47
52
45
45
53
47
125
113
124
126
123
117
128
118
118
127
127
48
45
44
47
44
83
136
102
159
128
137
50
80
50
47
99
123
122
128
125
121
116
135
115
46
93
141
74
126
124
135
118
124
122
127
126
121
114
129
126
87
79
49
101
54
47
46
45
44
45
87
123
125
126
67
122
110
130
125
126
127
126
137
83
142
93
219
81
79
77
81
45
53
87
117
126
128
118
131
121
112
54
128
104
123
114
126
124
129
125
96
133
128
46
104
125
57
141
130
140
99
149
94
128
117
125
127
114
130
127
126
126
128
128
118
130
134
81
87
98
106
135
114
127
116
131
129
110
128
129
47
44
44
115
122
124
140
50
51
113
130
82
74
71
68
99
87
87
98
68
92
95
94
96
92
76
164
92
97
94
91
94
85
91
96
45
77
85
51
88
90
97
95
61
115
238
115
89
46
68
54
53
45
45
44
45
114
