148
310
191
7766
11932
12392
12318
12273
10272
11756
12427
12293
10225
12133
12255
12221
10276
4767
2721
2791
2745
2744
3880
2769
2837
2811
2772
3837
2779
2827
2796
2740
3788
2794
2677
2772
2721
3367
2722
2789
2950
2592
3914
2639
2520
2652
2745
4531
2564
2742
2840
2696
3854
2653
2582
2609
2563
3695
2774
2806
2791
2765
3779
2757
2808
2800
2847
3617
2669
2734
2748
2721
3801
2738
2620
2767
2543
2555
3198
2510
2551
2266
2493
3481
2448
2591
2430
2271
3450
2410
2785
2469
2325
2697
3079
2353
2426
2445
2404
2480
3521
2435
2500
2581
2339
3303
2220
2147
2196
2272
2242
3235
2196
2022
2333
2467
2526
2349
2451
2464
2452
2483
3398
2411
2408
2461
2537
3333
2367
2326
2498
2431
2410
3329
2593
2415
2427
2396
2324
3426
2219
2491
2102
2482
3405
2528
1998
2510
2405
3047
3448
2471
2416
2478
2464
3422
2402
2297
2458
2390
2518
3335
2516
2497
2485
2497
3560
2291
2411
2530
2505
2452
3402
2473
2446
2472
2453
3469
2439
2636
2486
2541
2445
3529
3131
2447
2505
2519
2942
2418
2583
2436
2521
2428
3464
2472
2837
2517
2515
3478
2484
2505
2556
2435
2497
3482
2505
2547
2721
2517
2589
2968
2487
2500
2436
2511
3549
2536
2465
2236
2445
2508
3473
2547
2516
2500
2477
3562
2486
2411
2506
2334
2267
3064
2065
1316
2517
2365
2518
3145
2352
2283
2404
1117
2403
1625
1567
2017
2493
3306
2191
2340
2342
2526
3015
2211
2237
2310
2370
98
441
1032
2439
2359
2478
2454
3006
2433
2463
2668
2431
2230
3257
2514
2734
2437
2474
2679
2526
2572
2481
2450
2431
3320
2483
2454
2493
2037
3530
2413
2505
2508
2461
2513
3476
2471
2486
2410
2579
2583
3292
2472
2453
2475
2557
3373
2496
2915
2429
2520
2580
3408
2487
1242
2553
2390
3528
2417
2483
2724
2321
2454
3406
2491
2446
2539
2465
3500
1955
2452
2464
2533
2560
3516
2525
2571
2410
2555
3558
2456
2534
2426
2567
2584
3516
2576
2524
2609
2730
2491
3504
2486
2527
2620
2656
3585
2340
2513
2802
2442
3628
2569
2649
2531
2670
2256
3562
2833
2468
2723
2737
3566
2419
2537
2652
2482
3564
2645
2481
2626
2691
2618
3988
2510
2612
2496
2614
3518
2517
2632
2515
2529
3638
2387
2401
2524
2535
2507
3405
2399
2591
2607
2635
3484
2472
2550
2494
2427
3563
2470
2381
2572
2632
2579
3567
2416
2553
2564
2608
2623
3461
2512
2565
2529
2535
3053
2236
2564
2270
2492
1605
3185
2374
2531
2380
2106
3309
2438
2452
2457
3177
2395
3456
2326
2421
2296
2228
3344
2303
2452
2365
3187
2322
3264
2538
2193
2328
2540
3222
2386
2161
2419
2139
2731
3462
2243
2508
2536
2570
3403
2612
2533
2540
2504
2434
4033
1002
2488
2472
2535
3386
2370
1911
2494
2463
2502
4074
2389
2433
2502
2511
3361
2328
2393
2515
2586
2478
3392
3021
2479
2492
2475
3457
2434
2490
2454
2517
2504
3381
2402
3165
2565
2015
3389
2418
2522
2517
2540
3591
2352
2493
2490
3069
2494
3452
2358
2528
2494
2490
3587
2252
2507
2493
2521
2512
3516
2295
2539
2536
2410
2460
3165
2429
2614
2455
3070
3391
2214
2512
2531
2584
2414
3302
2420
2476
2770
2450
3820
2461
2369
2491
2504
2656
3212
2427
2466
2452
2477
3422
2392
2472
2465
2492
2481
2925
2367
2503
2452
2609
2336
3388
2347
2497
2548
3042
2132
2372
2407
2439
2470
2527
3291
2400
2428
2499
2477
2583
3355
2314
2522
2510
2527
3333
2410
2947
2450
2401
2485
3333
2381
2528
2565
2418
3490
2331
2384
3029
1849
2539
3490
2458
2489
2454
2475
2467
3273
2408
2185
2449
2470
3408
2471
2439
2489
2425
2530
3470
2344
1852
2505
2515
2546
3337
2461
2556
2015
2397
3229
2099
1994
2328
2408
2286
3168
2451
1865
731
2014
1408
2729
3358
2383
2603
3024
2654
2362
2327
1768
2521
2869
2516
2233
2387
2284
2477
3198
2400
2630
2437
2496
3306
2084
2594
2542
2570
3485
2517
2525
2586
2537
2538
3543
2514
2578
2611
2403
2578
3506
2461
2540
2584
2597
3492
2445
2546
2548
2371
3567
2388
2451
2935
1965
2606
3498
2481
2629
2539
2548
3588
2493
2520
2503
2535
2559
3336
2514
2598
2598
2584
3602
2475
2582
2632
2517
2477
3444
2506
2597
2579
2631
3243
2495
2556
2551
2524
2599
3215
1947
2493
2497
2552
3416
2456
2502
2543
2562
2541
3274
2570
2571
2442
2548
2523
3372
2317
2548
2588
2446
2949
2507
2375
2509
2526
3089
2472
2556
2543
2577
2323
3688
2490
2502
2558
2508
2393
3367
2526
2545
2489
2561
3399
2535
2521
1663
2526
2592
3405
2566
2429
2510
2570
3461
2503
2573
2499
2510
2458
3407
2584
1832
2448
2509
3530
2461
2555
2549
2497
2355
3503
2496
2525
2507
2542
2349
3533
2446
2482
2510
2430
3497
2433
2495
2546
2521
2489
3297
2412
2533
2488
2417
2484
3112
2502
2518
2473
2468
2422
2443
2539
2540
2464
2456
3323
2510
2492
2459
2488
2524
3436
2500
2510
2407
2484
3489
2528
2558
2478
2443
2503
3483
2529
2391
2445
2505
2264
3364
2483
2384
2555
2321
3415
2360
2441
2406
2346
2467
3527
2441
2045
2511
2586
3524
2473
2496
2496
2550
2743
3456
2479
1361
2527
2523
3493
2418
2556
2301
2414
2369
3474
2761
2476
2425
2536
2442
3464
2407
2479
2428
2994
3035
1704
2511
2485
2506
2538
3436
2498
2453
2513
2505
2544
3512
2589
2439
2514
2131
3546
2387
2180
2561
2489
2474
2929
2238
2422
2494
2661
2366
2644
2478
2436
2462
2514
3424
2479
2529
2478
2470
2532
3465
2535
2357
2499
2591
2432
3367
2421
2446
2966
2435
3312
2496
2445
2499
2451
2409
2756
2378
2425
2509
2608
3460
2444
2550
2466
2565
2564
3437
2554
2514
2486
2529
2524
3438
2013
2523
2474
2477
3534
2392
2750
