187
328
173
198
52
46
41
34
45
37
45
37
57
155
188
247
203
189
190
157
1272
143
171
221
105
187
225
190
182
192
169
193
36
52
110
218
123
189
199
179
241
48
63
71
160
183
55
97
149
152
249
51
42
40
778
51
91
144
78
67
44
37
39
37
45
53
197
185
155
157
187
907
179
151
42
37
36
33
181
196
195
196
194
197
182
135
202
104
194
196
773
141
130
211
145
41
148
193
157
199
212
168
90
227
146
202
56
172
287
44
102
63
63
40
169
189
221
189
918
172
218
198
185
50
167
216
680
185
157
226
160
180
157
110
185
199
208
131
206
161
148
161
136
182
192
170
198
157
187
117
146
161
194
181
169
209
194
164
184
193
181
198
582
195
201
193
187
192
174
165
137
206
177
229
50
148
215
151
184
189
204
160
186
223
228
143
212
215
180
232
205
180
632
198
136
172
899
51
119
39
39
1119
166
184
177
76
126
35
36
34
192
154
206
151
178
214
190
232
200
158
215
206
201
240
202
209
216
171
227
176
179
209
155
37
35
603
70
166
170
102
147
156
217
154
203
195
182
218
176
216
178
200
236
211
195
132
171
170
233
185
161
221
175
203
233
146
175
179
168
115
156
237
32
203
1106
142
191
174
165
195
226
93
114
116
169
176
152
238
91
156
112
172
191
200
207
185
215
190
211
150
219
184
176
192
191
158
216
171
165
93
45
550
57
53
41
130
233
155
192
188
205
159
163
181
127
190
193
196
168
178
203
152
188
176
170
212
182
223
163
187
136
40
36
39
34
33
146
122
78
666
128
184
900
143
222
122
169
209
112
160
230
179
232
168
224
170
232
206
202
203
180
220
42
36
43
66
67
202
218
193
174
83
704
167
176
173
171
187
195
208
205
47
202
196
198
190
194
184
228
125
213
199
181
72
100
56
191
208
163
223
176
193
181
175
185
160
176
200
200
199
190
753
159
172
205
50
141
157
173
210
158
203
176
209
181
189
135
123
192
214
45
83
143
182
201
184
170
122
212
183
183
196
186
970
152
165
191
157
183
91
1299
138
179
165
160
181
180
209
173
210
177
58
48
41
83
154
70
182
40
174
195
210
161
181
210
69
195
151
207
142
185
126
87
823
166
159
209
176
166
187
157
223
169
185
179
156
197
137
207
112
187
155
132
121
157
171
226
148
120
115
191
163
129
128
117
162
156
217
55
39
618
80
226
77
124
44
94
66
46
41
45
43
36
36
37
35
743
38
69
152
167
184
179
163
171
150
179
115
180
128
170
178
181
187
99
197
190
127
161
863
34
83
104
142
145
101
171
169
121
175
33
32
90
182
159
147
170
195
176
156
164
210
217
171
173
182
199
191
198
198
195
166
200
243
83
205
137
157
550
39
48
157
128
161
198
133
43
117
170
159
169
176
87
699
175
116
189
127
896
132
116
132
149
161
182
135
89
170
172
170
185
78
90
167
50
166
102
795
186
145
194
160
178
36
124
134
175
172
152
173
35
32
38
435
154
185
168
158
184
181
201
159
197
181
175
191
160
110
150
168
214
37
40
564
102
80
168
169
173
178
181
169
171
99
193
160
165
182
163
184
178
171
199
192
179
140
176
175
120
179
38
102
187
43
134
370
31
276
91
77
255
171
118
228
53
793
145
33
212
192
35
339
31
199
108
43
52
36
39
34
31
71
193
151
194
171
930
203
45
45
39
36
40
54
87
153
185
188
75
174
222
34
188
51
684
156
109
186
183
190
205
171
147
194
150
162
172
176
179
211
145
141
63
169
185
178
64
167
174
179
193
171
189
191
175
191
197
180
200
180
149
224
139
193
103
156
267
157
189
110
182
202
153
201
182
170
217
104
193
184
192
185
188
173
183
128
181
150
191
887
170
176
164
194
179
199
169
133
153
174
166
136
232
164
169
628
166
183
202
145
189
156
212
169
164
174
136
168
183
91
200
128
197
199
163
197
155
193
171
183
208
155
179
216
31
191
180
207
180
76
179
238
143
182
145
128
644
165
189
134
225
122
138
90
155
146
203
167
176
142
181
201
150
174
182
167
177
181
175
178
170
202
907
193
117
177
91
196
154
66
202
112
177
87
191
631
50
45
102
167
125
180
191
176
188
172
210
169
163
189
182
148
191
182
198
168
177
197
176
197
36
111
174
38
68
171
186
203
155
159
211
176
130
43
37
111
578
84
182
163
120
166
174
140
184
170
206
167
146
187
165
183
211
146
203
151
173
33
93
151
164
203
124
175
178
925
162
198
134
204
179
