134
250
1149
237
58
239
1108
1143
1149
1166
1221
2307
1053
1135
1169
1136
1110
1154
1231
1016
1181
1005
2290
1012
1765
1134
1099
1169
1168
822
1158
1173
2413
844
1126
1154
1045
1117
1159
1138
1091
1097
765
1965
934
1045
1485
898
1283
1053
1025
1001
2264
1564
1474
1663
1661
1697
1397
1293
2700
1356
1571
893
2468
1196
2513
1260
2630
1709
1484
1636
1534
1569
1621
2713
1664
1690
1641
1588
1654
2247
3560
941
1528
1291
940
1030
1135
973
923
1003
1986
991
1035
1032
1149
749
979
1014
1020
957
1063
1001
1786
965
1765
927
950
922
1021
1038
898
999
974
917
1939
854
1048
1032
1022
1013
982
989
983
1047
969
978
1919
949
1009
1736
1046
952
945
1013
1050
1006
977
1506
884
830
941
992
1019
1031
1007
939
836
511
944
1899
1076
893
1004
1511
1639
870
1024
908
920
981
939
1761
932
953
878
868
990
944
1001
295
993
1000
964
1924
1010
1023
978
988
1533
2032
915
1026
488
824
2012
429
1001
996
976
926
1020
1006
1038
1006
1013
987
1877
991
1031
1021
902
980
443
999
963
1696
1018
1022
1714
994
1006
966
969
980
1008
987
983
1000
1015
991
1806
943
1000
839
995
984
919
989
1101
1362
1079
2571
922
1031
957
1208
426
989
1018
1013
1004
986
1025
1890
669
925
959
921
995
1017
1040
960
960
1041
901
992
2454
956
955
858
919
1281
706
979
882
978
1122
502
1950
818
969
1013
1020
1028
1017
990
890
1077
917
787
1893
1011
1688
956
990
1014
934
943
948
911
923
1941
873
928
956
988
1002
1017
1048
670
977
944
1018
928
1550
957
994
1707
960
776
980
839
958
999
1008
955
821
1831
970
1008
1285
745
925
956
989
981
990
1001
1924
973
979
1033
1564
559
945
983
1024
732
994
1892
922
987
967
903
902
989
977
980
997
1068
920
1885
790
971
974
879
942
914
1696
935
970
969
994
2065
707
822
976
942
985
1018
1015
957
971
932
936
1731
861
836
947
980
1000
978
1329
1587
951
978
1924
757
734
1103
845
988
982
1087
944
929
1011
979
1813
810
949
964
964
717
884
941
994
950
1158
1508
1419
866
960
870
946
960
913
957
1313
922
858
829
1654
921
885
952
999
1009
896
976
1018
612
863
735
2545
765
976
973
951
958
1012
913
956
962
1186
833
1819
973
968
1004
995
1034
911
903
909
911
1016
963
1838
944
1630
998
1043
1002
862
983
940
1021
1009
967
1936
1019
1049
982
882
945
959
899
929
942
998
969
1884
912
1036
1641
983
962
982
1004
922
978
997
955
1899
1046
914
987
945
883
949
919
943
1024
956
851
1913
825
878
819
900
1623
892
955
949
928
903
884
1930
979
1078
844
943
985
1004
999
990
58
525
969
1857
856
533
53
796
870
1252
667
236
605
796
541
1669
691
813
628
828
788
920
713
842
878
309
593
472
217
486
767
623
223
83
492
99
417
673
764
2614
1007
927
976
1034
722
855
762
912
881
1658
512
601
866
216
882
787
804
954
852
845
1482
1780
600
75
69
62
364
930
915
932
946
998
951
1708
834
916
1226
912
965
884
963
991
976
965
1065
1775
1033
754
894
962
1213
788
982
993
1007
1026
1906
475
960
965
1028
938
971
745
948
973
992
991
968
1879
821
949
1625
926
931
858
892
883
959
977
732
1897
910
968
965
956
961
995
989
1018
985
856
844
1738
945
931
950
1593
949
948
995
847
930
897
1845
969
967
985
1090
962
898
917
908
788
883
942
1746
1056
1012
860
952
1016
1734
1058
869
1005
1057
571
1982
1026
1008
1019
1067
1067
842
978
982
1334
722
1816
1001
918
1016
1014
877
925
1016
1822
1000
1014
2031
1034
1071
1118
1078
865
591
1084
947
1033
953
984
2010
1102
1121
984
1036
966
1046
1714
985
1742
1808
1001
1087
986
945
1028
1014
1063
969
1064
1006
1790
1031
1045
1070
983
1052
1023
1110
942
975
1531
1023
2636
953
988
1030
1048
1537
586
904
973
1020
964
1970
1024
986
1102
969
1063
1036
1012
990
1002
976
911
1960
1630
946
1013
1049
872
960
971
997
1320
602
1953
1180
737
966
1006
1251
670
1008
1020
1010
1069
916
1921
849
996
1707
973
936
921
996
1061
946
984
1980
144
980
1008
1013
1034
966
757
964
962
974
989
1951
877
968
986
1009
1594
1081
858
955
1009
993
1727
629
1008
956
1074
898
972
1000
947
987
998
1000
737
1758
998
967
1001
958
861
1613
893
975
697
1223
1642
977
975
972
978
893
945
940
937
983
988
966
1856
831
949
963
1201
780
975
708
1913
1275
429
263
1878
890
929
950
952
457
985
1002
1005
1014
926
950
1914
947
991
996
977
986
999
996
986
899
1610
1619
948
986
1262
749
933
970
984
914
1004
956
978
1670
883
907
908
882
948
953
745
892
1020
908
966
2235
930
988
895
962
904
965
907
1025
1028
862
1007
1684
1094
809
892
1123
806
916
1003
979
977
1013
825
1751
1634
847
1027
871
847
958
968
989
954
982
1925
691
808
946
946
998
868
852
944
969
973
953
927
1908
921
1220
1034
579
944
815
869
936
945
947
1853
930
1062
