139
291
196
223
45
63
61
210
475
267
1757
378
426
436
422
482
268
423
560
427
347
452
410
444
478
385
457
211
1510
473
455
473
499
508
450
402
380
614
529
235
421
441
425
538
453
485
536
283
1751
502
534
734
342
290
468
465
240
272
178
475
454
489
435
429
425
435
1271
436
1710
382
472
512
139
623
635
571
237
391
498
398
224
547
1084
64
215
498
482
492
1734
297
58
415
341
216
283
451
126
268
335
359
446
397
382
357
280
409
376
425
345
1920
949
332
368
458
505
112
416
442
376
426
389
943
52
201
268
320
306
463
337
1645
300
208
557
195
442
457
400
564
290
443
387
425
411
460
459
425
322
429
415
124
1697
386
414
337
1275
367
461
537
347
445
467
372
465
457
344
453
399
219
358
1675
350
238
488
400
498
505
477
372
484
504
452
429
527
440
389
478
368
383
379
1629
367
445
400
427
442
404
433
465
1287
420
423
336
430
525
58
272
169
448
59
1668
374
427
315
351
483
427
371
415
421
461
391
122
427
390
380
383
349
452
235
222
400
1693
223
347
335
403
424
473
346
473
330
65
1100
414
442
389
296
392
383
394
1669
294
316
447
322
252
329
229
355
224
178
334
46
351
349
211
333
133
265
252
293
265
224
197
1356
196
310
256
261
250
264
40
224
261
292
310
54
43
238
250
334
233
983
64
196
306
176
393
1178
312
319
265
297
320
86
53
95
54
140
71
137
263
297
299
175
317
283
139
225
276
202
63
223
1141
313
225
276
302
485
220
266
359
66
306
78
303
258
188
402
209
336
348
289
315
973
259
1352
325
260
248
325
339
448
158
306
273
274
277
261
213
215
324
322
303
379
222
201
280
272
278
195
1269
271
386
249
261
293
58
295
256
343
356
286
207
314
330
290
235
283
350
323
389
221
395
335
1206
465
802
279
51
223
198
366
291
289
252
257
258
332
324
246
297
296
323
309
344
331
369
60
1356
241
403
139
361
352
294
327
280
288
374
282
360
367
332
334
352
365
403
272
309
333
331
360
208
329
1402
229
389
218
989
316
298
343
304
324
349
365
347
353
341
495
266
372
404
326
366
360
349
50
39
1204
309
362
391
350
381
336
317
385
346
365
391
374
357
370
338
338
368
427
253
346
48
1358
227
287
278
348
421
286
368
385
1064
290
328
345
362
304
315
322
351
366
357
361
303
137
1260
288
360
356
344
360
369
371
381
350
377
364
350
371
312
323
331
321
333
308
456
270
336
46
64
221
281
1241
306
377
231
318
324
345
333
373
233
352
1046
354
334
367
370
341
372
303
320
473
42
294
1351
346
371
377
322
376
306
241
321
316
363
375
333
339
395
275
373
307
351
354
358
317
363
376
1341
340
311
366
363
378
379
302
369
361
294
382
311
382
365
364
1079
170
309
287
367
357
424
314
1353
373
330
312
273
319
309
373
392
373
280
355
371
336
393
136
264
349
307
343
370
299
358
339
239
1320
327
123
302
323
291
341
346
320
307
320
346
325
374
47
41
147
293
281
1040
326
350
363
100
1304
328
327
339
340
343
319
360
352
303
358
301
367
352
303
369
375
361
371
379
365
371
307
540
193
1365
350
365
315
349
370
371
378
376
354
369
133
370
302
562
158
349
382
374
298
350
325
1269
73
1387
303
337
396
359
340
355
371
374
44
293
309
372
374
372
382
342
345
410
325
313
332
347
151
1342
307
339
337
304
295
333
443
46
82
359
300
364
441
305
385
320
370
333
213
323
365
364
371
303
1357
1005
350
327
103
387
282
357
350
370
352
353
365
384
357
364
335
355
368
378
378
370
362
339
1397
347
336
122
331
310
370
346
374
387
346
371
470
308
321
369
375
371
379
360
384
372
378
206
1397
168
385
294
388
1042
377
369
379
383
384
62
265
332
361
268
374
367
371
395
318
360
374
279
385
1501
294
228
455
312
422
409
323
476
365
419
912
39
59
337
317
360
394
49
41
39
370
340
313
1408
44
315
331
337
376
379
337
1027
314
363
373
377
439
303
379
372
379
384
363
392
379
38
1398
316
341
358
367
384
342
358
373
374
342
366
265
351
374
382
340
350
357
378
310
378
381
346
214
314
1372
336
229
288
266
240
275
368
328
374
319
1087
355
382
378
210
373
378
372
386
318
378
1454
181
323
339
298
175
46
122
352
367
371
364
327
254
349
325
350
398
385
329
348
173
316
347
310
363
1388
349
374
557
185
382
398
274
364
339
358
448
289
346
321
1057
328
366
238
363
355
326
352
1393
327
340
368
369
424
310
362
328
394
301
345
328
358
358
326
341
271
328
362
165
358
326
392
