122
263
201
5431
12113
12469
6449
12543
7012
11666
12588
7087
11743
13516
7184
11278
12491
6452
11821
1564
941
56
791
2023
1062
1069
956
1110
1159
1142
1144
1225
914
1039
2195
1110
1123
1026
986
1027
1040
1002
1136
989
1147
2284
990
1075
1127
1078
1001
1111
1131
1138
1183
1088
1075
2024
1089
1106
1115
1011
1125
1201
461
1091
1138
1066
1110
2188
1112
1058
1143
1083
1096
1082
1102
1025
1098
2179
1093
1009
1137
1096
1057
1140
1105
844
771
1101
1106
2180
994
1085
1104
1107
1099
1318
1083
1099
1095
1112
1981
1046
1063
1061
998
1064
1048
1064
1103
1528
1105
2123
1040
1060
1085
1145
996
1038
1085
1075
1127
1043
1021
994
2061
1074
986
1021
1063
1055
1096
1056
1126
1071
942
2130
1003
1063
1057
1076
1102
1095
1110
1111
1118
1081
1998
805
1078
1047
1084
1047
987
969
990
954
949
985
1847
918
967
981
967
959
991
1008
989
948
1015
1020
564
1808
997
945
1003
992
1031
1017
985
944
986
991
871
962
2003
976
993
991
1002
1006
1000
957
1015
1018
914
983
2068
941
968
982
987
955
971
927
53
836
970
995
2000
995
1004
1000
1036
900
993
940
1034
938
996
926
869
969
2017
975
1001
1005
977
920
903
956
957
975
1027
1004
1989
957
983
978
1080
819
1022
958
957
941
998
916
1931
959
1029
911
820
747
986
661
927
979
1023
915
2003
950
1014
925
910
967
55
823
964
979
969
985
992
2054
917
977
940
612
957
986
988
986
992
978
1012
987
1999
950
914
952
960
995
983
995
998
991
1006
1017
1730
950
931
988
1040
964
995
1026
972
959
973
874
960
1949
798
943
911
959
975
990
983
994
994
1002
897
814
1923
981
955
978
1001
1011
983
1016
991
935
977
924
1924
954
984
949
990
999
995
982
998
1001
1001
934
1120
945
1000
924
981
982
992
953
967
995
993
897
997
1995
993
976
994
1040
968
970
973
967
940
949
983
48
1650
974
1019
958
944
976
975
965
917
964
982
986
1693
949
954
819
962
960
968
980
857
993
939
991
944
2016
927
912
962
982
1005
896
939
1000
1021
962
997
1953
923
971
983
947
965
984
933
479
973
972
1003
2008
936
957
964
990
980
989
933
986
989
1038
982
924
1931
962
996
970
948
917
928
1003
953
997
962
1009
993
1961
986
935
987
969
915
983
986
1013
965
1030
986
1942
942
970
995
992
41
953
994
1006
988
995
990
1965
988
976
975
982
939
1003
339
983
1000
1012
999
1021
1842
991
977
950
993
1019
932
989
996
994
979
1007
1005
1977
973
934
991
974
968
974
974
981
981
975
969
1776
777
975
955
1015
998
970
967
963
954
956
997
944
1954
1012
955
931
964
964
972
890
996
968
975
958
1589
964
976
1033
966
1008
1009
1010
964
993
1003
967
227
1712
909
944
940
966
841
940
995
871
1027
900
834
1805
913
881
986
984
975
990
996
990
997
931
1013
679
1944
920
952
962
974
973
980
1373
976
909
992
854
1416
2327
926
374
46
886
995
988
860
1005
1029
982
816
970
2016
987
993
1009
987
1002
953
1008
1022
925
958
1965
961
966
985
972
982
834
44
923
999
1011
982
994
1967
998
995
998
1025
1009
946
982
981
1334
1022
1012
1796
996
1001
995
991
994
958
967
966
984
915
1000
982
2009
954
985
986
629
1004
928
977
983
985
994
974
1842
1013
986
922
979
990
991
969
981
1004
979
988
980
1993
995
932
894
991
984
1002
990
1006
925
1001
953
1733
1015
45
969
975
991
989
998
998
993
974
972
1931
1007
876
984
988
995
986
992
999
988
1065
898
1029
2117
800
991
1006
1013
960
1010
1020
990
986
1019
1040
930
1987
999
1022
987
1029
1018
1008
1029
1028
1029
1013
1022
1973
1025
1008
1041
1035
1026
1050
1070
1027
1146
651
887
2022
1020
1025
1035
989
1020
1045
1042
1036
841
866
1065
2064
1024
1038
1021
1076
1017
1050
858
1071
921
1040
1031
2088
1019
1027
1053
1109
982
1019
1007
947
1068
984
948
2035
997
1036
1007
1070
1053
225
965
1046
1089
989
2104
981
1024
1101
1043
996
1010
352
961
1056
1046
1070
1043
2118
994
985
1000
1046
943
1009
1018
1048
1054
1020
1036
2147
982
1048
1033
938
1049
1028
1010
1090
1201
756
1938
826
967
975
742
1030
1036
1065
975
1013
1063
1017
1010
1040
2030
89
935
1023
868
1009
1020
1044
1011
1039
1037
2018
944
1024
1023
1050
1049
1037
464
828
851
990
983
2046
953
1025
1025
1033
1018
1043
1033
1031
1025
1027
1025
1871
939
1014
1017
1048
1004
1007
1012
1007
1010
998
1012
1953
959
990
1026
1028
1021
1032
1023
1021
1006
1021
618
1817
913
1020
969
925
996
999
947
1008
985
1005
917
1952
935
990
892
986
997
1006
1008
1009
1017
208
883
982
1920
931
952
974
988
989
1000
1006
1005
969
994
1071
969
1907
982
998
1007
997
1008
1068
944
995
933
1011
979
1843
992
992
1002
1000
1008
983
986
981
996
1014
958
1833
931
1032
932
991
972
933
909
988
995
996
989
926
2027
991
999
947
1005
921
927
996
993
1012
989
945
1896
964
984
1003
990
1003
1001
634
1034
1197
