171
300
200
219
40
556
526
666
675
571
617
680
663
680
670
682
687
658
679
578
659
589
685
519
207
513
522
1685
586
658
645
677
683
686
677
643
565
673
766
358
667
663
323
1595
550
657
525
519
543
528
619
599
641
546
980
612
657
637
614
1671
623
622
434
655
664
616
672
674
641
639
587
661
689
516
580
601
601
1665
643
612
588
603
638
635
642
604
582
638
410
485
620
606
623
113
594
1655
643
616
604
661
664
630
685
653
562
546
574
632
693
560
591
526
537
1401
512
543
578
644
319
642
76
367
516
419
504
555
549
558
117
590
384
1558
556
558
587
593
542
555
486
530
566
556
577
588
588
598
470
534
587
1504
501
565
541
563
563
521
590
582
608
578
622
595
553
587
588
606
554
561
1541
551
469
549
615
459
554
583
531
500
557
535
528
537
543
484
522
553
453
1567
490
465
565
565
587
580
586
518
587
583
581
581
615
631
476
548
578
326
1542
458
497
587
597
611
572
556
242
530
568
489
569
572
599
578
573
561
1759
348
513
577
548
549
572
571
525
559
547
61
555
541
551
573
547
543
419
1447
516
561
573
571
552
570
496
576
566
575
484
550
563
598
567
480
200
1541
562
918
533
512
558
262
559
569
571
576
560
567
555
547
524
578
572
1562
563
573
574
569
581
584
593
576
580
556
604
550
539
561
509
602
480
555
1567
519
567
532
564
537
576
525
551
554
463
586
577
548
489
488
529
454
428
1579
497
561
401
566
575
583
572
583
601
581
541
474
533
526
536
557
540
1486
526
529
533
528
544
510
466
509
491
499
464
473
511
502
505
467
339
467
526
1459
512
514
518
512
527
528
526
530
565
307
508
506
515
479
485
542
496
49
183
306
1640
276
401
533
459
505
483
488
436
463
531
487
467
545
489
565
426
547
429
449
1040
509
484
506
509
544
468
542
500
528
455
521
496
528
520
498
471
56
179
452
1396
440
533
432
463
408
454
473
514
516
448
495
500
500
508
503
472
504
492
1397
461
508
517
509
518
442
510
516
443
467
466
506
513
523
500
487
450
528
458
1354
490
504
428
415
481
539
547
513
474
521
559
525
557
136
517
450
483
517
439
495
1430
56
942
401
936
53
104
55
516
352
443
389
431
541
499
91
88
73
51
54
67
48
46
66
374
416
476
513
1311
441
449
475
520
64
410
470
348
415
467
468
491
338
173
328
351
405
471
412
1581
69
64
86
62
59
64
46
46
53
337
434
450
455
486
450
461
1346
252
400
382
52
117
417
400
337
462
381
384
435
456
417
493
407
530
319
454
293
214
335
1139
61
170
1055
258
494
493
450
490
499
324
323
418
82
218
249
326
400
62
1077
259
277
433
50
403
435
478
490
530
473
514
540
647
187
332
188
315
125
869
71
212
233
80
404
273
747
239
456
239
287
173
310
95
129
99
81
75
62
1210
334
404
479
522
495
528
432
475
484
493
409
499
417
481
261
459
437
257
1415
389
462
480
500
473
482
500
510
503
1167
529
519
529
594
461
547
537
1476
363
503
486
452
464
444
474
494
468
398
532
352
433
550
415
451
409
472
471
396
1383
492
517
501
489
528
524
530
439
535
465
483
512
521
1182
461
481
466
520
1478
518
511
515
515
525
499
571
398
459
436
502
506
578
442
501
548
433
527
453
495
1489
499
477
499
513
499
416
449
438
513
513
524
437
493
503
462
1128
534
527
1484
531
532
546
511
506
531
517
506
511
533
514
536
438
540
524
518
498
530
528
1538
449
534
497
531
517
530
520
532
510
536
524
491
479
535
526
549
519
520
871
1478
479
514
513
513
480
506
525
519
538
281
432
475
497
526
606
255
531
500
177
1455
500
502
666
325
602
466
700
234
537
462
530
526
715
393
601
473
537
514
1350
518
492
526
439
482
487
171
477
526
439
521
535
476
520
530
496
539
543
534
1455
508
538
537
524
527
506
528
467
532
287
512
523
440
498
514
504
525
491
466
264
1444
446
552
419
494
299
424
490
505
512
523
538
536
524
527
509
529
565
482
1379
490
531
195
470
534
542
524
538
497
521
652
493
531
511
518
495
537
523
480
1444
510
42
440
520
1116
540
422
499
323
522
422
364
520
513
576
367
529
486
357
1439
412
493
418
649
275
527
375
438
452
510
474
380
519
511
469
237
432
253
1408
433
514
531
490
508
533
531
524
539
532
534
533
533
545
532
534
500
544
534
509
1428
480
453
485
532
515
543
521
469
524
523
510
606
405
448
422
516
826
495
313
1463
503
533
545
518
532
528
531
534
534
533
527
528
537
269
548
534
555
467
336
1444
506
535
