158
331
304
203
323
1267
1255
1324
1213
1293
1316
1305
1560
1394
1238
1285
1519
1106
1287
1283
1301
1552
1256
1299
1324
1457
1296
1312
1285
1589
1383
1290
1304
1552
1384
1304
1226
1339
1425
1257
1304
1294
1568
1388
1302
1306
1507
1170
1222
1236
1335
1533
1296
1308
1350
1427
1055
1243
1264
1422
1687
1307
1265
1470
1570
890
1252
1301
1538
1305
1308
1362
1411
1314
1307
1306
1527
1377
1316
1309
1321
1556
1316
1281
1326
1488
1282
1303
1300
1485
1382
1303
1307
1569
1384
1312
1247
1341
1556
1245
1299
1318
1456
1366
1233
1042
1233
1187
1104
1111
1105
1360
1184
1094
1104
1089
1362
1126
1112
1111
1112
1354
1177
1111
1116
1109
1332
1164
1064
1118
1231
1203
1145
1115
1103
1125
1304
1115
1102
1032
1099
1310
1083
1113
1112
1139
1223
1068
1125
1092
1084
1213
1079
1115
1111
1139
1353
1069
1240
954
1328
1128
1110
1119
1108
1369
1187
1110
1099
1122
1340
1171
1064
1081
1114
1380
1184
1114
1103
1107
1375
1137
1077
1059
1105
1286
1183
1109
1104
1111
1356
1232
864
1085
1200
1191
1123
1058
1111
1111
1288
1153
1098
1081
1108
1353
1030
1109
1095
1135
1216
1078
1110
1126
1075
1378
1088
999
1103
1361
1184
1107
1111
1106
1155
1181
1080
1067
1055
1359
1182
1108
1111
1095
1374
1208
1049
1071
1120
1162
1117
1099
1070
1114
1334
1181
1098
1094
1110
1349
1179
1033
1108
1112
1310
1180
1103
1143
1004
1340
1016
1068
873
1042
1276
1107
1065
1072
891
1325
1117
1072
1074
855
1414
952
1108
1109
1148
1281
1055
1132
1099
1369
1112
1131
1058
1095
1339
1132
1061
1064
1004
1134
1322
63
58
656
1180
1130
1104
1097
1357
1212
1013
1041
1149
1168
1073
1078
1048
1058
1364
1131
1040
1022
1048
1456
1052
1078
1044
1102
1400
1117
1105
1147
1269
1083
1017
982
468
948
1215
965
991
748
1053
1227
1070
957
1040
1247
764
703
725
695
833
608
651
736
695
1032
626
542
452
677
866
469
713
479
806
706
756
714
809
739
522
745
635
659
631
746
472
695
637
968
776
694
719
706
840
480
654
562
807
861
746
700
684
717
1042
516
1073
1028
999
1084
929
1005
1166
1052
1277
1054
1074
1007
1187
1206
1034
1054
1110
1147
1308
993
990
1067
1224
1026
1069
1071
1076
1202
1103
1048
1076
1229
1063
1117
1014
1126
994
1301
1132
1127
1043
1097
1439
1022
1114
1044
1131
1340
1102
1111
1080
1349
1157
1074
1083
1113
1334
1179
1112
1106
1115
1358
1176
1115
1109
1111
1356
1128
1098
1104
1110
1353
1193
1094
1077
1103
1426
986
933
897
1028
1296
1107
1097
1088
1109
994
1110
1107
1041
1137
1213
1089
1080
1132
1059
1324
1148
1096
1109
1313
1186
1100
1100
1112
1379
1146
1105
1107
1115
1349
1126
1112
1111
1098
1368
1192
1066
1106
1115
1166
1178
1027
1117
1104
1335
1185
1065
1112
1216
1204
1141
1107
1040
1132
1302
1153
1113
1046
1098
1353
1073
1115
1099
1063
1228
1062
1124
1064
1112
1225
1058
1112
1132
866
1310
1058
1112
1110
1364
1196
1099
1101
1112
1260
1182
1059
1117
1108
1352
1187
1123
1099
1096
1379
1176
1101
1068
1115
1358
1186
1100
1130
1086
1354
1187
1113
1128
995
1244
1166
1115
1118
1125
1327
1137
1116
1090
1134
1309
1096
1104
1114
1380
1200
1086
1120
1102
1373
1186
1056
1117
1113
1386
1184
1119
1107
1112
1358
1183
1112
995
1106
1358
1187
1113
975
1082
1338
1185
1114
1115
1064
1358
1178
1071
1114
1240
1122
1148
1094
1123
1120
1205
1153
1084
1111
1131
1353
1096
1112
895
961
1284
1046
1108
1065
1261
1489
1016
1077
1113
1298
1129
1068
1109
1091
1341
1187
1133
1042
1066
1325
1179
1119
1007
1124
1295
1159
1113
1123
1096
1273
1110
1119
1053
1026
1368
471
923
901
1055
1299
1067
1000
1030
1241
836
561
668
619
812
817
779
860
810
1075
689
436
764
773
939
741
659
729
655
990
749
682
347
576
730
999
589
615
653
1098
737
812
609
562
1137
944
739
859
685
980
699
771
673
723
830
659
895
1049
821
1229
909
1076
1065
862
1284
731
856
1093
1021
1121
1066
1076
1089
1260
1397
1116
1128
1013
1216
1129
1112
1105
1106
1317
1155
1063
1066
1029
1367
1103
1113
1113
1146
1209
1080
1114
1064
1374
1188
1111
1097
1113
1146
1209
1080
1040
1126
1150
1433
1121
990
1103
1351
1252
991
1076
1114
1305
1128
1105
1111
1171
1180
1179
1088
1098
1128
1238
1156
1046
1110
1109
892
1162
1107
1111
1059
1281
1036
1105
1060
1123
1345
1078
1101
1112
1361
1180
1105
1112
1113
1316
1179
1104
1107
1117
1353
1194
1100
1107
1105
1376
1115
1112
1113
1095
1313
1169
1122
1099
1142
1329
1094
51
55
628
1169
1154
1031
1083
1320
1192
1112
1104
1210
1214
1104
1118
1118
1111
1296
1119
1118
1119
1127
1372
1055
1048
1128
1151
1346
1103
1118
1087
1375
1193
1117
1122
619
1337
1178
1127
1106
1117
1362
1195
1117
1094
1039
1269
1176
1130
1105
1117
1314
1199
1118
1113
1133
1278
1111
1102
1128
1115
1331
1104
1091
1119
1145
1324
1159
1073
1038
1350
1191
1115
1120
1101
1338
1188
1089
1117
1071
1348
1180
1101
1115
1121
1372
1189
1112
1117
1119
1175
1159
1101
1109
1210
1193
1125
1117
1112
1101
1201
1067
1129
1023
1129
1325
1123
1116
1118
1129
1222
1081
1064
1064
1361
1184
1118
1115
1093
1371
1188
1116
1114
1070
1403
1107
1049
1122
1111
1351
1183
1116
1117
1105
1158
1165
1089
1108
1103
1354
1186
1116
1088
1154
1333
1127
1087
1098
1109
