168
270
254
293
275
2387
1438
1025
1447
1475
1468
1462
1441
1431
2360
1547
405
1472
1527
1520
1525
1553
1577
2321
1087
1511
1491
1483
1505
1540
2478
1497
2298
1478
1429
1470
1381
1432
1343
1690
2280
1480
1409
1569
1515
1587
1407
1504
2612
1952
1492
1357
1344
1497
1545
1266
1447
1386
2373
1485
1630
1428
1328
1957
1586
1431
1507
3503
1467
1338
1091
1475
1180
1521
1539
2395
1507
1512
1519
1427
697
1454
1496
2335
1531
486
694
1208
233
333
393
410
366
467
464
249
469
452
459
423
440
430
497
993
362
425
470
461
271
436
427
327
385
515
38
448
338
406
364
437
428
486
419
445
431
446
417
453
910
82
262
349
308
129
499
1066
156
428
466
416
427
367
474
411
514
433
452
499
396
345
816
463
359
399
398
431
483
420
301
422
456
360
480
397
434
442
452
435
461
445
450
468
471
604
563
1056
33
186
502
956
469
634
42
35
690
459
251
437
452
337
396
421
422
444
382
445
1559
411
52
461
470
380
445
464
479
559
240
395
480
353
225
348
349
387
402
346
347
986
403
473
403
409
456
460
423
444
429
445
435
428
141
392
1185
354
447
368
464
401
408
983
434
457
384
431
469
399
501
431
458
456
403
184
404
351
394
364
440
379
481
357
510
397
251
922
117
433
435
461
382
441
430
485
510
237
386
308
429
441
382
449
1021
362
430
393
456
371
976
421
442
444
440
281
435
159
291
386
173
246
443
393
432
385
484
430
453
467
480
370
369
177
920
468
423
434
471
418
436
480
444
475
425
466
466
406
408
470
461
426
1165
424
423
445
242
426
1569
351
348
406
456
458
443
457
464
468
409
423
440
502
348
486
416
72
371
442
431
417
1084
432
429
358
379
398
403
407
423
405
456
274
349
364
440
379
423
371
422
393
405
373
370
1079
902
389
481
324
383
392
413
403
417
346
370
397
403
378
418
414
351
363
381
380
430
374
436
403
355
842
384
381
386
418
397
423
376
405
329
413
383
439
240
390
398
388
434
375
380
423
371
372
409
397
375
400
1364
441
341
387
381
368
423
402
386
335
397
380
378
350
389
396
387
404
50
378
372
386
391
354
399
350
355
862
352
360
354
381
391
449
394
377
371
413
402
400
375
435
44
382
361
423
379
388
441
349
411
870
341
1080
276
397
426
297
368
424
389
480
35
358
341
372
381
381
371
415
320
413
368
397
397
386
383
428
802
340
375
416
385
394
413
365
419
383
122
163
79
387
399
410
371
394
365
394
373
359
146
107
359
740
261
376
1065
405
349
231
319
41
37
33
33
164
378
384
374
329
392
378
372
402
419
352
408
339
251
382
844
398
365
406
372
43
338
403
391
391
381
418
390
401
385
384
419
385
395
394
320
380
414
394
174
823
413
353
385
389
965
374
349
402
391
384
394
416
395
400
363
409
383
431
426
288
359
398
453
317
375
397
47
1113
379
326
313
385
352
338
371
392
377
342
392
402
306
406
312
360
399
347
370
379
385
357
896
349
372
143
372
343
381
1054
367
384
375
387
395
390
396
377
340
411
383
420
343
398
275
383
267
957
371
389
389
408
351
376
405
377
389
384
376
405
414
392
391
334
374
358
398
366
393
386
445
332
158
369
793
475
284
360
348
414
336
414
1057
393
385
393
323
367
388
397
276
351
369
375
402
384
414
363
401
854
395
367
384
368
322
369
381
364
391
338
367
394
384
368
340
332
377
378
423
347
429
365
380
386
113
841
401
376
526
267
382
313
385
390
392
998
362
353
421
340
399
368
403
372
345
363
382
380
375
310
802
448
358
358
388
385
368
399
361
339
265
343
362
381
390
388
384
379
367
418
390
376
393
379
374
361
372
889
366
377
396
385
370
397
323
329
405
325
325
1105
356
365
399
364
383
370
384
382
398
353
386
414
825
398
386
408
294
369
346
342
363
383
395
385
408
427
343
406
371
358
414
366
403
374
407
369
419
699
342
394
390
386
366
382
369
385
388
392
396
367
380
264
1054
363
378
387
380
390
394
391
396
329
391
365
393
1531
175
308
327
390
378
400
49
203
352
391
351
386
401
401
347
405
370
373
368
290
346
375
335
904
360
390
311
364
351
393
343
370
393
388
389
394
419
371
380
1040
326
334
253
322
261
321
344
396
889
306
334
321
386
384
402
373
392
402
358
402
375
384
380
384
356
362
365
374
392
371
415
379
356
268
717
354
370
397
387
233
373
384
367
35
330
460
252
378
374
385
414
225
377
1048
375
349
408
296
177
853
346
361
390
399
360
383
374
365
418
357
368
350
266
367
393
376
339
392
382
388
399
366
329
351
384
377
811
390
505
