8431
1950
1924
2546
2763
2798
2550
2557
2425
2564
2801
2791
2776
2780
2786
2787
2698
2860
3397
3356
2789
2772
2771
2773
2763
2412
2416
2416
2414
2918
2417
3060
2432
2422
2424
2425
2417
2420
2413
2417
2422
2418
2455
2554
2510
2320
2450
2359
2479
2375
2328
2442
2433
2921
2441
2428
2419
2422
2418
2428
2426
1588
2417
2428
2421
2421
2432
2421
2419
2427
2414
2429
2418
2423
2420
2426
2445
2648
3093
2437
2419
2419
2419
2422
2441
2422
2419
2415
2417
2418
2429
2429
2428
2421
2418
2414
2415
2413
2420
2422
2422
2420
2428
2415
2416
2419
2427
2319
3227
2421
2429
2421
2418
2420
2417
2420
2414
2417
2422
2419
2417
2420
2428
2421
2424
2420
2420
2419
2450
2429
2417
2417
2433
2420
2410
2423
2420
2421
3148
2316
2316
3266
2288
2431
2427
2420
2418
2419
2407
2423
2412
2422
2413
2414
2416
2417
2423
2419
2421
2416
2418
2418
2422
2415
2417
2423
2412
2989
2347
2465
2424
2421
2421
2425
2416
2421
2424
2421
2425
2425
2419
2412
2414
2418
2412
2413
2411
2419
2423
2422
2424
2423
2416
2425
2418
2418
2961
3215
2438
2417
2421
2422
2419
2416
2408
2414
2415
2419
2416
2288
2417
2426
2412
2420
2425
2415
2423
2419
2424
2424
2420
2312
2420
2411
2413
3153
2449
2419
3118
2419
2415
2411
2419
2423
2422
2417
2424
2418
2429
2285
2414
2414
2413
2419
2415
2421
2410
2422
2416
2430
2424
2427
2421
2415
3130
2434
2425
3066
3076
2423
2421
2287
2424
2420
2422
2421
2414
2421
2414
2424
2417
2417
2428
2418
2425
2422
2420
2410
2416
2417
2416
2424
2420
2470
2480
2535
2428
2423
2419
2427
2420
2419
2426
2426
2430
2423
2430
2428
2438
2432
2430
2434
2432
2438
2424
2437
2434
2436
2423
2429
2416
2420
2478
2464
3098
2430
2438
2426
2870
2428
2437
2439
2432
2425
2894
2446
2439
2430
2423
2429
2427
2430
2428
2427
2488
2436
2440
2428
2423
2430
2418
2524
2307
2347
2440
2430
2422
2277
2423
2416
2433
2428
2441
2431
2426
2421
2421
2426
2426
2430
2424
2433
2431
2425
2417
2285
2427
2426
2422
2425
2347
2332
2990
2436
2433
2425
2426
2431
2425
2429
2423
2435
2427
2426
2427
2426
2435
2420
2429
2433
2436
2427
2429
2426
2426
2429
2424
2432
2432
2356
2340
2447
2439
2431
3159
2427
2447
2452
2428
2429
2438
2426
2421
2434
2420
2427
2438
2439
2426
2425
2418
2425
2419
2427
2477
2432
2430
2422
2429
2423
2438
2500
2792
2324
2440
2433
2424
2426
2422
2425
2434
2426
2434
2420
2428
2423
2431
2434
2429
2429
2432
2427
2425
2415
2419
2423
2416
2432
2427
2446
2372
2472
2880
3071
2430
2430
2428
2427
2438
2426
2424
2426
2420
2421
2293
2425
2422
2434
2423
2424
2434
2430
2305
2435
2431
2430
2430
2430
2434
2462
2917
2428
2426
2430
2425
2425
2423
2433
2438
2432
2429
2435
2428
2423
2428
2426
2431
2428
2424
2426
2417
2426
2427
2432
2428
2431
2425
2427
2429
2436
2361
3383
2430
2429
2434
2424
2427
2417
2417
2300
2430
2432
2427
2432
2426
2436
2419
2439
2418
2431
2433
2430
2448
2424
2427
2419
2427
2424
2428
2358
2460
3145
2447
2446
2438
2435
2424
2423
2427
2429
2428
2437
2424
2423
2426
2419
2426
2434
2427
2433
2436
2432
2426
2426
2426
2430
2427
2433
2537
2904
2433
2427
2426
2424
2233
2433
2429
2430
2426
2430
2425
2433
2426
2430
2427
2427
2432
2420
2421
2296
2436
2421
2432
2432
2436
2433
2434
2424
2426
3150
3196
3171
2433
2437
2428
2430
2423
2421
2425
2423
2422
2426
2454
2423
2432
2432
2429
2426
2423
2435
2425
2433
2426
2427
2420
2431
2422
2420
2435
2422
2474
2440
3102
2429
2431
2423
2431
2431
2421
2429
2431
2429
2421
2429
2422
2420
2430
2428
2433
2424
2430
2424
2427
2431
2426
2430
2424
2436
2422
2431
2424
2450
2456
2434
3127
2430
2469
2316
2434
2425
2430
2420
2426
2425
2422
2434
2425
2429
2414
2426
2431
2423
2426
2423
2428
2421
2429
2425
2428
2430
2313
2512
2332
2435
2434
2432
2427
2424
2418
2421
2431
2423
2431
2423
2435
2423
2439
2426
2440
2425
2423
2436
2430
2436
2422
2433
2422
2427
2424
2439
2486
2436
3082
2433
2436
2423
2433
2430
2423
2435
2426
2423
2425
2416
2414
2425
2425
2439
2423
2426
2430
2423
2423
2424
2429
2428
2434
2432
2434
2429
2417
2335
2454
3156
2448
2426
2421
2437
2423
2426
2434
2422
2427
2421
2425
2428
2429
2430
2423
2425
2424
2427
2418
2432
2422
2429
2429
2430
2419
2423
2502
2576
2960
2437
2437
2270
2425
2419
2425
2421
2420
2434
2431
2438
2427
2431
2427
2424
2421
2427
2433
2428
2431
2427
2432
2422
2425
2432
2427
2423
2426
2366
2444
3152
2453
2430
2436
2426
2426
2427
2436
2425
2425
2422
2423
2421
2423
2432
2432
2425
2427
2432
2426
2435
2433
2434
2433
2443
2428
2435
2978
2336
3122
2440
2432
2428
2440
2432
2438
2442
2430
2429
2438
2433
2427
2442
2438
2433
2426
2434
2436
2430
2440
2435
2426
2427
2435
2427
2433
2436
2431
2524
3194
2469
2442
2433
2432
2426
2419
2430
2430
2433
2441
2426
2298
2436
2434
2433
2433
2422
2423
2433
2426
2436
2426
2425
2423
2433
2426
2435
2427
2435
3057
2344
3085
2436
2431
2432
2434
2438
2427
2439
2430
2342
2427
2427
2430
2433
2434
2441
2433
2431
2438
2449
2439
2426
2435
2435
2425
2435
2437
2276
2424
2993
3188
2441
2427
2434
2430
2277
2434
2430
2429
2435
2446
2435
2434
2435
2438
2420
2431
2452
2446
2433
2435
2439
2435
2431
2430
2433
2428
2437
2434
2444
2348
2566
2835
2433
2870
2431
2435
2437
2428
2440
2429
2434
2426
2433
2433
2438
2438
2439
2437
2440
2427
2431
2435
2422
2428
2451
2465
