170
464
292
448
161
179
93
93
137
77
73
63
135
60
63
84
93
145
86
193
157
168
165
127
100
138
144
177
144
186
173
125
128
78
67
73
106
88
109
97
115
88
114
82
127
70
79
67
80
143
85
81
110
128
143
126
60
110
81
55
64
116
52
49
111
71
50
57
54
90
121
111
57
66
70
106
97
81
56
136
71
84
69
133
112
96
96
105
144
116
98
147
148
150
65
129
58
66
61
47
46
71
49
92
55
75
58
50
94
47
48
57
54
101
53
88
61
61
49
99
146
67
327
76
55
50
95
59
116
98
55
102
64
61
55
61
182
59
52
81
52
53
48
48
45
53
50
115
54
54
171
116
57
55
50
74
125
52
50
46
46
99
49
65
58
92
95
90
109
89
62
94
58
57
62
55
88
92
81
59
70
132
66
54
184
89
104
76
103
87
56
53
54
50
128
61
114
99
64
49
106
51
85
60
56
119
145
69
52
49
47
49
48
110
56
48
109
92
110
75
75
105
98
126
56
53
85
128
93
59
50
49
60
135
69
50
72
47
46
43
50
48
49
50
52
46
51
52
55
59
46
46
43
94
50
45
47
54
48
42
48
46
44
42
44
45
42
46
73
57
78
49
47
91
54
46
47
73
45
44
68
61
75
73
58
77
55
48
58
133
62
53
60
65
44
110
69
56
46
53
51
53
50
48
62
114
54
84
110
160
97
56
86
68
53
54
50
46
147
57
54
45
47
46
43
95
48
261
188
48
58
62
52
95
48
191
102
280
184
263
209
98
187
73
196
341
288
248
61
77
61
90
253
64
132
87
69
384
298
299
169
255
77
59
138
104
81
93
131
81
59
262
167
363
320
259
262
258
352
57
285
434
229
273
282
291
257
290
66
68
83
63
57
123
87
123
68
58
127
80
66
126
68
64
58
122
62
51
56
99
86
69
72
59
66
61
63
147
88
99
207
278
228
266
228
291
291
125
65
205
144
52
77
82
75
128
171
157
107
63
54
50
54
54
55
54
110
140
105
64
147
80
79
159
66
72
140
83
98
77
63
65
156
152
129
121
114
90
120
60
126
82
61
57
115
98
69
122
127
73
106
71
48
69
154
163
89
152
97
126
107
69
61
55
50
58
56
60
61
66
59
87
105
89
100
86
133
60
93
55
59
58
53
47
46
45
57
106
57
81
50
64
56
65
63
75
132
116
104
88
69
65
80
54
70
116
82
83
8592
141
151
55
49
82
83
74
53
90
68
73
65
82
73
46
247
142
277
62
242
279
363
98
325
75
113
126
193
431
240
156
205
236
280
77
83
56
56
49
48
46
279
202
257
205
70
123
175
288
371
312
344
72
220
239
278
240
296
252
181
130
471
66
258
141
247
252
306
218
136
248
272
268
192
390
366
384
260
261
266
232
269
241
74
276
308
323
284
316
57
51
195
98
67
77
86
59
60
152
323
284
183
255
274
294
270
208
81
313
328
315
257
265
258
57
59
65
177
90
79
321
289
229
290
181
284
149
265
149
109
83
67
68
176
330
275
154
264
147
62
134
119
163
105
69
65
75
53
163
258
142
119
85
137
114
64
140
88
151
111
84
133
125
123
145
100
81
86
150
89
54
55
47
121
281
77
184
263
211
257
235
352
331
334
98
277
136
273
241
210
152
301
321
380
293
301
302
303
301
306
298
262
219
334
423
387
277
315
189
290
283
303
345
96
424
342
281
265
194
267
270
266
267
274
321
76
283
478
160
266
257
265
266
266
265
263
291
130
523
53
134
247
255
263
65
243
258
197
52
208
216
440
403
315
275
262
299
297
304
303
155
260
479
381
435
63
56
51
49
107
155
165
195
239
417
327
259
261
259
264
240
262
221
147
66
430
346
324
287
298
320
184
279
297
300
319
238
451
344
431
338
295
301
305
304
294
331
186
218
331
385
301
299
302
303
295
302
309
244
237
190
283
320
432
290
295
300
302
302
302
293
209
259
397
438
374
302
306
301
292
300
302
180
226
285
419
444
302
303
304
247
304
303
332
191
339
373
326
384
277
303
305
303
307
296
309
183
493
374
431
336
268
214
270
260
268
258
65
164
366
425
258
262
262
261
264
265
266
227
50
222
212
309
211
252
260
338
167
284
294
312
119
59
372
295
251
198
163
235
246
300
216
136
120
159
495
209
261
131
86
120
72
69
49
53
52
236
99
270
304
290
292
296
303
301
299
256
238
382
389
429
377
302
305
305
303
305
238
239
364
435
381
300
302
237
297
305
292
303
340
83
169
