287
268
234
243
77
71
48
50
58
51
45
50
73
84
80
81
79
83
80
76
86
86
78
74
69
74
65
62
45
86
86
117
89
69
60
64
71
99
73
68
71
47
42
40
61
47
48
45
40
38
76
76
67
62
59
59
70
70
71
64
53
48
58
44
47
47
45
42
34
45
40
85
76
58
66
62
65
78
65
61
89
77
75
57
66
51
46
38
42
36
81
67
60
69
54
51
39
36
35
35
36
34
35
34
34
71
64
45
45
75
64
49
41
138
66
77
69
115
94
69
72
83
63
64
49
62
40
40
35
34
36
35
34
75
107
79
104
134
78
84
88
130
111
164
139
92
101
136
130
81
93
135
136
131
132
91
77
121
85
72
85
82
92
77
134
84
78
91
130
104
130
130
76
123
96
77
111
74
144
89
94
151
139
85
75
89
82
131
143
121
151
127
111
146
143
137
144
153
160
126
81
136
162
95
94
137
125
142
150
137
92
101
97
86
78
73
92
90
85
82
138
132
108
85
83
94
131
103
81
77
103
120
136
83
133
80
88
164
91
71
78
92
113
97
151
121
159
156
128
136
80
91
91
79
129
97
135
112
76
72
82
81
95
85
137
82
72
88
79
110
114
38
135
78
89
136
138
84
152
127
146
94
76
84
95
82
85
76
81
79
106
86
162
84
109
125
91
87
101
114
106
135
118
153
158
95
112
139
128
93
85
81
93
149
93
107
101
116
99
87
105
141
89
76
89
89
81
77
121
91
78
79
83
80
97
71
77
100
79
173
80
94
106
84
97
138
77
102
89
83
79
90
50
41
43
62
92
56
36
33
32
31
32
31
37
32
42
141
84
80
91
96
93
93
95
94
137
96
135
141
133
112
93
127
131
83
91
90
94
110
113
127
80
128
136
127
104
85
106
89
144
85
137
105
140
97
93
126
131
98
79
85
106
93
85
82
99
105
87
96
132
86
136
129
89
141
145
105
129
90
78
127
141
123
87
115
94
81
76
88
81
78
74
71
100
88
113
126
120
129
139
131
78
86
139
135
88
134
103
85
84
78
90
83
87
118
103
90
130
90
95
85
103
128
90
83
77
97
112
95
96
105
76
78
78
83
103
97
142
86
92
101
83
106
133
127
116
98
91
102
102
84
84
106
83
84
94
101
104
89
90
98
93
135
101
83
81
110
79
81
126
144
121
118
91
79
83
85
128
132
114
116
101
86
86
80
105
98
114
119
84
97
104
100
83
81
80
82
85
82
82
124
131
109
106
95
84
79
82
86
83
98
54
85
95
85
71
88
83
144
120
101
95
122
76
88
81
82
82
86
82
111
97
105
80
80
102
82
94
83
82
84
84
110
78
136
79
94
82
82
81
79
81
81
131
108
122
87
126
85
95
138
101
108
143
82
108
156
83
85
105
81
84
105
121
108
115
127
84
146
50
85
48
80
102
44
43
45
78
86
77
45
80
103
85
42
86
39
49
38
76
78
98
128
93
59
43
66
86
57
97
95
110
73
85
97
124
59
100
76
80
84
130
79
80
62
46
91
105
90
75
100
86
114
96
94
43
38
36
83
80
81
96
116
112
95
120
85
97
99
84
88
44
37
36
33
33
35
37
97
85
93
92
97
105
72
37
36
96
92
91
84
95
112
60
103
87
89
81
75
68
107
73
81
99
105
72
38
100
84
68
88
100
72
37
32
94
147
99
92
80
68
38
36
82
105
100
84
80
61
38
33
97
116
94
84
90
93
78
86
92
103
137
80
112
90
91
105
149
103
80
131
97
129
129
128
81
87
97
94
91
104
135
81
124
83
100
81
90
84
92
94
84
139
85
144
77
81
86
120
126
99
125
84
103
98
120
81
106
75
139
88
102
106
152
136
82
87
116
101
97
125
110
122
79
96
78
78
109
107
140
130
105
91
137
81
128
98
128
99
94
78
99
140
134
105
81
86
92
139
105
79
115
117
96
135
118
104
129
99
100
99
131
117
80
82
128
140
84
126
156
92
88
93
94
129
80
107
128
83
122
149
90
95
123
114
129
112
84
85
136
93
101
131
84
83
70
52
39
98
139
87
144
101
83
81
97
132
84
103
143
133
99
98
94
98
119
149
85
83
117
88
80
86
138
84
100
139
126
121
81
87
105
133
121
105
100
107
113
77
114
98
82
115
104
78
116
91
79
105
110
132
83
135
108
101
85
109
137
111
115
81
97
37
90
76
110
73
38
36
93
49
54
43
39
50
96
54
47
43
41
37
44
77
49
74
87
45
48
47
92
