155
244
251
258
87
70
83
89
91
91
58
51
56
52
51
53
55
52
41
62
48
39
38
114
117
90
50
55
75
85
62
94
126
118
106
86
77
61
65
78
171
71
84
88
138
112
81
128
62
76
83
66
63
59
53
48
55
70
53
47
56
75
44
46
42
45
102
71
74
77
81
80
75
97
78
130
67
73
84
82
84
99
94
76
62
91
90
95
80
72
75
73
59
47
52
46
48
49
43
35
44
49
40
33
37
76
119
70
57
41
48
47
42
46
40
34
99
49
53
45
50
50
124
79
84
72
61
65
59
66
109
57
36
31
31
32
76
77
58
47
41
37
33
40
33
50
59
55
37
51
72
79
75
63
69
75
61
76
81
47
73
94
59
76
59
90
141
75
77
77
54
45
73
86
58
79
72
81
74
57
73
36
101
45
70
75
57
94
87
47
85
73
79
108
69
78
82
56
73
122
77
78
78
85
89
51
77
73
82
86
65
79
97
74
76
139
64
92
77
65
79
80
64
51
55
42
76
56
84
64
75
59
109
74
65
87
55
50
57
39
77
140
90
70
88
59
72
58
81
76
78
69
80
46
78
126
77
125
93
83
81
68
89
64
46
49
45
46
36
31
42
45
51
49
35
36
119
81
81
77
74
56
62
47
47
48
32
34
32
46
49
57
56
40
32
35
40
72
50
53
58
123
68
130
103
94
59
52
64
41
43
49
45
39
32
44
47
42
74
61
44
47
43
47
37
49
72
69
68
50
52
53
70
38
35
33
36
35
43
47
43
51
39
33
40
137
65
80
81
91
74
71
81
74
73
50
70
54
54
52
43
49
55
49
42
33
38
37
35
36
38
125
72
54
71
56
73
148
125
78
80
90
75
130
112
81
68
70
49
42
46
41
46
35
30
37
40
44
39
37
36
86
91
58
77
69
69
52
46
40
44
39
32
43
50
44
44
44
35
33
36
88
50
41
45
79
134
74
87
63
63
61
59
41
43
46
51
52
39
36
52
47
90
52
49
54
44
55
46
54
104
53
57
48
47
54
40
40
38
42
39
48
64
51
54
45
39
52
78
134
74
60
81
64
51
85
129
136
82
79
69
103
85
65
85
73
66
68
72
57
67
45
56
54
44
43
35
40
31
32
36
39
43
130
123
80
93
81
53
51
58
52
46
34
33
40
39
36
33
49
62
41
47
37
55
38
37
34
31
31
35
32
30
29
30
29
29
30
30
58
72
84
50
43
42
43
59
37
33
46
48
46
36
33
31
34
49
74
42
68
47
46
44
42
53
106
71
50
42
40
68
38
37
106
45
53
42
47
45
65
46
38
37
34
95
39
45
43
51
49
44
42
44
44
37
34
33
37
75
48
51
90
98
91
113
100
61
65
66
46
43
43
45
41
77
33
32
36
31
30
37
32
31
41
55
51
59
49
41
50
52
49
45
50
46
47
35
40
49
44
55
44
51
49
45
45
44
40
44
43
43
40
47
47
47
40
50
55
63
46
43
41
49
43
47
38
36
44
41
45
54
48
45
53
46
47
50
47
45
51
53
40
52
47
53
48
43
35
78
89
49
75
53
53
54
51
48
45
49
36
41
33
34
68
57
36
38
36
123
106
64
46
43
43
49
36
33
33
106
78
98
86
49
43
89
52
42
38
81
74
76
87
95
110
101
91
97
62
60
62
46
42
42
43
48
38
84
45
58
77
74
48
76
44
115
76
50
50
54
47
40
40
41
42
48
35
32
36
37
82
58
40
32
31
31
30
82
72
94
51
90
48
44
43
48
36
82
49
48
49
44
41
63
43
43
55
34
77
53
69
88
44
75
139
61
95
54
50
87
55
109
49
70
55
95
51
72
81
51
77
79
48
87
61
88
64
79
58
79
98
89
98
54
112
135
119
86
94
97
142
91
75
76
124
96
99
75
65
53
58
38
89
81
45
133
101
110
106
63
43
42
49
80
52
52
108
81
75
45
44
40
43
42
40
47
41
48
35
34
37
84
55
101
70
55
44
41
52
47
50
38
48
89
98
99
84
62
66
49
54
54
51
43
47
37
32
39
41
36
31
30
40
97
61
48
46
46
41
41
47
42
49
39
39
109
79
76
111
63
53
40
45
80
50
45
41
47
44
48
36
96
49
52
45
83
49
41
80
51
45
50
79
90
116
88
53
48
53
43
47
43
44
48
33
37
31
38
72
50
120
79
55
48
43
46
70
49
55
82
90
54
51
51
37
53
60
46
60
43
50
43
45
45
88
76
71
85
71
98
82
61
