238
281
3655
351
68
58
55
50
47
51
49
61
41
46
43
43
36
35
43
93
60
61
44
74
122
73
46
75
43
72
47
38
67
59
78
48
137
85
43
113
48
41
46
93
49
39
74
106
64
45
47
87
60
41
50
88
52
77
88
65
84
142
73
75
57
46
85
49
71
47
52
103
76
130
84
56
95
66
81
65
44
85
80
95
33
48
123
59
46
34
32
31
57
50
37
82
57
41
75
132
68
72
140
133
135
78
71
82
90
90
92
37
47
44
44
42
43
44
47
33
34
80
88
148
144
136
78
81
63
88
55
86
61
86
98
50
51
76
77
54
76
48
81
69
75
86
64
98
140
77
124
72
72
46
101
81
58
77
104
74
78
72
134
76
67
89
51
47
43
49
54
48
91
62
101
49
43
47
42
48
43
43
37
32
32
31
49
37
31
36
125
89
51
53
77
66
49
47
53
47
74
63
82
58
65
51
50
52
47
44
44
48
41
33
36
40
81
60
48
50
56
44
144
69
47
51
44
44
110
84
82
50
51
48
48
48
43
74
82
52
65
106
71
94
79
70
98
56
58
54
71
76
64
61
40
39
40
40
57
53
39
39
49
79
96
60
50
55
57
52
47
51
43
43
39
51
59
53
61
80
63
50
51
46
55
92
61
59
119
72
81
53
55
51
86
67
67
71
58
39
33
49
114
76
56
63
87
68
48
59
53
40
83
78
62
46
47
53
46
90
74
96
60
64
54
47
43
50
53
58
39
37
35
41
53
42
34
38
34
32
33
34
34
32
58
51
59
41
34
35
45
76
58
81
112
103
90
66
60
55
50
76
125
87
85
76
78
83
76
119
71
69
75
59
53
51
51
46
43
42
47
47
50
39
32
32
32
31
34
105
69
101
72
58
91
61
50
54
37
90
85
139
98
72
84
59
174
92
105
124
76
59
53
75
64
62
39
39
86
51
94
58
74
86
67
88
129
72
79
75
50
43
50
49
50
51
69
53
53
52
36
37
35
43
43
76
76
78
75
81
92
85
78
140
61
50
60
52
50
53
42
41
71
44
40
37
39
43
47
75
69
72
76
76
109
70
63
47
45
38
74
88
57
97
73
81
61
49
44
45
43
47
44
42
55
49
36
32
40
39
40
39
112
56
85
75
97
80
76
88
64
47
45
44
36
75
77
53
41
41
55
63
38
106
84
78
65
36
43
42
45
47
48
44
46
37
34
36
77
88
87
79
83
93
66
86
57
47
60
64
65
47
44
40
43
48
43
44
56
37
34
31
31
40
83
77
60
58
56
51
51
49
47
55
48
33
60
55
39
41
100
75
65
69
48
48
51
51
48
53
54
37
40
77
81
112
88
94
112
82
92
63
55
54
54
54
54
53
58
39
36
32
34
33
39
44
83
110
107
85
66
43
51
46
47
42
36
40
35
33
36
33
33
69
68
57
57
59
49
53
39
51
63
135
62
98
59
97
71
65
53
42
48
45
44
48
45
50
39
36
54
36
32
50
94
73
49
40
100
90
90
71
71
67
66
61
62
62
49
53
71
63
67
71
66
102
73
90
95
86
89
72
71
70
67
73
53
46
47
50
37
34
32
34
44
68
88
87
81
92
63
55
49
45
45
48
51
45
51
36
33
33
31
32
33
31
34
129
89
68
61
51
50
45
47
44
35
46
41
56
50
49
38
35
32
32
30
35
100
71
46
52
40
81
68
72
55
47
44
48
49
41
50
47
46
46
45
37
34
45
32
34
49
69
67
76
74
70
52
48
51
48
47
46
43
54
36
37
33
33
34
31
32
31
30
32
36
138
85
58
57
56
57
68
52
53
54
36
39
72
57
46
84
73
50
50
48
46
48
34
33
32
49
34
32
31
50
33
42
39
39
32
31
31
33
49
38
33
80
87
91
63
47
50
53
50
56
66
45
35
78
73
78
78
61
49
49
51
63
37
33
35
34
31
36
36
55
57
37
37
34
64
70
65
62
64
74
66
63
44
38
36
32
40
52
62
53
108
67
65
77
72
72
53
52
48
44
53
48
43
34
32
49
38
39
33
32
34
34
36
49
46
35
33
97
78
57
56
37
53
37
32
32
31
32
35
72
71
68
50
49
47
46
41
36
34
33
33
34
34
36
32
32
34
33
33
33
32
33
33
34
44
43
48
38
35
40
89
69
53
48
51
42
65
45
89
57
75
63
54
48
46
97
75
56
47
55
47
48
36
47
39
33
72
70
50
48
45
47
50
42
61
42
55
56
59
39
77
73
94
63
