197
268
222
5352
74
72
71
66
73
69
59
46
45
54
98
58
53
85
52
71
90
84
50
39
36
36
43
37
41
39
34
43
36
44
38
35
36
36
34
35
35
43
35
38
35
34
35
50
62
87
74
71
56
56
56
50
57
55
39
63
52
48
38
37
119
81
49
57
72
49
70
73
61
62
56
67
64
51
64
63
59
77
52
51
79
39
36
36
40
38
36
35
46
39
37
38
36
37
41
37
38
35
36
33
41
44
36
36
34
38
44
40
43
80
62
56
90
59
62
55
55
59
70
78
74
70
62
61
71
44
81
58
46
80
77
63
54
60
47
62
62
54
60
59
57
48
37
108
64
50
156
84
74
76
69
93
92
83
84
63
63
62
86
68
72
65
40
38
82
51
67
65
63
44
38
50
52
70
64
46
143
69
59
70
59
65
58
69
70
45
47
42
47
44
37
53
47
45
48
108
69
59
50
67
56
59
59
54
48
37
41
75
63
54
49
45
64
37
46
40
44
51
89
40
62
56
60
41
53
49
84
71
71
58
56
40
87
41
44
48
43
37
56
64
58
41
35
87
37
61
57
63
107
41
52
55
59
61
52
41
38
35
37
33
58
37
41
39
36
39
36
36
38
36
37
41
33
35
41
35
36
40
39
39
36
51
64
55
45
46
41
49
44
96
68
52
57
56
49
56
86
137
80
38
64
45
71
78
56
59
65
59
59
40
43
50
40
46
48
92
77
77
89
64
67
64
67
49
56
62
75
96
51
76
44
45
34
33
42
37
36
35
44
37
33
39
36
35
36
37
42
36
36
40
37
48
39
38
40
45
39
57
41
49
44
39
50
35
41
39
41
53
43
43
37
50
48
39
43
54
41
43
37
35
54
54
51
59
51
65
59
59
52
59
42
39
44
38
35
37
36
46
43
36
43
83
41
38
34
34
35
32
38
36
34
39
36
37
36
36
33
36
36
34
36
36
35
35
33
35
34
32
34
40
38
55
58
84
43
37
57
41
45
37
37
46
47
44
76
72
57
71
54
55
55
58
45
40
37
50
39
103
81
57
82
39
60
56
57
55
140
45
34
33
35
39
35
42
36
36
43
37
38
40
45
44
62
46
41
43
55
63
59
53
62
62
62
79
50
104
58
46
46
55
56
45
36
38
91
36
45
36
38
67
53
58
63
83
39
34
44
40
36
39
34
40
35
42
35
35
49
38
36
38
38
36
37
33
39
35
38
35
33
39
35
44
36
34
41
42
39
35
54
46
40
45
48
40
63
48
46
50
66
63
75
59
61
56
54
54
67
51
44
43
41
35
68
81
39
60
62
55
62
59
81
37
39
38
40
41
41
40
35
36
45
38
39
34
34
36
33
35
52
54
68
62
81
66
55
61
66
76
70
50
81
41
36
79
70
81
39
42
38
64
65
59
65
84
40
43
34
34
34
34
37
33
39
34
40
51
39
36
33
36
40
41
37
40
37
40
35
38
36
38
38
35
42
45
49
89
58
82
72
59
66
61
40
84
56
62
58
50
87
57
62
44
82
52
63
60
54
47
53
61
48
87
40
35
34
31
36
152
162
75
36
40
38
38
59
74
94
72
66
60
67
46
41
54
41
51
104
82
83
48
93
84
92
79
123
99
70
71
69
62
67
66
66
127
52
46
55
44
72
65
61
45
58
63
53
46
61
70
54
54
94
83
87
73
70
81
74
69
79
41
60
68
79
74
78
69
62
55
74
56
64
63
49
156
88
99
68
66
87
71
70
78
69
54
46
71
57
48
71
38
53
64
54
63
59
63
62
56
60
48
48
51
51
41
42
46
102
36
50
70
92
71
71
66
78
65
83
71
69
71
111
77
65
80
75
50
95
72
74
71
64
109
68
50
67
65
88
70
73
72
72
78
72
76
71
94
81
68
68
66
74
63
47
57
47
58
100
49
51
41
90
84
97
65
64
55
51
82
72
36
35
33
34
32
78
65
70
66
55
56
101
75
61
121
94
103
65
64
63
61
52
68
60
43
38
35
43
36
37
69
69
38
87
37
34
35
80
61
100
83
75
132
76
68
111
95
93
77
89
54
65
68
63
90
95
144
94
50
108
45
38
35
118
111
82
75
80
79
88
96
103
39
37
35
47
211
78
36
35
95
89
72
50
47
99
39
98
87
78
64
53
55
66
53
128
78
175
73
66
72
173
51
74
74
51
89
48
38
142
101
77
86
85
69
81
49
84
123
95
71
71
73
66
102
85
86
80
85
97
112
90
43
42
38
78
88
63
