223
493
336
383
92
92
81
81
94
81
83
76
78
75
78
133
84
245
73
76
80
43
94
171
72
93
98
103
77
44
44
41
54
72
37
45
35
36
69
75
40
90
98
60
78
35
32
31
35
30
64
35
32
78
96
78
89
53
60
78
56
47
70
92
43
35
55
77
43
59
130
80
79
34
40
39
64
78
95
56
78
44
65
45
63
107
97
85
91
63
60
47
52
44
46
35
44
53
40
49
76
100
43
42
42
47
43
56
41
33
34
32
48
36
116
134
83
130
88
99
69
36
36
37
41
37
32
63
49
70
68
52
52
49
47
71
39
39
34
37
46
42
33
33
31
33
33
101
57
86
77
43
131
131
56
48
156
132
98
80
104
133
106
77
110
142
134
89
88
89
135
130
82
77
104
136
133
79
178
132
79
82
130
78
78
136
133
84
74
66
79
46
52
72
60
54
72
64
76
58
43
54
85
92
57
107
97
108
63
51
42
48
52
62
38
32
33
31
32
33
32
32
31
30
33
31
31
32
36
45
43
49
47
35
40
38
128
107
59
49
49
58
45
41
56
42
35
76
86
76
53
45
78
77
135
50
76
75
81
53
79
75
81
47
76
74
82
48
74
123
94
88
108
80
77
92
49
73
75
90
54
78
70
110
115
101
52
79
78
90
49
71
84
91
47
75
70
77
47
73
121
71
75
92
55
77
83
166
89
78
67
52
50
47
62
52
59
52
52
35
100
90
83
69
52
51
45
52
41
37
43
45
50
44
46
40
34
32
34
36
105
135
64
46
47
47
42
44
36
32
38
40
45
40
33
33
34
35
33
36
35
32
97
66
51
60
67
49
56
51
68
55
37
83
43
75
69
72
62
46
48
55
59
77
67
87
76
48
51
48
43
45
45
46
34
41
45
45
36
31
30
31
31
37
33
29
31
31
61
74
66
35
33
122
98
97
65
46
65
51
44
44
66
50
46
42
43
48
35
32
35
84
75
81
105
47
47
45
40
55
124
71
52
41
42
57
49
46
56
50
40
48
40
34
82
67
49
44
43
60
46
42
44
44
39
34
32
104
61
46
45
72
55
99
59
54
47
39
96
49
44
44
63
38
34
102
114
120
41
47
47
45
41
43
40
49
51
39
34
93
81
47
41
50
41
51
100
104
68
52
45
41
40
64
45
46
59
42
55
36
92
61
119
128
124
124
84
131
142
127
89
81
128
122
126
135
96
89
112
83
145
91
106
93
82
127
140
122
91
81
83
85
129
144
95
104
95
87
111
133
95
91
90
127
131
103
81
86
130
126
111
89
90
96
136
100
112
86
143
84
91
91
124
131
94
110
89
84
130
131
103
93
82
147
83
94
82
133
134
91
124
89
136
108
74
82
143
85
108
123
107
77
47
47
95
48
54
63
106
71
45
47
50
114
61
47
73
128
138
110
130
96
133
103
96
144
82
113
136
98
91
135
92
88
79
90
92
137
101
106
53
117
51
57
51
37
87
46
122
130
85
65
46
40
43
63
42
40
45
45
42
41
42
34
35
40
119
88
88
94
67
37
54
88
72
88
98
40
36
85
114
62
42
64
45
47
40
41
50
51
56
109
106
74
109
78
86
77
80
89
55
77
105
94
51
78
78
136
59
74
78
107
70
73
96
45
79
136
68
74
99
45
71
76
89
45
131
108
87
55
44
46
40
35
38
41
44
40
42
39
33
53
145
54
81
86
139
98
52
48
60
51
94
102
80
94
96
96
79
101
100
65
84
41
35
32
32
31
31
32
93
94
73
47
48
43
46
38
130
68
96
102
81
45
48
42
42
44
41
47
60
38
39
73
59
94
44
73
77
91
112
72
89
93
131
43
73
80
86
42
78
81
89
49
74
79
90
57
74
76
101
43
76
76
88
42
85
77
93
67
83
73
97
47
73
78
87
53
74
73
82
65
73
77
84
50
79
93
77
75
85
60
85
61
79
66
84
93
36
33
33
31
39
37
72
89
75
83
148
64
77
79
128
51
99
88
47
76
73
94
54
47
52
51
85
55
59
46
55
38
84
54
96
51
92
69
81
53
75
90
129
75
119
97
61
44
47
43
41
39
41
43
42
45
36
41
152
64
65
93
48
151
89
66
56
53
50
45
45
42
43
45
35
91
53
54
154
86
96
61
45
42
44
42
50
43
43
46
38
80
118
103
69
63
55
52
43
45
44
50
47
38
41
105
112
173
46
55
53
87
62
50
48
44
35
44
48
40
35
33
75
101
48
91
95
61
52
51
61
39
71
