278
261
362
294
110
88
64
58
51
77
85
78
60
42
38
48
88
82
80
66
73
46
40
37
41
51
52
38
65
69
50
59
55
44
54
36
71
70
72
70
36
36
82
88
61
49
45
61
68
76
77
58
65
68
39
34
37
45
49
36
73
93
64
65
143
140
96
141
72
40
121
82
127
75
39
33
42
88
77
78
35
92
142
141
90
83
46
91
126
74
36
94
105
89
49
102
83
141
54
51
99
80
135
85
76
104
78
107
90
135
93
109
83
129
108
126
91
129
95
128
103
126
98
130
83
137
84
95
91
142
86
120
84
104
90
135
96
101
78
123
94
141
88
84
82
96
93
85
110
89
92
62
121
135
70
74
54
83
89
75
98
41
35
46
48
73
49
81
134
48
43
45
67
48
46
49
45
48
47
55
49
38
126
85
71
34
43
48
47
44
57
51
43
51
47
39
133
73
37
48
47
50
90
51
47
55
52
47
93
40
37
42
80
45
78
38
40
44
49
105
89
38
41
47
50
106
76
38
48
48
56
79
78
42
54
48
56
108
71
36
43
47
57
134
65
83
71
96
69
43
46
55
82
59
115
75
78
37
36
34
34
34
77
75
84
76
91
80
97
88
86
75
75
39
39
41
40
37
81
39
41
104
86
65
73
102
76
96
73
94
115
75
83
89
75
41
56
40
60
41
38
94
58
55
52
56
58
64
58
51
56
62
64
43
43
39
41
62
60
63
59
89
77
99
73
55
52
41
73
66
54
41
37
52
65
64
69
52
41
76
61
53
60
56
56
47
48
52
54
51
47
44
43
39
55
63
60
51
56
57
50
76
82
69
73
70
78
72
60
61
69
71
62
71
74
68
60
53
72
111
75
91
80
82
76
88
76
80
97
91
89
84
82
84
82
66
65
65
67
60
79
66
62
66
59
61
213
56
64
75
69
72
70
65
63
45
57
63
55
58
56
51
63
50
78
63
59
63
64
54
55
50
57
64
54
58
56
53
70
49
57
61
47
47
47
46
46
43
43
60
62
48
47
48
48
47
38
56
51
49
46
46
44
53
44
66
51
49
48
48
45
50
38
71
56
52
73
63
51
53
43
52
51
46
52
47
51
56
39
55
66
58
70
63
68
64
83
56
68
72
67
52
54
89
49
37
59
56
51
53
48
59
55
37
67
46
42
46
44
55
57
43
56
48
46
46
44
49
49
39
50
48
48
52
63
68
68
67
56
52
51
55
69
49
61
46
50
80
51
51
51
54
52
49
53
60
51
49
51
55
51
42
42
52
47
57
45
43
53
41
42
59
54
53
43
46
45
46
41
48
46
46
44
47
57
55
38
35
58
80
78
70
51
50
46
47
38
49
56
65
51
79
49
61
52
59
54
52
63
48
65
57
67
61
72
59
62
65
73
67
56
60
51
47
43
58
61
61
56
59
54
56
58
57
60
53
49
49
57
56
55
50
68
58
51
48
47
54
54
53
49
58
58
62
58
52
68
66
60
49
52
52
55
68
64
66
52
64
56
46
55
55
58
60
48
51
52
59
49
59
59
52
53
56
47
55
59
65
54
60
69
52
52
55
42
36
34
94
67
49
46
55
41
55
51
52
41
53
56
52
40
47
54
62
58
88
62
121
80
48
75
64
88
66
80
73
67
48
59
56
62
59
53
58
45
50
52
39
37
69
48
52
45
44
45
46
46
43
59
48
42
44
45
38
45
49
44
41
52
46
51
51
46
38
39
39
44
48
48
48
43
43
46
36
44
42
39
45
57
62
79
71
53
63
65
121
61
70
51
46
66
58
60
57
73
51
58
51
42
76
73
65
69
39
76
78
65
67
68
54
84
63
48
53
95
76
74
80
79
74
100
68
47
41
35
63
35
122
71
90
71
76
83
80
76
60
79
89
55
59
108
84
88
121
126
97
97
94
85
104
71
74
87
94
97
150
99
81
131
96
137
81
79
102
80
89
73
109
77
77
81
100
109
91
83
77
83
74
100
74
36
78
76
103
110
83
98
101
82
83
92
109
75
112
97
93
79
103
93
84
109
82
106
98
96
78
92
72
41
104
77
110
124
93
85
120
116
77
56
80
83
136
94
57
38
35
38
33
39
34
95
81
98
73
73
75
76
120
81
79
150
105
85
135
90
72
81
72
37
71
61
60
62
53
47
48
56
46
41
36
34
55
38
38
39
34
39
32
36
49
34
33
31
31
217
71
53
47
44
55
48
109
73
52
44
37
38
36
37
35
43
124
80
50
63
50
64
47
62
58
66
