381
303
279
328
98
153
84
94
83
82
82
130
97
138
91
86
94
95
151
63
126
119
138
84
74
74
77
78
86
83
58
79
84
98
78
141
80
73
87
92
128
91
83
79
128
85
78
73
103
77
72
142
77
76
136
81
80
73
108
141
93
84
88
88
79
73
83
78
134
132
128
130
80
144
137
138
100
90
83
95
89
81
123
80
134
76
148
85
78
74
77
90
76
79
79
83
85
77
121
132
97
84
86
77
80
83
77
78
78
87
92
85
133
81
83
79
143
117
87
89
44
97
86
128
83
135
80
81
85
120
120
89
108
86
142
73
126
88
138
79
124
87
80
78
87
77
80
82
78
79
85
84
81
80
87
87
81
82
78
124
86
95
83
100
98
86
88
116
87
90
134
84
115
141
132
134
80
107
96
81
100
117
88
139
139
142
74
148
122
132
133
134
130
129
83
81
81
84
85
92
81
76
41
32
37
73
77
77
91
86
100
76
142
80
79
92
103
86
97
111
128
116
132
136
138
153
114
112
132
132
127
136
131
125
153
139
125
104
80
76
108
77
84
90
71
38
82
86
125
91
59
106
76
107
91
100
87
81
122
81
122
118
86
139
85
85
77
54
107
87
132
99
70
112
80
107
82
102
112
79
91
110
101
131
91
89
86
82
82
117
131
110
111
99
111
97
127
100
96
82
97
100
122
118
99
118
110
85
112
82
110
107
130
135
81
104
134
89
108
118
84
63
79
122
76
130
111
107
98
97
87
92
91
114
132
144
66
46
48
57
51
37
81
75
49
45
38
35
41
35
57
48
39
37
48
43
80
35
84
113
109
79
80
88
91
79
46
37
33
77
42
83
116
125
88
111
136
102
83
116
102
91
90
108
80
114
92
87
81
102
129
78
93
111
128
96
80
123
85
113
128
103
102
82
124
110
90
128
127
80
107
104
95
87
90
125
92
92
86
117
102
89
126
81
85
84
96
67
66
79
63
69
69
66
72
73
68
51
56
59
59
52
54
69
74
84
72
47
52
65
68
44
64
65
44
37
32
45
35
33
32
32
63
47
53
48
43
44
49
65
47
36
39
51
72
46
49
62
51
57
53
47
80
66
58
43
54
39
52
78
72
55
51
49
46
46
75
47
52
47
74
74
66
69
45
39
51
37
35
33
62
56
49
52
68
74
68
47
64
43
63
64
75
75
72
76
76
74
71
66
65
72
68
68
68
59
56
64
59
61
52
74
57
61
65
68
94
72
61
70
73
68
67
61
79
70
68
69
64
72
71
70
73
78
72
68
72
65
64
71
69
69
70
70
67
59
77
69
49
93
63
70
71
64
47
65
58
54
64
56
73
88
80
66
68
79
76
69
64
64
77
63
61
73
69
64
54
61
71
75
69
59
60
70
58
44
78
119
84
78
98
106
109
127
77
121
105
76
140
96
91
88
94
112
78
81
134
82
127
92
80
120
99
104
100
134
90
79
101
95
98
158
156
145
74
85
64
78
61
73
61
74
127
80
100
89
95
98
118
87
80
108
104
164
115
96
87
133
115
113
107
88
117
102
85
85
81
94
92
83
103
103
81
112
111
82
91
94
116
102
81
78
82
102
130
98
95
122
121
82
108
135
94
93
107
93
93
75
82
153
104
90
77
103
136
80
78
134
112
81
120
87
76
126
87
113
114
83
81
78
100
103
97
82
101
89
79
89
102
136
88
112
114
110
109
132
90
82
84
93
72
99
106
92
95
88
105
63
68
56
66
47
71
57
66
61
68
56
52
53
52
49
71
45
80
56
53
58
68
41
57
64
40
34
32
47
33
34
31
36
49
48
45
42
51
51
55
137
57
68
80
65
63
86
45
66
63
45
49
55
51
44
35
49
41
35
45
47
55
47
54
46
61
58
48
40
42
54
65
59
63
44
39
50
39
32
33
52
46
65
46
66
47
49
66
43
46
38
58
60
54
69
60
60
65
61
78
59
55
55
37
45
56
43
46
49
63
46
67
58
62
65
63
62
61
57
57
63
61
60
55
55
53
69
56
53
70
59
63
59
57
58
55
54
55
59
57
68
58
40
63
52
62
65
54
59
65
53
49
53
53
76
56
66
54
61
61
70
61
57
69
64
69
61
67
59
59
53
63
66
59
68
49
38
80
90
80
126
101
80
124
91
81
129
95
86
79
108
132
84
83
81
94
120
85
79
104
73
80
118
95
129
89
104
127
104
126
108
98
83
107
90
83
149
98
78
126
110
120
90
91
131
81
97
92
103
92
105
103
124
83
