301
266
222
241
71
60
50
56
52
58
48
43
96
94
88
104
64
45
97
110
88
116
67
54
52
53
45
51
45
48
56
48
63
40
35
37
33
48
139
88
72
53
51
51
50
49
54
42
88
105
86
54
51
65
50
63
60
52
60
45
40
103
82
73
52
53
50
48
56
125
54
48
152
85
85
88
62
88
113
86
53
82
86
108
78
115
80
82
76
85
82
106
105
96
80
78
48
38
38
37
35
34
81
99
68
65
64
62
45
131
111
89
76
69
65
74
71
52
86
53
57
66
172
77
76
65
56
46
70
52
42
78
69
57
62
57
60
54
66
42
81
95
49
101
81
88
136
83
157
72
67
72
75
62
69
56
53
63
43
78
38
33
35
130
101
106
73
44
43
51
66
50
50
50
50
52
40
52
62
66
56
50
58
57
99
71
49
52
40
41
151
102
50
48
51
41
41
40
45
57
59
59
58
59
59
59
74
69
57
54
62
42
39
43
37
45
54
102
68
68
64
62
55
61
59
64
43
98
61
68
61
87
66
61
59
57
61
54
79
59
72
113
73
43
60
85
98
57
79
79
81
80
79
87
78
79
96
66
62
68
50
51
41
38
37
45
52
54
46
52
49
48
48
49
42
35
37
38
62
59
52
49
51
50
44
38
60
61
53
64
51
44
49
48
37
38
34
49
53
46
52
48
50
45
46
50
43
37
39
34
46
57
57
49
44
51
48
50
41
37
37
37
50
49
47
50
45
104
47
39
37
84
54
65
51
65
97
86
72
85
72
59
53
53
51
49
52
51
79
95
97
65
45
44
39
34
67
48
54
51
50
70
52
75
49
40
53
46
53
53
50
50
48
49
42
38
56
44
47
58
41
42
50
61
74
71
57
57
37
38
84
37
43
53
53
54
56
46
52
45
38
91
83
65
62
47
75
40
52
50
58
41
40
96
56
44
54
51
49
51
48
44
55
41
51
45
99
146
104
69
50
39
38
35
36
49
37
38
43
34
39
41
46
38
36
34
103
126
103
87
58
119
69
39
36
36
40
109
46
50
55
48
50
77
61
51
101
82
46
44
54
56
37
59
48
52
41
79
47
47
63
53
47
52
49
50
45
38
37
108
103
86
73
42
37
35
41
35
47
44
41
36
35
35
34
33
45
50
48
50
49
50
48
52
44
35
36
32
34
37
33
34
32
40
37
34
35
85
84
79
84
107
90
91
93
85
79
43
51
56
47
49
53
49
62
56
64
51
39
61
76
38
38
58
56
62
51
55
56
53
47
50
45
40
89
87
56
53
54
69
54
54
49
48
54
42
146
79
66
53
57
57
89
90
78
53
38
47
59
45
42
39
58
49
49
49
49
51
48
46
51
45
50
40
38
39
33
40
43
98
134
96
90
146
88
131
99
102
44
41
51
60
46
52
49
46
54
47
52
38
37
40
39
37
34
57
53
45
52
48
47
64
68
46
40
38
48
52
51
55
51
57
43
38
45
51
53
46
53
40
37
56
51
60
61
60
47
39
123
104
118
98
48
43
58
51
45
52
48
58
47
51
45
42
47
41
57
57
46
49
51
46
48
47
63
42
36
41
36
50
52
48
50
50
42
39
43
52
49
45
63
46
53
55
43
77
42
65
54
46
61
59
57
45
47
50
44
39
38
62
71
52
67
59
51
51
65
56
44
38
40
44
56
57
51
50
48
51
45
38
87
73
42
38
36
46
85
41
57
53
51
49
48
52
43
50
87
69
46
70
63
45
52
55
56
41
51
93
58
42
55
51
47
49
49
52
56
42
38
37
93
97
80
39
40
36
37
35
36
38
35
35
34
34
36
40
37
43
34
36
116
106
120
124
91
121
77
41
57
55
49
45
48
47
51
46
50
45
45
49
129
83
59
40
36
48
47
50
47
50
51
47
47
45
43
55
43
39
39
151
77
45
45
53
48
46
52
47
49
50
44
94
58
58
51
59
77
93
76
40
38
34
34
36
51
48
57
49
55
47
69
68
54
74
62
56
52
41
37
35
39
40
68
97
106
71
45
38
52
48
49
52
53
50
48
47
51
37
59
57
41
39
55
54
52
46
51
48
43
93
44
47
40
36
58
49
50
49
48
56
38
40
54
51
49
55
79
78
49
79
69
80
71
89
59
52
84
73
81
42
77
39
94
81
143
47
37
35
79
82
80
86
41
82
52
36
79
95
154
95
81
40
82
40
80
43
80
40
34
33
36
86
117
98
82
80
40
69
46
51
57
50
51
59
56
64
41
69
45
35
59
