237
298
236
616
73
95
74
139
76
54
53
63
128
84
64
76
73
84
80
84
89
84
83
71
76
74
77
87
77
110
81
77
78
84
77
80
79
104
91
87
84
67
52
58
44
74
66
76
70
81
64
99
60
64
93
63
53
57
90
59
81
90
111
73
90
70
50
76
67
86
69
47
77
70
70
56
56
102
73
59
174
72
60
77
93
152
90
92
133
84
91
136
83
82
147
80
134
79
131
100
94
94
135
79
89
83
138
138
78
81
99
106
82
88
90
81
87
84
82
153
80
41
35
32
33
32
32
32
80
80
106
81
60
45
48
44
44
49
47
40
36
33
33
39
32
31
38
35
34
33
35
33
55
57
41
35
33
41
36
32
159
134
91
92
86
40
35
35
47
50
44
41
37
90
92
92
43
36
36
33
44
42
39
36
33
74
54
47
60
89
44
78
71
144
84
77
111
128
88
51
53
87
81
146
133
96
68
55
39
34
51
45
44
42
45
45
54
69
88
137
80
93
84
99
83
72
91
103
61
59
82
70
83
92
128
68
73
92
77
101
67
82
86
161
92
75
103
104
59
37
90
60
82
78
145
109
95
154
132
81
96
99
103
54
60
69
71
61
61
62
71
68
91
43
34
40
32
72
142
133
86
62
72
60
80
136
75
88
85
85
133
107
92
77
133
159
79
101
84
80
52
46
44
43
44
45
57
44
49
39
34
32
39
83
74
49
49
45
42
44
44
43
55
41
35
80
89
112
89
51
36
93
67
89
91
61
52
50
46
48
52
49
54
37
34
40
43
102
113
83
92
75
45
117
86
62
48
50
46
45
52
52
47
129
85
85
119
100
58
48
50
44
65
54
47
45
51
41
40
34
39
102
68
54
47
45
49
43
45
45
52
39
95
80
98
79
100
40
34
97
62
92
124
112
68
47
69
48
47
47
43
50
36
40
34
38
131
107
78
99
46
35
84
80
54
49
48
43
47
56
44
52
37
77
89
130
75
51
43
46
42
44
43
46
45
91
75
51
37
38
33
33
43
49
39
33
32
32
32
38
34
33
33
32
34
32
38
76
79
77
52
59
68
85
47
49
65
51
36
34
45
51
48
39
35
47
42
36
35
33
44
39
64
60
94
44
37
40
42
48
73
76
74
61
52
116
130
138
76
132
94
84
98
155
89
125
132
146
82
128
120
81
135
72
86
94
131
59
36
33
95
111
125
82
138
89
138
87
131
82
101
89
98
135
96
140
71
113
95
99
93
120
87
103
43
40
35
33
92
55
94
111
97
86
91
86
136
42
73
57
45
83
91
98
138
87
74
71
43
34
32
96
89
76
81
84
94
85
93
43
35
35
36
92
99
79
99
48
37
34
32
128
96
103
101
81
95
86
144
69
74
39
34
33
44
87
103
45
35
34
33
103
72
120
76
77
91
59
60
77
41
33
33
34
98
106
82
76
77
75
41
34
35
39
123
144
84
85
78
86
45
40
35
35
123
126
87
93
92
107
134
82
132
80
102
102
91
44
40
33
33
83
106
110
76
94
98
81
89
114
57
36
35
32
90
57
83
97
88
84
90
75
76
39
43
32
34
134
73
124
79
72
39
32
32
100
79
102
85
79
79
98
99
90
66
40
33
32
115
68
105
80
94
92
57
38
33
33
81
97
74
128
77
127
86
99
90
79
87
97
137
77
85
112
80
100
66
83
132
82
81
111
89
95
89
80
92
79
86
81
135
84
91
96
81
72
79
95
81
97
86
93
119
93
133
119
82
89
92
93
100
73
53
49
45
42
44
40
48
47
43
48
38
37
33
32
37
104
121
83
83
71
40
34
82
87
85
57
102
80
105
61
82
83
69
51
68
56
43
43
47
40
34
32
32
33
76
82
60
52
63
50
47
35
33
34
32
35
35
38
33
48
57
38
34
31
33
32
45
48
43
37
44
33
33
37
33
33
31
31
31
30
31
41
36
33
40
44
40
50
41
35
35
34
32
32
35
32
32
32
66
57
50
44
40
34
35
45
45
47
43
34
39
58
36
37
35
40
37
69
79
67
62
67
63
70
70
71
50
61
44
40
111
129
103
86
119
78
43
37
85
184
106
82
43
92
144
98
93
61
44
98
122
89
96
66
41
110
82
88
86
146
88
94
141
100
81
101
88
77
86
113
72
81
119
93
92
57
55
51
46
71
58
66
47
67
47
37
40
44
39
65
39
51
66
65
47
54
44
52
42
46
40
41
46
141
86
50
37
34
32
34
36
32
51
41
40
35
39
72
71
