257
468
221
332
54
54
60
58
44
46
44
41
39
45
96
67
101
99
93
60
61
57
66
49
52
54
39
39
41
97
63
90
114
141
68
52
58
54
54
49
45
39
48
61
42
40
40
48
59
79
76
90
134
107
91
79
61
55
60
47
43
48
50
48
40
38
35
33
44
94
77
112
65
54
44
56
57
72
65
63
44
39
50
55
49
51
62
43
51
76
53
58
46
82
110
65
57
46
49
57
50
39
80
88
81
42
41
36
47
80
85
79
71
90
70
69
70
68
59
54
71
64
87
79
114
104
66
54
47
53
49
50
47
46
55
39
32
38
38
35
34
33
41
79
57
59
79
89
59
51
56
42
47
38
34
33
47
37
34
31
34
31
31
30
30
32
31
31
47
54
47
82
50
107
66
64
69
57
51
44
52
35
83
71
87
86
110
58
53
45
49
48
37
52
53
39
37
34
35
33
33
35
33
77
53
53
40
35
32
33
32
32
32
49
77
96
80
106
94
59
49
48
45
44
39
36
37
33
34
34
34
33
36
34
35
47
55
37
35
34
32
77
93
61
63
53
46
88
55
50
48
50
56
53
43
100
69
54
50
50
49
48
57
46
51
43
114
91
114
88
51
54
56
57
51
55
52
72
47
43
36
38
48
93
56
54
64
79
60
52
87
89
55
52
47
48
57
69
49
44
78
45
40
39
90
61
47
51
41
82
121
92
119
99
89
81
108
64
57
50
58
50
49
55
46
59
40
35
34
32
34
34
32
43
40
44
34
40
63
85
93
42
38
44
55
52
51
45
52
52
40
37
34
42
100
88
74
84
53
45
44
40
33
41
44
43
45
41
36
36
77
136
70
53
50
66
57
88
82
53
46
47
44
39
36
37
54
42
45
40
40
80
87
44
75
45
44
54
55
71
45
51
92
54
90
97
95
87
65
79
148
85
77
80
86
49
47
63
52
44
49
45
40
36
36
80
66
81
64
47
52
42
44
34
34
42
47
40
35
37
52
39
88
53
45
46
52
85
57
77
82
70
60
75
51
72
67
69
55
48
40
34
34
52
58
47
42
79
73
76
71
70
40
51
45
68
53
45
45
47
36
35
34
40
81
94
83
87
67
95
71
56
120
67
107
94
83
101
117
77
54
92
59
144
61
59
53
49
48
52
50
49
51
37
31
32
35
70
104
143
103
87
99
51
50
46
46
43
42
36
36
40
76
56
58
86
65
78
84
95
85
107
94
68
50
45
43
44
41
73
81
92
95
99
56
57
46
60
47
89
85
124
128
95
66
49
41
44
56
66
72
91
52
89
103
57
59
55
56
43
75
90
100
138
87
87
99
128
67
80
84
64
88
60
78
74
116
73
72
75
66
51
44
49
50
53
43
36
42
35
44
41
48
36
33
32
36
77
72
89
82
52
43
51
45
53
65
50
71
73
81
63
54
41
37
88
65
53
47
44
50
40
37
36
39
36
42
78
99
77
77
75
60
50
60
56
49
57
83
73
58
60
42
54
97
87
57
50
49
53
52
53
103
69
63
47
51
49
84
58
61
52
97
58
80
73
81
87
80
81
60
48
48
46
62
49
44
44
48
37
33
32
39
39
91
66
48
45
45
47
92
95
63
68
74
68
68
79
74
69
81
60
40
35
32
46
42
41
48
42
46
51
46
72
41
41
34
34
57
79
61
94
56
83
78
81
139
84
81
48
47
52
45
44
42
45
45
43
62
53
84
62
63
86
66
60
60
57
76
54
68
75
83
59
74
105
94
134
74
138
90
104
61
96
156
112
95
66
85
73
61
58
79
76
77
78
69
56
46
113
77
145
94
86
65
64
77
105
76
78
77
65
58
57
43
82
171
81
83
79
83
87
81
74
63
42
47
55
98
70
63
71
50
47
38
35
32
33
40
74
127
94
81
87
49
68
52
47
42
42
37
36
38
35
40
50
45
47
40
39
35
31
37
80
68
84
89
131
91
64
57
55
44
47
43
48
44
46
37
34
36
84
73
84
70
91
95
75
66
50
46
47
44
40
34
33
66
62
56
43
46
49
37
34
33
31
40
78
54
50
50
80
74
39
82
109
76
70
52
49
45
47
43
43
48
38
32
38
43
77
56
51
100
74
64
86
89
91
83
63
49
43
62
54
43
42
36
33
35
33
44
42
54
48
42
36
31
40
44
74
51
51
91
62
77
40
113
136
90
77
60
45
50
44
46
46
44
44
38
33
68
48
75
52
54
101
67
74
56
99
94
78
88
117
54
55
49
43
77
58
61
