310
264
306
323
93
105
56
43
39
37
36
37
36
82
82
55
50
40
96
72
56
41
66
84
43
90
77
36
42
61
74
76
83
39
72
55
57
66
64
87
67
45
35
71
59
57
76
58
84
102
80
104
68
38
60
39
40
34
33
32
32
31
32
35
35
32
77
88
86
60
115
72
46
84
49
71
90
47
62
39
37
42
48
71
50
48
71
50
38
45
36
42
54
43
38
38
37
47
45
38
47
39
35
38
33
95
106
82
48
73
60
61
67
77
64
47
46
43
88
89
72
84
38
34
77
76
56
52
37
48
38
34
33
31
31
64
74
76
53
43
36
36
33
33
33
45
72
39
38
36
33
32
36
77
74
41
36
41
34
49
60
64
77
46
101
88
69
59
37
44
92
88
48
37
57
39
35
48
38
36
34
32
39
42
75
78
82
80
47
103
69
47
51
47
50
50
40
44
55
44
68
50
57
42
61
47
49
48
86
47
81
59
69
76
56
72
54
58
47
42
53
56
43
58
89
52
55
58
68
57
50
45
64
47
65
40
71
65
63
41
79
68
66
70
134
69
59
70
53
91
64
59
73
85
73
65
67
66
103
101
113
66
45
62
65
38
111
51
46
64
38
55
96
67
84
52
109
127
126
112
100
83
92
74
82
54
100
154
62
71
75
89
89
53
81
42
62
78
80
51
69
65
71
55
84
54
54
84
51
46
46
80
82
51
114
75
51
80
61
80
51
72
38
99
63
118
84
68
92
106
76
66
63
181
81
76
87
58
46
56
87
58
56
37
80
74
56
46
87
70
91
73
61
38
79
198
90
89
112
72
100
102
81
86
80
135
91
72
76
93
50
56
47
93
45
64
85
48
71
81
85
47
44
38
36
34
34
34
32
72
99
67
89
82
91
85
94
79
86
99
81
83
83
87
106
90
1133
94
113
95
93
121
90
102
81
97
99
91
87
71
90
102
96
91
84
88
103
80
99
89
80
109
90
94
101
136
104
109
91
120
79
47
36
38
44
45
46
47
49
40
38
52
47
40
46
43
35
71
52
41
49
48
43
40
38
48
84
41
42
35
42
42
44
39
39
40
41
49
49
45
46
41
37
37
64
39
35
42
45
65
41
51
43
52
39
48
36
36
40
36
36
68
49
40
41
47
53
39
41
51
46
43
39
40
51
87
94
72
39
45
37
51
40
35
39
40
44
36
53
65
40
39
52
54
46
35
39
37
49
44
46
38
36
54
44
41
59
43
40
49
38
49
39
37
49
42
34
51
40
50
36
34
52
38
38
51
51
42
53
48
56
38
44
45
87
79
44
40
38
48
45
59
52
49
45
38
44
62
36
47
52
45
42
36
44
42
39
50
39
35
37
34
47
39
39
42
36
38
67
61
41
34
50
41
48
35
33
47
38
34
62
38
45
41
54
46
40
41
47
60
42
39
38
40
37
43
37
55
42
47
46
44
46
43
56
58
42
45
42
37
39
42
41
36
46
39
38
45
41
42
43
42
57
44
43
43
41
40
36
32
46
35
37
34
33
35
38
37
35
33
37
36
35
48
37
38
54
42
42
64
44
40
45
51
43
36
34
32
40
34
40
37
51
42
43
38
37
53
44
34
44
36
39
38
34
44
49
40
55
40
36
40
38
38
35
39
36
33
37
36
39
39
36
36
44
40
56
52
42
40
38
40
57
53
63
42
46
36
42
36
35
60
43
45
39
35
36
44
42
54
44
42
36
44
42
40
56
47
42
44
52
43
40
37
35
74
40
33
43
40
42
38
35
52
44
40
41
37
49
41
41
40
38
43
39
38
55
39
38
64
57
79
91
76
42
44
39
44
40
42
43
48
40
49
38
45
37
45
58
34
49
36
39
33
45
34
42
47
37
43
46
42
38
33
36
34
35
46
36
37
39
42
49
37
50
43
40
34
35
42
40
40
39
35
56
40
47
40
35
36
35
50
41
38
41
35
38
42
37
35
33
38
43
48
40
34
38
75
36
39
48
50
46
37
38
35
50
87
45
47
35
52
57
45
67
38
38
46
63
45
55
42
62
42
55
40
37
36
34
32
35
34
41
42
36
36
33
37
35
34
38
34
35
33
33
35
33
35
33
32
37
35
41
36
34
36
34
35
34
33
49
43
43
35
34
40
46
66
48
50
38
41
48
42
47
58
41
36
35
34
40
40
36
45
81
86
77
73
54
68
59
59
37
38
44
35
34
36
36
35
43
36
34
35
35
43
40
36
38
37
37
39
38
41
49
69
62
38
38
42
55
