204
305
209
562
78
72
71
52
83
81
52
42
43
80
47
49
67
47
41
39
51
44
40
37
73
90
59
78
69
59
105
72
38
38
95
62
70
68
38
58
66
67
56
44
49
37
53
44
48
43
40
35
59
45
40
39
39
38
53
50
39
37
41
35
47
40
60
56
64
50
42
33
44
43
38
39
40
41
55
48
56
50
43
41
46
54
62
47
43
49
65
52
69
70
71
75
54
66
72
60
55
65
62
49
50
62
67
55
57
55
56
59
52
53
59
55
60
67
65
58
59
62
41
34
32
38
90
91
58
59
71
41
40
47
47
58
43
60
45
49
51
50
50
51
42
43
51
40
49
36
44
52
43
50
43
45
74
52
47
55
50
55
79
120
80
42
65
72
82
72
99
65
44
43
47
44
46
50
50
70
60
54
45
58
43
39
57
49
37
35
32
64
40
31
32
69
61
39
34
37
65
50
36
67
41
46
95
64
112
72
72
48
41
43
41
36
83
50
41
91
93
53
116
82
71
71
68
42
37
39
33
31
32
31
33
32
35
34
86
64
41
32
33
32
33
32
38
33
70
105
45
37
34
32
31
31
31
35
70
43
69
53
57
46
47
52
50
45
65
85
64
34
55
52
36
34
32
32
31
31
33
34
86
59
64
74
66
60
75
77
72
80
89
64
52
55
51
71
52
49
57
65
95
69
44
148
99
111
82
91
65
44
86
75
97
70
80
73
77
68
65
73
80
47
59
115
101
97
118
54
66
146
232
95
115
79
55
52
88
88
113
82
46
40
120
98
92
82
115
71
163
81
87
123
74
49
71
118
80
69
88
117
83
64
127
141
70
79
107
88
122
94
60
70
83
69
117
80
46
52
43
66
296
254
246
331
114
149
176
185
133
135
116
101
99
152
102
136
89
122
137
101
151
228
136
150
152
160
155
167
224
163
120
119
141
159
95
100
153
137
92
133
110
104
94
169
175
89
141
83
87
126
174
90
147
143
139
163
146
105
157
145
90
177
157
86
122
161
160
165
115
110
89
140
97
101
139
83
143
118
90
138
85
143
139
111
127
88
142
86
138
111
145
89
147
135
107
126
90
149
138
92
147
117
147
97
189
120
159
145
112
142
160
132
198
177
136
146
109
180
130
150
110
112
157
83
107
163
90
107
135
105
84
63
41
116
164
123
103
47
60
69
44
44
80
108
88
85
92
49
139
134
103
135
106
98
153
94
109
96
102
97
98
47
55
47
46
55
102
109
82
97
122
125
150
83
99
114
109
97
57
70
90
49
93
45
38
34
104
84
47
36
43
39
37
76
37
33
40
38
76
98
44
34
34
33
33
32
32
32
31
33
31
31
31
31
30
37
38
34
37
35
41
70
54
49
63
68
49
62
78
53
57
58
42
37
43
43
42
69
94
80
77
88
86
76
60
96
83
99
145
93
97
168
145
88
143
97
67
95
93
90
97
88
83
161
77
122
166
108
100
54
43
138
97
102
106
143
190
142
145
173
104
106
106
117
86
92
123
78
38
42
141
155
128
92
99
151
177
144
110
81
99
93
149
158
116
119
137
85
142
115
100
46
100
111
137
130
161
135
162
81
82
81
102
75
161
86
108
84
97
96
98
94
84
91
122
90
122
137
101
95
97
93
95
102
85
132
140
125
138
104
103
117
126
150
135
83
108
112
94
127
78
93
137
94
93
81
98
129
129
131
124
82
93
119
95
120
117
127
137
98
82
84
85
317
105
79
78
84
86
168
90
86
69
65
55
55
56
53
57
56
44
42
55
60
46
62
64
57
57
50
55
90
67
68
68
63
79
65
63
67
42
53
45
42
46
52
52
59
45
46
103
95
96
63
56
53
51
57
82
70
53
42
45
35
41
38
35
52
49
43
36
93
63
62
77
71
74
74
74
75
72
67
77
103
91
61
78
85
75
81
83
74
72
62
49
53
62
59
57
53
65
61
50
54
61
48
60
44
41
40
78
74
88
80
73
43
90
50
72
90
73
75
69
78
86
73
72
70
71
85
71
88
84
92
73
90
62
55
66
67
57
53
78
69
67
67
61
45
52
62
75
81
78
81
75
80
65
106
90
84
67
77
73
102
70
66
59
57
42
40
38
40
40
34
36
40
35
40
34
33
34
38
39
53
69
61
40
41
35
113
60
73
92
80
67
116
114
125
60
47
48
43
42
45
43
46
46
42
36
33
33
32
30
40
41
43
51
36
37
32
32
35
33
38
36
35
32
31
101
86
80
52
41
52
52
45
47
93
79
