147
3424
255
397
109
97
59
73
54
76
57
82
92
84
85
93
82
78
54
80
72
76
87
75
81
62
77
83
69
51
52
41
55
72
92
57
89
146
96
173
201
187
156
129
91
122
89
176
158
98
158
98
96
89
97
145
85
84
94
84
98
53
37
82
110
117
84
79
106
77
92
74
99
84
73
125
107
63
57
73
83
69
69
68
74
88
85
101
88
77
71
63
70
80
97
74
70
71
64
68
71
70
66
69
91
46
37
95
88
67
70
65
72
75
69
74
69
72
76
106
80
57
116
83
66
64
73
84
79
75
74
69
91
97
101
72
63
56
40
41
70
64
58
68
64
83
106
90
40
54
74
60
53
47
49
48
47
100
86
48
62
46
44
49
44
49
67
108
86
51
66
73
73
82
78
84
82
73
53
37
48
58
71
69
61
68
87
52
61
46
63
51
46
60
56
55
51
43
57
56
61
78
62
86
74
83
77
91
95
99
86
68
72
84
77
70
126
72
67
102
54
43
36
118
76
79
107
81
99
84
96
107
65
58
66
56
67
70
114
75
78
80
79
95
95
107
104
116
103
87
96
79
54
52
53
54
58
49
46
60
109
82
95
66
70
100
91
91
81
80
83
73
89
78
79
100
113
77
113
154
126
92
124
198
104
109
148
99
106
144
115
88
99
82
81
76
79
92
92
107
74
88
84
100
103
97
80
88
77
77
86
77
73
81
79
199
71
82
103
142
83
78
91
110
171
76
80
77
100
92
102
105
114
78
86
127
109
93
84
75
97
250
73
94
146
173
112
99
78
73
86
114
113
93
83
82
90
105
95
78
81
148
177
149
93
72
83
118
94
139
155
153
99
87
128
104
80
68
73
74
73
74
74
103
81
84
130
70
88
90
83
87
83
92
70
48
66
75
47
44
118
62
41
45
40
41
40
115
73
84
114
73
74
91
77
84
71
62
85
125
106
86
69
79
125
89
57
63
68
87
72
54
55
71
66
51
50
50
49
74
80
69
78
95
75
62
65
63
69
67
63
70
81
97
94
83
84
65
63
71
63
71
61
60
138
76
66
68
78
93
71
66
61
57
59
65
114
89
110
75
74
77
141
87
67
62
43
40
37
77
52
48
51
58
90
55
42
52
48
45
103
115
75
62
63
70
72
66
60
63
68
46
57
40
49
62
68
69
68
62
90
73
71
57
47
53
52
46
43
39
42
38
42
42
46
60
42
45
41
40
46
41
39
40
88
68
86
69
96
68
65
89
65
88
65
84
132
73
84
60
94
73
99
78
54
87
74
57
66
65
57
56
45
48
48
55
72
44
49
45
80
78
63
66
76
78
132
93
73
77
89
105
85
86
81
77
70
61
78
68
73
64
56
65
68
78
70
68
68
75
66
63
58
65
64
69
62
63
62
61
64
61
62
70
117
78
65
67
70
70
69
76
72
69
81
72
86
72
71
72
76
76
77
69
77
70
78
72
73
61
76
68
74
69
73
75
87
81
69
67
106
71
80
76
73
66
92
72
72
79
81
75
74
80
78
87
74
72
73
76
78
77
90
81
78
111
70
82
77
81
72
84
88
82
84
71
198
74
74
72
89
64
78
74
75
75
86
72
89
74
49
71
80
85
67
75
74
84
60
75
74
74
77
73
86
57
61
44
45
49
59
90
86
89
78
74
77
73
76
75
75
78
203
81
102
72
77
93
139
75
74
79
81
82
73
72
72
103
89
66
74
70
112
75
70
70
73
74
73
90
72
77
76
78
75
69
79
75
75
86
65
68
84
75
78
62
89
149
79
68
74
74
84
108
92
73
67
77
73
97
75
79
87
75
136
134
89
74
78
76
74
101
70
130
75
89
71
98
99
81
75
174
84
72
85
96
80
74
93
58
73
91
85
76
93
86
73
62
114
75
77
108
92
82
49
49
107
73
84
71
97
74
99
99
69
89
67
69
106
106
172
60
71
77
82
95
70
72
80
78
70
76
74
91
82
167
84
81
69
55
66
79
74
77
77
74
85
70
78
72
70
68
101
63
86
66
70
93
67
145
97
129
106
112
176
94
75
103
109
85
152
119
133
119
100
122
145
112
163
111
181
117
182
165
170
161
148
162
105
88
101
162
114
177
118
154
126
99
110
87
103
96
167
90
106
115
90
107
75
95
84
69
78
79
74
74
82
72
64
61
62
64
69
70
68
69
68
74
80
67
58
66
140
82
77
72
74
71
66
109
67
68
64
66
66
87
66
67
73
65
61
68
68
67
64
53
47
50
102
87
85
