284
286
206
348
113
95
76
79
82
76
53
67
86
77
81
80
61
48
48
39
41
46
40
60
47
112
81
57
73
55
38
42
34
68
38
34
116
56
102
119
92
90
86
90
92
70
64
62
81
45
59
36
77
73
38
89
87
67
100
83
53
72
63
125
60
75
70
80
78
76
77
55
79
89
141
50
60
74
106
52
48
82
143
90
66
65
69
72
54
69
58
56
74
50
71
59
74
69
54
49
68
58
72
54
57
121
63
138
52
60
59
53
63
61
54
92
57
62
69
50
57
50
59
54
69
156
61
67
43
37
52
111
86
99
67
65
54
69
56
54
41
50
46
46
41
94
82
77
66
65
56
71
76
64
62
67
73
65
84
47
63
42
47
107
86
56
97
70
54
60
42
86
56
54
74
53
56
76
55
35
60
46
72
52
59
72
48
76
65
64
59
58
60
65
41
57
67
69
78
83
66
57
64
59
49
70
60
48
74
107
61
65
79
72
81
49
53
44
67
54
68
76
63
66
49
40
93
52
45
144
104
86
100
66
67
67
40
50
52
45
51
44
42
35
33
31
79
74
65
58
50
72
70
65
92
42
57
61
55
57
57
57
67
85
67
69
68
61
69
68
63
71
64
52
57
47
50
57
49
48
47
63
43
58
63
57
43
64
58
47
42
55
49
53
46
41
44
48
51
57
67
57
47
43
52
60
49
55
43
62
50
46
52
54
54
51
52
46
59
63
78
68
71
63
43
35
34
48
55
52
55
38
95
72
72
53
44
38
40
44
34
32
33
32
46
36
34
33
31
31
93
78
72
42
79
85
66
41
45
59
51
61
69
40
69
46
59
63
43
35
34
31
32
34
80
75
45
60
66
53
51
44
44
36
34
37
35
43
32
32
40
40
36
34
31
74
76
81
67
49
76
55
50
50
46
83
52
41
43
38
40
36
32
34
32
36
32
31
33
33
54
86
72
49
54
82
59
52
47
49
40
56
48
57
44
42
79
50
54
49
54
52
46
51
44
42
43
42
53
45
46
50
52
59
48
46
61
43
52
41
43
49
49
43
47
45
55
40
51
67
44
41
38
46
44
60
47
49
49
78
59
87
61
59
72
59
62
95
80
61
46
62
110
51
39
43
53
51
41
50
45
37
35
47
38
38
50
36
32
33
31
32
31
30
31
85
70
45
44
50
42
54
47
66
48
40
45
43
39
68
41
45
46
52
38
62
42
54
48
51
42
46
45
43
42
39
38
50
36
46
40
51
73
69
48
48
47
65
48
50
40
41
49
42
44
43
43
42
58
61
67
44
39
42
42
53
47
50
47
38
64
60
70
78
54
89
79
87
101
73
46
47
65
47
37
41
41
39
62
38
46
39
43
39
35
40
35
34
39
35
45
41
36
37
37
34
36
36
38
38
41
48
38
45
39
37
44
41
47
50
42
57
47
44
38
49
34
33
32
30
31
34
99
77
59
61
69
81
66
66
64
71
72
75
67
60
66
58
61
52
105
49
38
36
33
71
81
80
69
62
76
76
61
59
68
72
71
41
47
42
43
47
38
39
35
33
33
65
58
78
66
310
82
44
40
73
62
44
57
53
65
92
63
78
71
76
64
83
69
47
48
45
57
48
58
51
42
44
41
44
42
39
40
37
56
47
41
40
39
41
40
37
37
38
44
40
41
43
39
48
41
40
41
38
38
38
52
47
81
90
46
41
40
35
41
42
55
86
52
71
63
50
67
43
34
36
32
58
43
44
49
41
51
56
51
55
51
59
65
42
52
50
52
69
47
38
50
63
84
71
45
33
39
32
38
60
86
42
49
67
77
68
63
54
94
86
79
70
58
73
48
46
53
44
38
45
44
44
78
76
67
72
77
72
69
61
79
63
62
67
66
70
66
58
55
49
65
73
70
76
69
54
39
42
40
34
35
33
32
71
99
55
61
69
55
63
68
77
63
43
38
33
33
33
61
74
87
97
76
77
79
78
79
76
53
64
69
77
61
45
46
38
53
45
38
36
36
41
36
33
34
33
37
39
35
34
33
34
35
92
80
60
62
59
61
69
40
36
46
39
62
58
56
43
38
37
37
33
77
111
89
53
48
72
124
67
104
81
66
45
53
82
37
39
33
32
32
32
31
30
94
94
142
87
88
98
101
125
124
128
42
82
47
94
89
88
87
129
85
80
36
38
31
31
34
87
81
117
93
41
96
83
85
69
75
126
146
104
63
106
116
69
70
104
116
66
83
114
117
98
91
94
122
86
78
45
62
62
93
51
59
