188
285
194
312
62
94
701
961
871
792
806
794
804
824
1060
807
813
804
801
808
992
860
802
805
808
805
807
1041
815
810
808
809
816
1041
811
767
795
813
819
1051
811
799
808
807
797
807
1098
798
795
785
800
789
1055
809
775
807
796
799
803
1048
808
813
806
753
826
1001
803
810
808
792
814
824
1066
815
756
762
808
1087
669
789
795
801
804
820
1041
805
801
798
801
799
984
849
811
703
682
682
679
691
922
684
678
682
678
682
655
900
695
479
646
564
635
638
839
673
681
677
623
631
695
914
675
682
680
633
682
563
656
919
682
680
620
624
674
690
900
687
76
657
665
640
607
838
672
680
682
621
643
678
833
765
681
659
682
682
684
644
918
697
658
677
675
680
699
799
674
681
675
679
682
681
873
758
632
687
674
678
688
590
898
681
674
618
629
680
691
830
676
680
638
680
625
635
853
675
681
674
624
617
674
649
905
670
685
659
636
677
591
815
652
614
648
628
663
678
852
751
674
734
501
645
619
678
928
615
647
670
674
622
633
873
632
671
604
610
678
693
910
614
677
687
665
671
675
686
920
681
679
678
681
589
680
893
680
638
366
628
646
685
911
681
677
670
677
619
621
671
901
678
597
478
674
677
628
755
661
643
663
671
620
652
914
679
676
606
584
673
633
677
899
693
664
676
678
672
679
895
643
676
683
673
679
688
870
725
671
614
619
615
671
684
900
688
677
678
673
677
685
906
679
637
680
676
610
630
907
682
677
619
623
675
675
693
921
675
678
633
676
619
518
861
684
681
625
638
682
699
909
661
685
681
623
581
665
869
776
668
672
676
682
680
707
907
683
679
676
623
672
710
57
45
101
653
654
672
672
621
615
672
819
672
624
370
645
653
684
855
759
624
678
677
675
673
676
893
681
678
577
673
609
529
846
615
658
631
678
675
678
842
757
676
674
679
662
674
675
892
678
679
671
631
672
603
842
670
675
678
617
49
362
846
859
542
620
639
646
688
614
888
680
666
675
677
675
540
664
893
679
677
645
511
668
679
809
672
678
673
671
674
679
901
682
673
683
414
673
567
850
629
673
672
674
670
679
683
914
677
667
673
677
641
662
600
649
685
505
638
658
669
824
753
673
658
665
727
478
641
906
613
661
619
672
674
750
565
616
622
634
670
667
693
820
752
673
681
659
611
675
689
900
665
661
668
674
675
677
888
674
668
672
673
778
294
656
908
657
678
655
669
671
674
891
665
674
674
667
668
695
636
603
618
652
525
668
677
742
882
673
670
672
671
695
651
904
623
683
656
666
662
694
888
673
679
670
669
673
673
841
758
671
626
673
675
659
673
890
667
674
676
670
670
682
673
907
550
665
623
662
669
870
731
671
668
669
669
673
679
848
672
669
541
667
621
704
892
663
719
539
664
668
669
674
908
674
670
671
641
668
625
885
676
677
654
677
653
675
684
850
672
673
669
669
642
668
829
670
671
671
659
670
687
826
751
667
669
674
664
666
836
689
670
671
674
661
672
677
887
682
656
661
665
672
686
902
673
621
668
669
669
663
671
904
671
673
680
653
668
686
847
667
672
618
671
668
667
867
743
667
670
672
680
653
665
845
674
673
670
624
670
690
911
522
666
670
662
670
675
673
889
670
664
665
668
624
680
890
672
583
661
672
667
687
849
683
654
669
670
667
667
631
910
671
671
566
669
672
691
851
675
669
671
654
671
673
847
699
669
668
668
653
667
671
888
662
673
662
671
682
666
851
744
619
668
666
667
652
692
849
673
637
658
664
670
687
960
407
632
627
667
669
690
889
683
673
675
663
684
658
678
914
675
685
654
622
673
692
849
676
663
675
674
654
680
912
677
659
675
682
665
632
669
895
674
672
675
674
671
550
896
675
672
663
673
686
658
818
757
673
672
673
672
693
655
847
674
670
667
655
643
691
901
492
669
673
673
678
674
696
908
679
673
674
193
500
672
900
664
626
674
674
665
694
893
677
675
678
673
670
672
850
758
790
512
576
666
673
609
862
656
672
671
615
348
680
895
676
612
603
643
642
622
861
755
673
673
673
673
674
679
894
674
673
666
497
645
689
854
647
652
671
674
672
671
677
890
675
674
674
673
490
664
810
629
617
608
655
672
681
906
677
671
675
673
676
670
681
912
688
664
629
651
671
693
894
632
674
677
677
673
733
788
714
676
682
663
630
680
671
799
667
671
677
675
676
642
642
668
676
592
666
646
612
848
759
673
677
672
676
690
664
864
551
674
678
672
599
632
854
614
672
612
694
