157
287
202
329
89
58
86
94
109
96
82
99
112
99
122
205
87
52
49
41
113
99
83
41
34
33
32
33
33
77
43
49
119
68
94
67
83
87
79
82
136
75
109
80
112
86
46
53
58
47
57
53
145
129
139
86
109
131
92
107
43
38
33
32
32
30
81
79
84
102
83
114
98
99
72
50
37
61
65
32
34
139
118
116
95
65
99
45
38
33
32
32
32
32
94
95
66
77
93
57
50
100
68
47
46
47
82
101
119
87
102
108
46
37
46
38
35
35
33
89
117
117
121
113
53
39
32
33
31
32
31
139
86
105
89
113
107
87
41
32
34
32
33
32
44
99
120
97
102
110
143
79
74
76
69
62
42
38
137
116
127
145
137
101
134
114
83
140
85
135
89
99
61
64
44
87
57
56
44
42
49
51
40
112
89
75
55
46
82
66
51
46
43
44
43
44
63
42
40
36
38
33
44
49
43
65
59
46
48
45
43
38
36
33
32
87
121
88
102
115
60
41
33
32
34
32
32
37
86
104
102
98
119
86
82
103
47
41
40
49
66
45
39
37
58
45
52
53
56
53
42
48
47
35
33
31
31
32
32
31
31
31
30
30
44
52
76
57
60
49
39
34
34
33
35
35
35
37
34
39
37
35
33
33
47
40
57
48
41
40
45
45
42
45
36
32
32
33
31
31
34
31
35
34
35
34
36
35
34
36
43
36
35
55
51
36
59
46
44
49
47
41
46
43
62
34
40
32
39
33
47
50
42
49
64
63
40
53
53
40
41
33
50
42
48
53
45
57
43
31
32
33
32
32
52
66
41
42
60
47
63
47
50
44
47
49
48
95
44
53
48
42
45
47
53
57
50
36
56
55
74
50
41
44
43
42
41
45
38
66
60
45
45
45
44
78
49
36
35
33
31
33
40
36
56
45
45
34
32
30
31
37
32
31
32
30
32
31
31
30
32
30
30
72
63
66
51
36
44
43
43
75
50
59
42
47
47
41
36
36
34
39
33
40
42
35
38
36
37
45
62
51
57
40
56
42
47
63
55
50
48
67
70
69
73
51
43
53
41
42
53
44
44
41
39
40
39
45
38
34
38
32
34
33
37
34
33
33
33
42
49
44
33
41
33
97
122
84
110
88
92
65
43
40
36
50
64
88
52
50
58
44
46
47
43
54
49
35
44
38
33
32
35
48
50
48
43
71
70
48
81
55
42
35
34
31
33
32
33
38
44
36
37
44
49
69
85
68
56
44
42
40
39
47
50
37
46
44
47
68
51
52
42
52
54
73
74
65
59
53
56
54
69
75
63
66
67
75
59
76
42
39
34
150
97
54
55
48
68
55
47
87
85
98
96
101
70
62
86
80
71
42
33
33
37
34
64
82
77
57
50
49
52
51
68
57
37
35
39
36
36
39
79
68
51
55
46
47
35
33
38
47
48
47
45
49
40
59
62
58
67
71
45
49
44
85
75
56
45
51
46
58
42
103
114
124
96
75
116
54
39
38
34
34
40
42
131
103
87
83
88
88
81
54
61
46
46
51
47
43
50
36
39
45
45
56
47
51
51
86
81
91
152
102
77
47
46
42
39
37
43
35
42
36
38
43
35
44
69
53
58
52
50
54
50
71
49
43
53
39
43
49
127
87
86
69
56
62
50
61
57
65
47
61
57
66
49
61
63
51
57
67
48
60
47
40
57
47
54
41
50
49
49
40
49
55
51
44
44
52
68
47
36
38
52
41
39
33
46
37
34
34
33
32
33
77
78
53
55
115
67
50
64
48
40
46
59
49
58
46
44
61
51
56
49
51
44
51
46
43
63
65
55
57
44
42
42
61
48
52
63
74
108
93
57
61
80
53
33
33
31
38
31
33
164
100
89
95
125
49
39
42
35
33
35
34
133
80
42
38
40
35
37
40
36
89
60
78
42
37
34
40
38
36
40
80
47
46
37
40
34
34
35
35
35
35
35
36
37
48
36
32
41
38
37
38
40
35
83
46
87
41
77
44
87
49
103
57
45
86
44
82
61
123
53
55
90
64
148
65
53
92
49
50
81
50
44
41
44
88
79
48
77
90
67
78
82
103
71
91
141
66
80
136
61
122
113
39
77
58
55
79
44
42
53
99
41
37
55
186
53
39
40
142
66
43
38
118
49
40
87
46
45
40
38
40
77
42
38
37
58
57
67
43
36
42
83
54
47
38
39
36
62
43
34
33
80
42
46
34
47
107
46
75
42
80
50
40
45
44
39
59
41
39
35
35
37
35
35
40
58
