5545
5594
6476
5728
6332
5640
6949
6848
5657
6288
5621
6752
6413
5768
6122
6540
5947
7394
5653
7314
5988
5676
6825
6325
6367
5517
6269
5940
5838
6038
6316
6767
5587
5741
7541
7166
7171
5847
5901
6726
6022
7065
5553
5537
5744
6995
5779
5731
6781
6670
5978
5893
5683
5768
6006
5847
6930
5655
6748
6123
6879
7122
5697
5742
5846
6806
6416
5447
5520
5677
5503
5705
6696
6038
6304
6121
5581
5463
5808
5545
5529
6174
6725
6968
5860
6905
6867
6362
5650
6998
5589
7225
6288
6220
5770
5517
6230
5578
5681
7154
5853
5603
5430
7214
5556
6245
6409
5641
7060
5503
6142
6121
5544
5499
6061
5567
5646
6657
7048
5742
5546
7232
5550
5586
6538
5459
6050
5943
6208
6277
7103
5834
6092
5463
5852
6339
5613
6690
5797
5559
5449
5579
6445
6241
5502
5592
5519
6465
5552
5564
6489
5771
5586
5578
6971
5538
5563
5584
6663
5578
5500
5541
5583
6107
5472
5695
6495
5612
5587
5500
6295
5617
6726
5456
5688
5728
6727
5787
5486
5719
5472
6783
5423
5490
5612
5703
5563
5656
6897
6085
5469
6500
5530
6275
5519
6559
5528
5552
5747
5589
5798
7028
5455
5469
6298
5704
5579
5714
5502
5801
5772
6381
7100
6075
6437
5770
6877
5544
5560
6450
5569
6100
7283
5598
6459
5896
7180
6202
5597
5473
6373
6209
5839
5975
6839
5892
5551
5950
5918
5575
6645
6680
5654
5641
5572
6778
6895
6393
5717
6537
5499
5734
5705
5621
6727
5687
5685
5632
5929
5654
6903
5801
5576
6799
5552
7426
5510
5630
6198
5547
5488
6783
5515
5523
5426
5658
5530
6933
6730
5610
5718
5536
6569
5507
5650
5549
6091
6308
5831
5454
5501
5542
5486
5640
5481
6277
5822
6648
5651
5938
6462
5642
5471
5519
6910
5465
6377
5599
5566
5579
6171
5442
5495
5556
6347
6878
5871
5569
6945
6327
6356
5730
5628
5544
5475
5735
6227
6047
6384
5636
5461
5628
6586
5517
5597
5673
6780
5638
6141
5535
6174
5552
6484
5601
5769
6374
5563
5589
6070
6979
6414
5505
5489
5560
5559
5790
5579
6050
5641
5801
6291
5430
5484
5422
5567
5470
7001
5567
5488
5463
6891
5705
5576
6167
5653
5594
5656
5520
5859
5610
5454
6351
5689
6036
6791
5551
6942
5486
5512
5763
5490
5640
5506
5568
6756
5854
5849
5877
5594
6179
5612
5649
6635
7132
5939
7026
5873
6100
5962
6800
5992
6930
5884
7579
5836
5502
6889
6460
5964
5787
7548
7017
5526
5616
5542
5907
5682
5605
6538
5568
6683
5718
5619
5555
5824
5556
6883
5984
5683
6648
6134
5526
7281
5461
5569
6823
5527
6402
5653
5642
5521
5551
5569
5911
6886
7229
6552
5504
5610
5472
5546
6179
5544
7002
5551
5517
5488
6254
5534
5499
5492
5537
6411
5560
5440
6761
5475
6343
5765
5631
5670
5525
5454
5656
6723
6889
5599
5621
6097
6639
6808
6547
5645
5862
5508
6264
5579
5738
5522
6732
5458
5510
6763
6303
6376
5483
5541
6071
5429
5472
6032
5832
5564
6950
6097
5613
5507
6823
5437
6606
5466
5520
5485
6382
5654
5493
5533
5483
6836
6334
6850
6830
5478
5604
6498
5662
6716
6272
5523
6690
6469
5654
5821
5538
5510
5792
6176
5532
6394
6525
6413
6438
5939
6466
5748
6072
5601
5591
6774
6540
5730
6802
6852
5614
5637
5907
5942
6760
5841
6876
5817
7114
5532
5616
5576
5598
5852
6299
6016
6651
5714
7159
5814
5910
5790
6996
5644
5564
5618
5838
6856
7508
5482
5543
7213
5511
6415
6338
5487
6794
5471
6173
6897
6651
5760
6073
5599
6969
5445
5851
6361
5501
5505
5614
5524
6157
5797
5531
5486
5581
5532
5943
5553
7011
6693
6980
5789
5741
5532
6495
5581
7157
6186
5692
5483
5487
6516
5539
6240
6322
5677
6904
5756
5695
6021
5524
6808
6054
6784
6387
6207
5534
5975
6449
5646
5581
6302
6410
6393
6150
6946
6869
6874
6165
5537
6197
5582
6355
5492
6975
5434
5625
6262
5610
5469
5559
5600
6202
5511
5505
5509
5434
5496
6257
6026
6467
5451
5590
5646
5841
5710
5482
6503
6492
6280
5634
7346
8015
7441
5765
6490
5886
5762
5460
6412
5558
5934
5973
6830
6313
6889
5619
6330
5732
5575
6636
5985
5687
6042
5936
5497
6080
6872
7170
6101
5722
5574
6703
5661
7823
6412
6524
7116
7009
6379
6644
6491
5630
6774
5608
5567
6962
7019
7705
5990
5584
5587
6023
6448
5982
6366
6479
6961
5679
7161
6089
7329
5607
5926
6828
6640
5941
5551
6284
5582
5752
5723
5717
5453
5614
5729
5519
6119
7239
7113
5649
5576
7043
5783
5709
6250
5529
5450
6313
5564
5534
5500
5572
5522
5513
5509
6315
5594
6714
6096
6267
5485
5607
5678
6384
5878
5461
5616
5920
5730
5604
5744
5509
6207
5619
5492
6225
5909
5485
5708
6079
5520
5527
6869
5571
6372
6738
5804
5864
6881
5898
5651
5643
6786
5582
6157
5854
5435
5640
5553
6600
5462
6878
5452
5561
7112
5739
5581
5787
5505
6224
5666
5607
5481
6879
5467
5611
5568
6626
5532
5518
5507
5431
6335
5615
6243
6777
6453
5574
6812
6156
5393
6170
5505
5529
6111
5609
5483
6811
5692
5544
6938
6469
7183
6786
6414
6661
6213
6235
5491
5607
6326
5818
7045
5568
6377
5533
5487
5938
5735
5886
6162
5491
5852
5519
6205
6467
7000
6035
5756
7634
7044
5858
5722
5593
7285
6903
7324
6966
5495
7147
5523
5484
5699
5489
5959
6488
7172
6596
6745
5606
6007
5815
6791
6004
5628
5660
5659
5876
5967
5565
5848
5869
5949
5555
5539
7084
5632
5410
5853
5884
5573
5878
5781
5539
5652
6835
7277
5628
6391
5548
6328
5544
5753
6560
5533
5553
5598
6699
5578
5544
5510
5461
5549
6633
6801
5778
5461
5641
5554
5920
5564
5496
5692
6378
6151
5495
5588
5641
6289
6168
5557
5586
6074
5658
6965
6089
5846
5598
5678
6708
5585
6820
6396
5470
