16049
14804
16698
16625
12947
14127
17184
13394
13533
13838
14702
13838
16222
17218
15970
16192
16256
17085
13434
17084
16411
14946
16374
16597
16012
14185
16297
16064
14113
15672
15984
16788
16067
15087
16805
16483
17157
16481
14819
16141
17073
16603
16294
16262
16508
16673
15953
16491
13633
16287
15651
14601
16723
15972
15500
14048
13790
13990
13358
16108
16167
14033
15812
16080
16557
13455
14382
16400
16179
16338
16462
16696
16409
16641
16941
16361
17060
15693
14273
13664
14497
14647
13807
13977
13910
13899
12913
13720
17178
17322
14543
13637
13887
13939
13968
14238
14517
14021
14400
13615
14067
13903
14022
13656
14647
13777
13790
14911
14082
14529
13372
13564
14090
14355
15088
14538
14528
16399
14679
13496
13834
13317
14419
14100
12955
14244
13900
13400
14162
13172
13702
15861
14359
13490
15046
15130
16479
13514
17287
17296
15158
15182
13536
13670
13823
16046
16332
15860
16038
13456
15846
14500
16722
14292
14139
14246
14129
14584
12966
13994
13907
13899
13881
13552
15700
13873
14125
16438
13805
13742
13898
12658
12960
13357
16583
14409
13126
16080
16197
16344
15900
16182
13886
16751
15958
13892
16436
15822
13013
14222
13718
13810
13531
14025
16111
13838
13519
13937
15687
14405
15356
13241
13873
13821
13860
15971
12741
12786
13869
14402
13904
13345
13494
16009
13628
13842
13381
13713
13809
14121
13578
16314
16022
15714
13164
13077
13741
13917
13161
13639
12782
13440
14374
13729
12948
13896
17060
16036
14990
16952
15029
15960
15879
13646
16861
15079
13429
17235
16790
16255
16394
15142
16392
16736
16693
15743
16622
16201
14128
16286
16303
15150
16313
16082
16275
16365
16881
16733
14578
14648
16601
16675
16206
16121
16096
13984
14236
13357
13442
14020
13414
13974
13846
14674
14202
13828
13950
13814
15769
14732
14065
16851
13527
16570
14265
14414
13277
16142
16736
16416
16042
13434
13845
14437
13151
14110
13526
13618
13665
13924
14114
14245
14048
13986
13436
13384
13977
13200
13377
13569
13669
14082
13853
13768
14169
14158
14407
13913
14241
16385
15751
16238
16063
16115
14232
16295
15775
16440
16525
16697
16694
16140
14723
16615
13507
16633
15863
15565
13779
13049
15979
16131
15704
16946
13660
16274
14591
16292
16194
16251
15747
15813
14665
13798
14230
13883
13391
14169
13626
14377
13616
14304
14250
13370
16039
16217
15457
13796
13755
15816
14246
15608
15894
17119
15064
14439
15487
13829
14068
14302
14051
13666
13665
13848
12579
13839
13798
13790
13325
12989
13696
13900
13150
13825
13720
13369
13962
14323
13806
13857
13632
15363
15893
15795
16830
14091
15407
16527
16078
16717
16314
13256
16249
16258
16219
14936
16041
16350
14789
17310
15858
16068
14523
14247
16089
16288
16326
14163
16945
16247
17297
15904
14701
16214
16118
13022
16960
13500
17342
16162
16122
16501
16450
15449
16640
13782
13378
17005
16267
14105
15339
13639
15600
14555
16620
14326
16139
16335
15060
16749
16124
15553
16357
13725
13646
13500
16390
15618
16200
13053
16411
16278
13856
16420
14668
14093
12817
14149
13711
13594
13995
12838
14114
13897
13810
13813
13842
13280
13820
13920
14232
13728
13328
14285
13555
13515
13645
13939
13594
13826
14188
13127
13750
13379
13177
12943
13862
12721
13767
13854
13773
13759
13786
13335
13594
14277
14007
13854
13596
13929
12843
13522
13940
13396
13580
13863
12818
13274
13895
13448
13215
13964
14257
13898
13938
14476
14265
14228
14084
13560
14263
13860
13902
13310
13819
13602
13570
12798
13306
14331
14125
15971
15645
13350
15485
15994
16189
16395
16405
14956
13826
13471
14085
14009
12744
16409
16475
15988
16288
16445
16023
16822
16037
14365
12933
13617
14188
13549
13844
14647
13130
13712
13870
13246
13561
13019
16332
15757
16813
16955
16147
15156
16851
17148
16575
15658
15381
14265
16389
15754
16535
16491
14836
17078
17171
14797
14142
13581
16967
14394
16913
15903
16449
17427
16777
16598
16392
16904
16067
16872
16747
16399
17085
16768
15249
13558
15604
16734
15758
15235
15509
16247
15950
16341
16709
16126
15974
16066
16559
16073
16169
15978
16365
16662
15587
16716
17750
15996
14316
13862
16798
13540
17042
13152
16475
17008
16328
15878
15966
16623
16530
15869
16899
15950
14405
16368
15947
16361
14803
13717
14092
13966
13684
13751
14305
15474
15836
16303
16122
16826
14144
13831
14161
15677
15534
16473
16200
15250
16068
16395
16082
15399
16210
16346
15985
16212
16107
16622
14721
16221
17283
16205
15518
16502
15929
15825
15661
13788
14470
16187
12843
16395
16362
16484
16388
16281
16513
16271
16085
15487
12707
13405
15009
16506
16151
16567
14675
14939
14077
13854
13731
16307
12929
14869
13819
13677
12787
13687
13198
13660
13628
12782
13699
14027
14098
14092
12961
14417
13942
14026
13626
13892
13911
14489
13982
14142
14200
13045
15381
13158
13895
14000
14420
13974
13480
13999
14416
13498
14617
12820
16383
16613
17019
13488
16660
13979
14022
16599
16321
16197
16308
16912
17431
17580
16294
15420
16047
14269
14185
17027
15884
16875
16535
16783
15680
16605
13938
16442
15769
14323
14861
16330
16673
16212
15858
14084
14563
16030
16495
17514
16762
16714
13219
16921
16444
16144
17020
13732
13753
13168
13149
14137
14003
14613
16485
13697
13518
13286
13919
13702
13651
13822
14360
13893
14062
13899
13937
13099
14222
15643
13813
13195
13386
13414
13963
13945
15876
13984
13913
12839
13642
13561
15690
15188
16062
14093
14386
16061
16322
16349
15987
16010
16264
14958
15863
16258
15584
15964
16756
13898
13767
13337
14147
14061
14485
12634
13770
13949
13885
14139
13430
13921
13981
14752
16114
15841
16014
16320
16470
13746
14062
14275
13350
13674
16619
16585
12785
14601
13878
16534
13315
16342
14437
15965
16426
16580
16741
17097
16605
16555
15699
15833
16378
17223
16278
16358
15859
16091
13362
14522
13847
14558
14011
12994
13634
13925
14066
14623
13954
13716
13291
14105
13820
15110
14035
14066
13745
14205
14092
13430
14074
13149
13522
13891
14783
16958
17695
16176
13836
14373
15151
15324
13317
16450
16567
16509
16495
16326
16520
14080
15945
15661
14485
14183
16568
16330
15820
13826
12843
14156
14059
14204
13604
13372
14374
14091
13766
13139
13399
13373
13556
14050
14475
13709
14786
13931
14324
12884
14908
14203
