66244
73363
67132
87993
86526
73917
86996
73801
88655
87589
87646
88335
86971
86817
66870
74054
74243
86984
67568
87585
88134
87584
66937
67531
67154
67079
66519
67701
66835
67294
66298
67032
66355
67390
67734
67165
67429
66846
67333
67060
67059
67310
66279
66711
68213
66788
66795
67333
67124
67529
67443
67537
87668
87316
86932
86802
86498
72549
87407
73657
67129
86781
87542
86697
87996
74016
73524
87506
86785
87532
71862
86514
87590
86942
87914
67111
87039
67204
87461
88099
72767
72800
65938
66684
67068
66865
66552
67373
66478
67050
67376
67646
85445
87245
67564
86786
86520
87179
86893
87640
85898
86879
87488
87296
72749
87417
86498
72144
87176
87999
87015
67536
67723
86661
87002
86526
87268
72474
86738
86001
87554
87118
86150
87934
87262
66689
87530
86652
87786
72706
87753
87978
68163
87298
67195
86880
67167
67230
67119
67107
67198
67471
66393
66849
67216
67061
67073
66372
66740
67220
66641
67140
67077
66636
66647
67363
66699
66285
66915
66791
66919
66998
67039
67272
67019
66870
66852
66948
67416
67038
67791
67250
66392
67373
67364
88415
66823
66940
67198
66324
66286
67169
66684
66986
67329
67120
66846
66367
66784
66662
66698
66908
67533
67496
67744
66928
67542
66596
66782
67458
67152
67456
67196
66348
67259
66893
67497
67750
67200
66469
67454
67668
66901
66444
66761
66984
67281
66904
66981
67144
66578
72685
67623
67097
67202
66516
66482
66617
86789
66435
66745
85168
86465
87152
66272
86657
87735
88257
86813
87261
86641
87294
87082
86598
86399
70757
87519
87444
88244
67227
66838
86558
86978
86335
86735
86702
86327
73535
73571
66337
86273
78733
85640
86490
87156
67918
86553
86201
86175
86456
66868
86620
73798
87157
86908
72840
66584
86858
86909
87967
86860
66827
87919
66677
85973
86935
67157
86240
87679
78910
86710
86873
86883
88285
86570
86708
89078
88408
87230
72816
88429
86920
87591
87249
86843
75353
86973
86570
88594
87038
88485
87515
66235
73794
87580
86929
86448
86819
86955
86753
87446
86761
86458
86918
89419
87287
86935
74010
87164
67648
68493
73505
88801
87226
87135
66640
68163
66981
66792
67365
67920
67536
66634
67242
66871
67035
67245
66697
66996
67359
87646
67091
67098
67105
67103
67189
66949
67378
66997
66630
67015
67020
67537
67388
68143
67474
66928
67423
68010
87504
87902
87400
88083
72326
86825
88138
87437
86856
87524
87457
87244
88919
86817
86520
88906
87931
87428
89104
73408
67475
68011
87427
87029
88404
88157
86751
88990
67203
87649
87732
87488
86783
88158
87581
88006
73821
87563
89026
89072
66120
67366
67965
66488
67661
67313
66243
66998
66742
67052
67690
66995
67679
67289
67596
67399
67050
67389
67610
67615
67272
66713
66625
67241
67728
66894
67162
66164
67214
67469
66993
67333
67568
67701
67276
67241
67818
67417
67089
67578
67614
67144
66764
67704
66943
67495
67412
67751
67051
67636
66840
67535
67436
66846
66753
66682
66729
68011
67349
67450
67396
66720
67365
66432
67104
66564
67128
66976
66839
67464
67252
67593
67573
66780
67758
66300
67326
67269
66411
66873
67476
67468
67603
66876
67563
67233
67313
66712
67225
67222
67600
66779
67274
67608
67001
67421
67611
67610
66943
67542
67061
67435
66690
66648
67950
66624
67616
68293
66703
67561
67631
66517
67137
67374
66661
65955
68144
67142
66950
66922
67309
66908
67427
67213
67757
67233
66965
66856
67075
67443
67056
67284
67368
67672
67295
67399
67803
67384
67501
67250
67051
67462
67327
67173
67141
67684
66517
67249
67370
67784
67149
88692
68060
87337
87012
67355
87297
87603
73835
67020
67512
67664
66948
67630
67562
66433
66918
66535
66683
66767
66472
67279
66641
66503
67129
66470
66743
66474
66936
67417
67664
67127
67383
67099
67220
67399
66534
66619
66869
67052
66950
67611
67131
67407
66533
66877
67154
67565
66292
67497
66779
66931
66154
67067
68260
67192
67636
67547
67989
67523
67952
66942
66928
66561
66554
71287
67087
66877
66858
67752
67034
67646
66745
67160
67069
66968
67177
66815
66847
67629
67445
67793
67012
66924
67724
67426
67186
67495
66765
66820
67243
68057
67613
67767
67321
67448
67525
67254
66633
67317
66644
67282
67256
67477
67043
67435
66607
87121
67212
73362
67420
67299
67996
66937
67382
67185
67333
67711
67546
66635
67622
66918
87176
66422
66927
67043
67214
67879
67059
66663
67105
87646
87330
87065
87012
86688
87250
66269
66811
86943
87833
87647
87866
87282
87947
88682
86706
87972
88659
87474
87752
87422
88425
87621
88106
86982
88154
86986
87185
86972
67028
87618
87706
87644
87354
73381
86813
87232
88215
87889
87063
67757
66590
67058
67084
67444
67327
67367
67473
67279
67212
67100
67004
66622
66977
67281
67028
67029
66817
66720
66978
67327
66437
66706
66937
67161
66952
67820
67101
66985
66881
67874
67280
66911
67434
67522
66764
66504
66587
67241
67509
67478
67083
67077
66582
66630
66606
67239
67758
67181
66569
67309
67593
66620
67075
67036
67643
66523
68161
66740
67343
67404
67211
66976
67387
66965
66508
67598
67394
66859
67093
67372
67589
66791
66658
66323
66619
67043
66367
67286
66682
66967
67672
66838
67996
66890
67414
67485
67082
66847
67168
67930
67412
67607
67074
67253
63548
67022
67313
66901
66794
66868
66635
67374
67533
67162
66813
67141
67153
66152
67294
67412
67082
66536
67290
67260
67131
66961
66982
66738
66806
67713
67756
67110
66994
67280
67925
67071
67043
66836
67269
67825
67450
67394
67271
66555
66944
67366
66628
66925
67030
67281
66441
67072
66978
66708
66740
67011
66962
66735
66640
67813
66827
67180
67104
67826
67014
66842
66801
66510
67266
66709
66842
67720
67055
66946
66379
67360
67189
66345
67828
64896
67539
66562
67565
66183
67550
67426
67308
66903
66741
66716
67249
66805
67111
67268
67008
67248
67417
66724
67454
66702
67163
67388
66727
66736
67015
66991
67637
66889
67651
66474
66710
67449
67046
67082
67531
67706
67459
67453
67304
67064
67228
66788
67147
66798
67474
66347
67509
66780
66246
67388
68199
66753
67190
67282
67337
67146
66904
67332
67000
66673
67353
67095
66439
67448
67356
67168
67561
67337
67581
67558
66574
67714
67583
67833
67639
67167
67351
67786
66591
67454
67625
67368
66728
67615
66920
66923
67643
67165
67191
67161
66851
67195
67693
68220
67330
66884
67565
66592
67358
