4792
4323
4270
4078
4061
4038
4603
4757
4002
4210
4013
4080
4175
4650
5133
4084
4049
4077
4079
4062
4204
4091
4767
5399
4037
4010
4812
4060
4005
4944
4539
4677
3981
4073
4126
4131
4062
5133
3978
4047
3991
4156
4933
4007
4028
4456
3999
4035
4051
4147
4041
5439
4058
4487
4803
4023
4008
4269
4068
4046
4576
4064
4030
4657
4231
4092
4065
4077
4064
4037
4031
4119
5021
4099
4288
4032
4047
4081
4082
4072
4109
4186
5059
3982
4020
4825
3993
3968
5310
4261
3996
4673
4018
4104
4102
4071
4131
4031
4795
4124
4452
4099
4780
4115
4396
5015
4054
4106
4046
4108
3978
4252
4019
4042
4807
4047
4066
5106
4150
4114
4053
4123
4070
4032
4105
4011
4016
3975
4046
4853
4457
4745
3997
4070
5386
4082
5269
3994
4758
4033
4083
5146
4012
4061
4510
4005
3968
5031
5162
4576
4858
4632
4026
4093
4038
4021
4868
4479
3995
4018
4028
4077
3975
4010
4723
4543
3968
4811
4834
4342
3993
4018
4792
4881
3971
4046
4833
4030
3990
3969
4324
3991
3985
3996
4084
3983
4054
4175
4136
4512
4590
4713
4713
4064
5112
4066
4192
4032
4583
4221
5238
4022
4070
4069
4232
4060
3987
4024
3998
4156
4029
4074
4133
4071
4160
3983
4590
4833
3991
3989
5241
4620
4000
4069
4001
3996
4097
4152
4064
4960
5009
4046
4050
4060
4705
4020
4080
4073
4037
4022
4086
4078
4068
4721
4106
5007
4075
4056
4041
4077
4871
4065
4088
4191
4110
4057
4074
4052
4085
4146
4066
4094
4070
4043
4024
4168
4077
4056
4110
4179
4086
4090
4055
4087
4029
4096
4082
4172
4053
4762
4793
4132
4845
4037
4043
4061
4052
4253
4043
4177
4064
4095
4485
4178
4070
4059
4119
4034
4096
4227
4181
4616
4137
4219
4151
4164
4141
4025
4988
4083
4122
4269
4858
4124
4310
4040
4090
4059
4735
4179
4044
4079
4074
4219
4025
4107
4044
4208
4078
4117
4688
4565
4005
4050
4189
4783
4031
4907
4042
4052
5127
3999
4750
4002
4239
3998
4265
4032
4111
4704
4090
5260
4026
4073
4096
4067
4017
4126
4297
4061
4500
4064
4058
4616
4105
4116
4795
4150
3979
4062
4116
5157
4184
4141
4421
4786
4056
4030
4804
4064
4096
4041
5232
4074
4012
4639
4594
4186
4706
4064
4083
4088
4855
4074
4047
4151
4818
4073
4133
4158
4129
4013
4053
5172
4031
4701
4056
4135
4102
4879
4041
4582
4910
4008
4020
4109
3998
4033
4542
4031
4013
4029
4555
4061
4044
4825
4026
4049
5070
3996
4532
4903
4041
4347
4896
4032
5017
4159
4177
4017
4144
4014
4124
4824
5175
4038
4013
4597
4018
4060
4506
4498
4002
4038
4000
4091
3978
4021
4129
4134
4456
4121
4001
4750
5365
4022
4311
4112
4128
4006
4002
3980
4742
4718
4101
4107
4030
4067
4411
3973
4179
4019
4708
4034
4109
4055
3997
4119
4905
4145
3975
5202
4026
4799
4862
4011
4756
4142
3980
4012
4716
5213
4128
4035
3979
4081
4000
5243
4087
4146
4038
5181
5168
4010
4814
4008
4078
4743
3986
4004
4083
4788
4852
4101
4013
4078
3982
4176
4033
4679
3963
4003
5081
3975
4029
4091
5066
4113
4027
5094
4074
4916
4014
4082
4012
4005
4670
3934
4001
4083
4011
4019
4334
4012
4010
4178
5182
4020
3999
4024
4166
4071
4072
4076
4112
4118
5332
4117
4106
4052
4110
4835
4607
4043
4002
4022
4701
4012
4806
4021
4055
4106
5259
3958
4112
4024
3989
4889
3966
4151
4007
4754
4024
3985
5141
4080
4046
3983
4283
4081
5481
4020
4599
4957
4034
5321
4039
4275
4212
4012
4017
4280
4065
4375
4035
4204
4071
4078
4016
3992
4018
4854
4342
4223
4779
4088
4347
4169
5413
4791
4093
3996
4010
4021
4090
4046
4017
4893
4046
4056
3978
4016
4167
3966
4149
4043
3988
3983
4901
3961
4770
4395
4031
4018
4012
4072
4089
4027
4020
4730
4227
4066
4026
4005
4456
4726
4126
4065
4301
4700
4031
4024
4116
4244
4087
4021
4076
4006
5143
5199
4185
4295
5096
4803
4203
4103
4067
4624
4769
4081
4726
4069
4071
4083
4052
5225
4798
4075
4708
4594
4093
4079
3992
4216
4046
4041
4255
4088
4147
4079
4895
4061
4822
4676
4026
4825
4880
4058
4683
4671
5068
4372
4102
4112
4850
4033
4147
4026
4065
4742
4113
4078
4034
4083
4060
4006
4058
4115
4597
4065
4000
4615
4062
4158
3989
4011
4156
4919
4011
4484
4108
4958
4456
4024
3989
4007
3969
4944
4085
4027
4606
4074
5244
4027
4061
4143
4830
4968
4928
5349
4142
4531
3988
4894
4538
3996
4137
4021
4002
4036
3998
4015
3996
4006
4024
4206
4036
3999
4001
4003
4004
3995
3982
4126
3979
5089
3979
4025
3982
4021
4023
4170
4761
4083
4185
4080
4035
4855
3990
4871
4060
3970
4007
4915
4140
4226
4000
4672
3994
4313
3986
4563
4063
4142
4581
4065
3995
4031
5066
4083
4564
4887
4072
4103
4069
5098
4373
4068
4117
3973
3986
4187
4134
4002
5480
4008
4140
4007
4728
4274
4650
4056
4010
5103
4026
4915
4009
4033
4506
4051
4098
3980
4029
5052
4002
4053
4232
4753
5286
4027
3984
3978
3959
3991
4871
4751
3963
4013
3974
4152
4678
4084
4004
4020
4911
3979
3987
4030
4890
4326
3983
4076
4559
4016
4000
3968
4014
4007
4365
3963
3987
4033
4850
4007
4761
3999
3981
4950
4943
5203
4002
4148
4621
4568
4011
4923
3999
4200
3979
4007
4342
4190
4311
5159
4084
5225
4054
4035
4506
4160
5223
4018
4781
3964
4122
4642
4022
4034
3974
4011
4000
5562
4819
4140
5239
3998
4877
4112
4032
4954
4067
4203
4438
4042
4059
4937
4017
4721
4211
4053
3994
4294
4031
4296
4219
4647
4009
4906
4172
4022
3988
4011
4033
4126
4060
4033
5150
5020
4551
3988
4569
4139
4176
4714
4014
4100
4075
3996
4774
4012
4253
4135
3999
4171
4032
4001
3984
3983
4002
3975
