13560
12886
13961
14207
13470
13968
13757
13378
13243
13236
13080
13496
13435
13659
13627
14081
14295
13278
13488
13543
13913
13851
13306
13815
13610
13404
13866
13080
13623
13626
13982
13528
13664
13675
13491
13155
13952
13796
13561
13630
13495
13510
13686
13195
14000
13711
13560
13206
13288
13661
14000
13605
14058
13667
13922
13919
13100
13240
14340
14084
13457
13037
13921
14098
13977
14301
14267
13589
13058
13656
14001
13024
13706
13514
13525
13870
14231
14307
13121
13622
13324
13584
13431
13298
13445
12973
13367
13642
14161
13695
13167
14331
13482
13585
12812
13491
13671
13399
13480
13069
13348
13227
13274
13416
13827
13873
14142
13498
14725
13749
13393
13690
13443
13779
13716
13946
13589
14049
14223
13432
13359
13415
14302
14394
13359
13247
13813
13448
13329
13280
13174
13732
13218
13096
13627
13295
13367
13808
13471
13481
13316
13782
13223
13588
13651
13590
14034
13397
13165
13430
13632
14169
14115
14119
13175
13005
13508
13629
13246
13415
13069
13270
12950
13230
13603
14201
13551
13021
13461
12953
13274
13291
13055
13668
12924
12856
13206
13941
12775
13351
13663
13218
13001
13303
12962
13803
13662
13665
14170
13067
12848
12999
12728
13064
12967
13188
13158
13129
13111
13090
12835
13129
12923
12945
13170
13300
12930
12619
13141
13150
13278
13055
12785
12775
13058
13196
13006
13005
13247
13089
13504
13080
13184
12967
13111
13017
13252
13050
12975
12796
12936
13242
12618
13232
12660
13005
13750
12830
14010
13593
13831
13212
13695
13922
13672
13376
13810
14215
13525
13937
13060
13756
13874
13103
14391
13965
13603
13627
14003
13293
13945
13642
14432
13684
13255
13680
13153
14051
13064
13337
13857
13985
13563
13349
13695
13221
13040
13243
13409
13599
13330
13910
13385
13309
13262
13112
13105
13999
13744
13827
14184
14482
13364
13191
13134
14028
14509
13695
13387
13376
13533
13854
13739
13608
13690
13596
13291
13711
12864
13092
12834
12981
13128
13932
13010
13402
13294
13094
13177
13495
13671
13851
13729
13185
13290
13669
13021
13522
13604
14062
13782
14505
14320
13458
13264
13527
13028
13250
13696
13522
13115
13471
13753
13302
13938
13404
13496
13217
13336
13333
13132
13378
13165
13687
13443
13489
13385
13493
13657
13700
13302
13518
13798
13652
13327
13193
12954
12969
13200
13142
13291
12973
13484
13102
13474
13741
14068
12868
13638
13675
13609
13792
12762
13482
13904
13510
12884
13270
12775
13378
13271
12866
13068
13332
13092
13122
13261
13374
12903
13295
13121
13285
13042
12727
12921
13761
12688
13612
13070
12821
13402
13460
13095
13624
12986
13616
13999
13093
13629
13973
13194
13880
13773
13423
13057
14118
13320
14074
13683
14012
13981
14021
14083
13662
13972
13928
14172
13914
13976
14126
13289
13799
14015
14133
13371
13473
13639
14002
14057
14368
12949
13913
14042
13941
13689
14035
13121
14348
13622
13229
14298
13699
13545
13624
13117
14385
13929
13774
14313
13937
13570
13643
13075
13946
13817
12944
13753
13046
13749
13414
13661
13650
13503
13823
13376
13199
13169
13240
13752
13929
13590
13453
13514
12875
13214
13713
13659
12984
13841
13707
13872
12920
13211
12999
13150
13311
12873
13110
13176
13101
13014
13824
12968
12786
13333
12893
13491
13262
13012
13050
12934
13480
12784
13040
12791
13115
13132
12965
13186
13470
13298
13067
13073
13210
13133
13009
13722
13147
13318
13021
13102
13282
12827
13143
13307
13152
13342
13397
12974
12936
13178
13568
12884
13071
13024
13070
12942
13009
13628
13297
12774
12939
13709
13150
14012
13777
13411
13678
13592
13844
13048
13302
13231
13937
12967
13660
13456
13318
13897
14039
14087
13861
13034
13224
12849
13236
12868
12875
13228
13577
13073
13637
13127
13545
13357
13640
14054
13927
13655
13803
14560
13980
13720
13294
13863
13763
13967
14000
13842
14218
13867
13162
13608
13769
13778
14301
13433
14403
13598
13906
14288
13632
13471
14020
14755
14244
14585
13528
13355
14258
13262
13723
13606
14036
14433
13228
14137
13278
13661
13707
13955
14040
13324
13416
13350
13988
13495
13181
13876
13742
13878
14013
13688
14334
14390
14389
13942
14024
14307
13497
13496
13760
14414
13173
13545
13793
14067
13749
13997
13649
13195
13537
13989
13551
13973
13463
13335
13852
13837
13728
14046
13496
12937
13036
12864
13607
13392
13323
13408
13404
13612
13473
13698
13898
13714
13562
13454
13761
13930
13850
13803
13437
14101
13127
14202
13869
13674
13461
13285
13951
13841
13965
13395
13354
13955
13163
13413
13844
13370
13636
13648
13907
13254
13657
13835
13798
13379
14055
13549
13770
14055
12991
13564
14701
13811
13530
13788
12955
13237
14030
13672
13525
13534
13871
13223
12851
13463
12795
13625
12854
13405
13195
13344
13214
13539
13016
13137
13490
13096
13260
13137
12934
13159
13536
12887
13631
13158
13341
13096
13509
12852
12918
13250
13319
13848
13525
13291
13650
13838
13554
14175
14043
13996
14438
13908
14294
13890
14835
13450
14506
14669
13934
14291
13956
13629
13611
14065
13671
13152
13565
12779
14029
13999
13207
13703
13355
13254
13680
13228
13837
13620
13785
13513
13167
13437
14010
14272
14354
14120
14112
14357
13895
14430
14123
14066
13863
14244
13458
13661
14031
13249
13161
13099
13274
13574
13521
12902
13483
13492
13390
13156
13644
13264
13234
12872
13452
13457
13121
13271
13145
13350
13675
13663
12888
13582
13182
13202
12980
13064
12883
13102
13453
13614
13459
13107
13534
13609
14248
13421
13796
14055
12939
13291
13708
14007
12982
13558
13439
14272
12920
13182
13332
13160
13146
13436
13197
13359
12952
13089
12928
13133
13065
12959
13282
13641
12886
13699
13546
12916
13212
13033
13376
13455
13305
13586
13516
13564
13804
13614
13244
13490
14120
13471
13632
13960
13992
13781
14124
13286
13462
13730
13380
14502
14062
13403
14544
14380
13017
13480
13478
13269
13467
13372
13417
13462
13693
13168
13467
13094
13822
13512
13572
13066
13389
12827
13440
12947
13177
13168
13664
14022
13323
13645
14432
14118
14475
14649
13507
13430
14614
13654
13604
13841
13588
13740
14006
13524
13960
13933
13940
14263
13675
13504
13391
13893
13654
13263
12738
13491
13098
12829
12908
13311
13419
13267
13307
13105
13598
13727
13719
13533
13240
13500
13351
14346
13512
13415
13277
12949
13899
