35749
35062
35965
35033
36463
37066
36105
34193
34385
36336
34722
35593
34553
35692
34574
36147
35983
35602
36752
34970
36444
35079
36413
34695
35117
35278
35229
35269
35212
35872
35609
35768
36265
35777
34632
35368
35075
35707
34370
34607
35622
36655
35364
35505
34654
36405
34629
35354
36143
35334
37607
35166
36232
35387
35913
36524
34718
34707
35172
35884
35869
35972
36333
36671
35103
35190
34223
35993
36360
34768
35438
35458
35408
34756
36576
35207
36086
35607
34792
35580
35232
35144
36604
35506
36470
35967
36437
35810
37180
35286
34585
35058
35001
35093
34709
35562
34387
36361
35096
36164
35981
34472
36189
35909
35924
34474
35195
35632
36042
34314
35830
35664
36298
35549
34383
34818
34395
35231
35770
35828
36737
35945
37494
36593
35626
36323
34940
34367
34502
34441
34942
36647
34501
35357
36109
34671
35321
38171
36243
35727
37198
35900
35744
37424
35349
35546
35304
35895
35217
35390
35235
34415
35776
35134
34448
35946
35316
35479
35816
35870
35938
34427
35390
36523
35964
35809
37160
36598
36331
36409
35432
37030
35607
35359
36569
35508
36496
36541
35767
34885
36150
35367
35482
36784
35768
37052
35589
35024
34801
35476
34880
35645
35564
36333
34859
34771
36313
36003
37512
34456
37422
36179
35179
35403
35224
35738
34727
36403
35768
35514
36543
34529
35310
35045
35986
35506
35906
35724
36075
35689
35585
35424
36351
34435
36650
35160
36628
35597
36014
34743
35424
35496
37157
35531
35355
34285
35275
35357
35334
35113
36617
36981
36297
34454
35341
36512
35177
35714
34519
34575
35899
36699
35191
35915
34433
35254
34150
36842
36363
36110
35809
35266
35247
35789
35037
35441
35220
34482
35758
35670
35919
35213
35540
34752
34869
35102
34507
35265
35803
34675
36792
35009
34970
35002
36562
34649
35374
34367
36224
35921
35674
35061
35146
36503
36255
35814
35072
36571
35675
35226
35731
35416
35608
35481
35396
34586
36466
36221
35411
34899
35523
35745
36467
34704
35760
34338
35181
36760
36057
35683
34541
34545
34319
36302
35175
34487
35596
36271
34709
35049
36763
35373
35545
36182
35530
35525
35421
35874
36575
37050
35264
34435
34755
35748
35539
35197
35518
35132
36819
35198
36062
36339
36164
36029
35882
35269
35523
34907
35616
34848
36089
35299
36934
35355
35561
36982
35446
36249
34271
34738
36414
35018
35328
36329
35819
36726
35366
35287
35765
36064
34743
37230
35294
35589
35063
35006
36409
35772
36342
35769
36063
34592
37382
34469
35394
35320
35930
34557
34930
35027
36375
35431
36507
34990
35129
35718
35357
35766
36027
35379
35524
35097
35499
37328
36016
34656
35189
34424
35624
35492
35589
36573
35942
35282
35186
35126
36072
35052
36031
36002
35414
35361
35074
35161
36418
35979
35035
35823
36302
35274
35138
35072
35587
36776
34752
35805
35215
34862
35584
35344
36131
35172
35275
35118
35461
35285
34932
35070
36315
35430
35995
36273
34824
35635
36035
35529
35047
36120
36083
34718
36438
35776
37365
34992
34975
36261
36232
35539
35674
34953
35994
36383
35222
36716
34397
36403
37661
35407
34336
36036
35810
36621
35178
35676
35591
34643
34516
35149
35050
35703
34641
35528
37683
35092
35573
37054
34935
37256
35552
36002
35899
36877
36252
34723
35218
36517
34806
37037
35794
36153
35139
36107
35604
37271
34855
36637
35159
36237
35914
35504
34853
35102
35783
36868
36589
35610
34394
35189
36110
36031
36144
35774
35334
35695
35204
35360
35145
35378
35416
35958
35990
35883
35736
35239
36544
36989
35601
35673
35638
34818
36237
35462
36044
34988
35402
34485
35704
34842
36065
35349
35388
35719
35952
35095
34660
35145
36124
35022
36103
34634
35499
35594
36141
34366
35115
34977
34366
36339
35293
35130
35410
35343
35022
35195
35120
36607
36247
36971
35333
34600
36056
34985
37603
34453
35964
36702
35871
35174
34877
35087
35822
35957
35286
35510
35922
35897
36099
35184
35188
35592
35151
34609
36468
36058
35875
36333
34382
36234
36099
35243
36353
34902
37022
35414
35697
35110
35417
34968
35614
35932
36721
35070
36952
35671
35367
36008
36954
36931
35621
35798
34506
35932
34533
35576
34859
37292
35690
35547
34273
35294
35169
35545
36978
34808
37163
36187
35364
35581
36036
34851
36202
35430
35602
37343
35026
34937
35551
34812
36535
35590
36487
36039
35803
36636
35661
36439
35927
36092
34329
36253
35432
35435
35544
36506
35969
35357
36841
35469
35768
35617
37018
35023
34436
35479
35336
36862
34846
36582
36158
35543
34792
34368
35744
35663
35798
36684
35510
35207
35236
35602
34689
35614
35321
35223
35126
34421
36317
34909
35797
35219
35419
34975
34579
34636
35994
35962
36093
35560
35565
35702
36721
35751
34524
35823
35008
34700
35670
35789
35232
36460
35304
35512
36474
35347
34534
35663
35780
36831
35908
35914
34609
35324
35829
36934
34593
36699
35771
35050
35856
36233
36150
35265
37159
34653
35703
35057
34576
35195
35132
35945
35277
34607
36223
35435
35282
34639
35614
35211
36135
35199
35295
37199
36258
35159
35106
34370
36507
35701
35529
36834
35107
36527
35343
35987
36119
36472
35547
35530
34996
35818
35396
35258
36466
36796
36321
35650
35910
35683
36006
35450
35840
35033
36093
35032
37062
35290
36216
34028
35095
35859
36096
37067
36324
34913
34663
35773
36692
34731
36177
36906
35715
35968
34680
36237
34722
35561
35393
36479
34993
36195
34547
35556
35555
37505
35783
35961
36045
34638
34911
36135
37814
36011
36094
36378
36187
35111
36188
35608
35245
35724
35311
35441
35407
36445
35317
35405
35353
35946
35055
36212
36337
35838
35955
36022
34547
35264
34034
35912
35982
34663
34604
35426
34242
36053
35323
36248
36267
35362
36989
34833
36528
35924
35335
35477
35232
35580
35255
35636
36675
35722
35317
34535
35934
34235
35864
35199
35341
35400
35072
35516
35408
36419
34338
35500
35796
35011
34956
34842
36145
36276
36110
35773
34413
34661
34053
35679
36473
35261
35247
34345
34902
36311
35279
34477
34837
35173
34725
36336
35074
35396
34414
36202
35554
35372
35225
34580
34142
34514
35122
34577
36603
35963
34890
35790
34965
37388
36176
35474
37263
37157
35333
35546
36999
36004
36691
34883
37036
35809
36632
34676
35676
36266
37038
34632
35200
36175
36372
34485
35333
35954
35824
36108
36135
35392
35568
36775
34547
36328
34928
35252
