6018
851
327
383
291
218
185
146
323
217
157
152
143
194
214
187
181
227
199
179
248
158
140
322
169
153
154
153
166
271
267
221
188
233
243
206
248
216
254
229
169
209
376
308
205
197
261
298
321
268
201
182
180
207
195
236
194
180
264
233
221
258
197
194
254
276
300
277
502
233
306
311
182
168
142
200
235
324
209
352
335
242
342
205
285
215
311
266
232
233
204
195
520
203
258
236
163
164
238
181
200
191
214
299
277
289
281
341
258
297
213
198
201
609
303
285
267
457
366
1368
334
155
151
668
465
300
255
206
209
216
295
253
195
199
220
196
187
252
197
194
225
251
312
279
260
182
280
213
179
168
153
135
132
174
156
163
498
207
142
136
331
192
162
152
212
318
178
234
282
183
192
200
165
185
165
245
227
200
210
149
204
283
392
232
185
177
208
219
211
269
193
245
197
215
197
302
175
221
370
306
237
207
216
275
238
206
255
199
237
369
357
384
263
262
235
204
137
152
154
188
156
157
162
149
156
196
241
187
214
158
155
142
139
182
158
138
223
148
158
183
160
156
156
156
155
155
155
163
158
136
138
135
135
165
157
135
137
152
158
133
137
167
137
255
154
156
135
134
133
135
166
159
596
305
298
278
548
356
287
320
239
420
260
315
439
1212
412
383
529
376
560
437
358
417
251
320
254
279
270
272
279
494
241
242
224
292
238
218
449
181
260
502
271
183
211
263
201
170
175
199
232
203
295
341
262
236
275
262
302
207
194
260
287
324
296
158
168
246
214
169
170
201
190
171
149
159
140
133
250
169
149
155
132
135
133
133
267
152
135
138
157
156
137
153
135
158
158
322
221
147
185
156
296
146
158
141
166
158
158
159
156
135
155
134
165
135
136
276
199
157
157
153
157
157
156
157
181
139
175
173
174
153
136
135
135
135
134
157
204
196
156
136
135
136
135
163
134
163
152
156
138
142
164
330
173
157
164
157
155
185
159
157
162
156
135
136
136
159
155
135
233
156
161
160
157
173
162
218
179
164
194
158
154
157
157
163
151
186
173
154
186
169
163
156
158
157
156
139
142
157
140
140
156
163
140
138
157
161
155
160
187
157
158
157
135
136
155
162
157
156
137
192
138
155
166
134
156
166
157
137
135
136
135
137
137
135
135
134
157
135
136
136
201
165
156
160
919
159
137
162
171
153
146
147
143
138
139
149
222
177
147
157
142
138
194
180
151
156
154
194
200
174
314
161
200
177
160
193
158
258
187
172
176
165
199
196
165
176
149
183
176
241
181
199
181
163
142
140
163
191
349
167
174
152
165
142
202
169
138
139
136
136
135
196
140
154
136
143
154
158
267
155
157
202
165
217
169
197
184
322
173
215
181
193
152
155
185
221
184
202
198
246
484
457
339
492
344
183
143
143
150
142
160
161
158
137
161
151
145
210
285
149
180
158
215
165
143
316
157
180
380
177
134
249
216
162
190
274
205
164
147
199
159
181
160
138
154
138
229
155
151
143
163
138
137
139
208
166
137
156
136
137
137
136
135
170
312
256
175
259
186
253
274
291
220
202
313
232
237
205
336
239
378
242
329
267
288
217
184
189
335
366
167
138
143
497
215
198
376
363
312
261
821
287
290
635
552
293
220
338
270
200
138
129
175
160
241
146
438
153
137
327
286
167
131
182
194
179
244
220
239
202
161
157
177
374
258
400
210
245
278
158
170
184
204
137
137
133
193
304
261
236
294
178
142
837
225
339
406
253
189
214
162
199
157
196
239
181
159
139
140
196
559
185
141
170
182
146
141
148
199
229
185
188
164
257
262
273
242
165
159
135
133
206
198
166
326
362
334
292
438
225
223
345
204
173
148
150
205
265
221
210
197
199
194
808
243
222
416
400
371
368
422
638
395
241
349
282
280
267
187
234
206
208
175
336
315
180
253
190
208
163
299
243
203
187
263
205
196
270
263
227
210
233
242
377
288
270
284
212
195
346
175
146
129
186
155
197
358
465
342
874
230
380
750
828
443
357
301
253
265
279
224
390
1884
426
473
412
242
161
226
383
337
398
327
1141
860
584
750
566
406
342
516
1020
798
474
391
382
662
229
276
202
235
274
303
471
388
608
369
527
336
271
267
266
289
562
558
631
549
402
268
272
219
314
227
237
233
236
161
148
172
472
281
300
244
400
260
264
240
261
250
251
196
242
336
262
297
216
264
380
362
405
603
401
260
211
227
288
236
215
282
240
154
167
192
201
163
161
138
244
210
237
162
206
257
423
193
276
1305
381
243
