5
4
2
3
2
1
1
1
2
1
1
1
172
151
152
2
1
1
1
1
1
24
1
1
24
1
58
1
59
32
49
1
60
1
44
47
97
1
44
1
25
34
55
445
9
48
53
53
46
51
67
24
1
38
31
1
26
53
51
2
1
1
47
55
53
28
14
1
1
1
17
2
1
177
274
1
1
1
1
2
1
1
1
1
57
10
1
1
1
1
23
2
1
47
2
1
1
47
53
50
61
1
41
31
47
1
1
1
1
20
31
65
79
39
108
35
61
64
51
71
47
69
51
59
11
21
52
48
52
34
25
70
43
57
49
257
107
1
21
54
226
191
34
10
1
1
42
1
1
26
1
52
69
1
63
17
51
1
28
39
1
1
1
1
6
1
24
1
42
156
30
9
1
1
32
63
33
40
1
69
84
1
22
2
1
1
17
49
72
1
49
18
38
435
73
157
123
54
58
88
16
52
62
58
52
52
52
50
57
58
44
54
53
65
58
46
61
41
58
52
80
29
1
33
17
1
29
54
121
123
50
31
25
33
21
34
17
2
1
47
1
1
2
1
1
2
1
24
33
76
55
52
169
139
26
54
1
41
40
49
53
21
54
19
37
58
1
42
48
14
1
46
34
49
48
47
45
1
2
2
1
2
2
1
1
30
1
1
25
29
44
66
1
43
53
41
52
49
42
20
14
1
21
25
49
18
52
54
53
107
1
90
134
20
47
47
39
50
1
24
29
51
50
9
18
55
30
37
47
43
54
51
51
52
31
1
1
1
1
1
1
87
2
81
1
2
1
51
7
2
2
1
5
2
1
81
73
22
54
1
53
56
1
1
1
1
2
1
38
1
1
1
1
1
1
1
1
1
1
1
1
114
1
92
89
1
1
1
27
24
1
35
7
48
45
39
1
1
1
1
1
1
1
1
4
1
3
1
1
2
236
2
1
2
1
1
2
3
1
1
1
1
1
1
11
28
1
1
1
61
82
27
1
1
1
1
1
1
1
1
1
1
626
1
1
1
5
1
1
1
1
2
8
1
1
1
1
1
1
42
1
13
31
43
45
1
25
1
1
1
1
1
1
15
2
1
1
1
40
1
1
1
142
1
1
1
23
1
1
1
1
1
2
2
1
1
1
1
27
23
1
31
3
1
1
14
1
1
2
5
2
1
2
1
1
1
1
1
10
3
1
1
1
1
1
1
4
2
2
1
3
1
1
1
1
1
1
3
1
1
1
14
2
1
1
1
1
25
1
1
1
1
4
1
120
1
2
1
1
1
1
1
1
1
1
21
1
1
1
1
1
1
1
1
1
1
1
1
1
1
1
43
2
1
1
1
1
2
1
32
49
51
39
35
28
16
1
2
2
1
21
2
1
1
3
2
2
2
1
2
1
23
1
1
2
1
1
42
1
1
1
42
1
25
28
57
1
19
47
50
28
2
1
12
38
40
55
34
1
45
47
41
49
39
48
50
52
52
50
50
44
40
53
45
1
41
53
53
28
47
1
53
15
24
46
145
35
2
1
1
1
10
32
28
30
2
1
1
1
1
2
8
2
1
2
2
2
2
1
1
1
1
48
1
37
1
44
1
39
48
49
32
1
2
2
1
2
2
2
1
2
2
2
2
2
1
1
1
1
10
2
4
1
1
7
2
1
1
3
2
2
1
2
1
1
4
2
2
2
1
3
2
1
10
1
1
3
1
2
2
2
1
1
1
2
2
1
1
1
1
1
1
1
4
1
1
1
23
1
2
1
27
0
33
44
51
48
50
24
45
45
36
50
1
1
45
50
2
1
24
1
1
49
88
2
2
2
5
1
2
1
28
2
1
1
52
44
16
23
12
19
1
1
1
37
3
1
1
1
1
5
2
1
1
2
1
1
1
1
1
1
2
1
1
22
1
2
2
4
1
1
1
21
1
1
1
1
1
1
1
1
1
1
1
1
1
1
1
1
1
1
1
1
2
2
1
3
1
1
1
2
2
1
1
1
1
1
1
1
1
1
1
3
1
2
3
2
1
1
2
2
1
2
1
3
2
2
3
2
1
2
2
4
84
2
1
1
1
1
2
1
1
1
1
1
29
2
1
319
83
1
1
1
2
2
2
57
1
2
1
1
1
1
1
1
1
1
4
2
2
2
1
3
1
1
2
1
1
1
2
2
2
2
2
2
1
1
1
1
1
1
1
1
1
1
1
1
1
1
1
1
1
35
1
1
5
1
1
2
1
1
1
7
1
2
3
2
2
6
4
2
2
2
2
2
3
2
2
2
2
20
