7033
429
227
240
192
214
340
204
212
213
213
303
1612
182
368
1406
1526
399
403
306
479
304
275
265
179
173
186
371
373
217
286
187
200
174
174
213
187
202
266
163
224
196
194
253
157
229
222
221
183
191
199
222
177
205
185
347
182
450
166
131
156
326
220
183
320
337
144
146
303
285
226
186
261
179
159
159
169
138
162
162
162
191
184
158
157
158
180
156
160
157
159
160
479
249
212
184
259
297
233
203
318
227
1408
325
321
364
239
209
204
256
224
201
248
407
264
252
194
200
185
284
244
195
202
445
582
407
271
209
302
270
196
189
220
181
169
231
227
315
281
238
298
230
274
189
210
213
228
187
194
189
170
166
474
213
167
183
166
186
404
261
184
186
183
207
215
313
306
269
248
213
262
279
231
205
206
218
196
191
260
258
255
546
1309
280
237
246
509
246
212
200
187
152
137
286
201
190
325
169
197
382
201
233
270
244
269
205
217
194
493
211
176
203
247
203
301
509
167
252
168
224
186
140
173
164
159
171
192
249
201
401
221
167
156
160
166
138
156
190
158
339
181
201
160
188
248
182
162
221
212
168
178
193
182
230
205
218
186
262
171
162
263
215
156
225
341
257
190
149
185
211
187
144
175
167
230
235
474
384
492
348
317
427
289
170
140
140
165
176
166
162
175
204
317
205
191
180
206
194
153
161
177
135
164
140
139
246
158
138
138
161
181
159
140
137
136
144
164
158
157
154
161
174
142
161
156
163
135
158
158
157
153
135
135
158
291
142
135
136
156
134
138
134
133
133
233
547
375
305
267
207
184
162
186
197
188
219
264
187
816
229
249
559
273
383
305
251
176
181
201
321
224
182
177
208
345
562
331
330
306
298
313
319
681
543
546
316
251
324
345
293
344
383
304
192
418
284
336
393
296
325
312
302
235
217
210
377
455
255
405
368
364
277
444
292
250
431
894
304
293
322
545
420
345
392
282
278
365
276
218
238
178
196
224
192
232
478
156
137
140
161
155
158
161
198
192
190
197
157
148
287
145
169
169
169
181
224
295
435
211
373
212
192
360
246
273
184
183
224
198
203
180
206
162
172
283
324
1476
270
345
341
228
214
226
193
171
143
196
141
159
145
142
138
268
196
199
163
168
166
189
152
283
213
182
194
265
274
173
139
277
210
151
149
160
250
194
158
384
316
386
314
292
255
161
199
156
149
399
220
198
149
186
216
144
148
203
160
346
615
165
205
274
556
389
340
312
315
164
262
276
226
196
204
288
289
207
200
200
202
305
701
431
319
385
323
223
237
200
176
185
193
202
367
381
254
257
183
183
190
151
155
221
239
251
965
402
244
227
197
203
206
196
204
375
237
225
232
212
381
442
410
387
288
202
172
295
704
434
304
377
247
242
253
275
333
249
272
260
330
233
199
249
216
191
177
234
211
405
312
221
194
276
375
250
297
213
207
165
373
163
145
233
164
184
155
184
259
163
198
179
172
209
278
290
1466
617
532
567
426
419
1460
673
511
296
587
361
479
389
312
414
319
334
335
462
479
713
394
381
290
227
367
466
344
486
591
354
278
237
599
425
605
262
284
340
347
473
366
424
255
431
515
270
277
340
349
252
252
267
461
340
307
335
174
190
291
505
225
227
331
221
233
272
199
159
160
188
162
503
208
396
1250
201
866
765
456
482
357
264
428
350
272
780
1288
911
890
494
237
222
242
188
311
392
238
184
197
165
170
136
252
248
249
263
266
215
188
314
241
810
691
357
225
219
195
165
362
1232
372
345
312
268
204
185
214
208
178
573
184
208
183
138
136
191
183
172
206
189
662
401
222
411
263
266
239
224
241
309
388
479
390
215
200
346
289
269
362
375
306
221
273
250
222
300
249
302
255
267
353
234
282
235
270
347
423
271
792
277
260
289
213
271
429
336
350
276
302
276
272
234
303
214
243
233
228
337
267
254
412
222
215
267
180
226
236
367
388
187
182
226
354
355
278
268
315
277
250
311
371
355
381
340
272
351
405
323
484
382
321
290
282
290
352
333
263
337
375
349
337
399
298
218
271
166
393
258
230
308
259
224
178
241
266
225
259
231
267
258
460
329
220
181
212
404
256
197
262
291
249
227
232
234
219
198
166
178
163
364
181
187
197
163
201
281
280
278
261
365
329
263
250
246
211
284
225
204
304
186
181
214
272
241
236
281
251
181
268
183
202
212
380
211
186
282
237
181
200
173
164
155
157
147
147
158
140
469
213
175
223
147
307
310
153
140
205
317
334
359
372
353
472
321
465
283
