6686
579
400
280
190
209
342
209
417
301
324
304
249
260
247
222
220
182
400
179
257
323
256
254
232
188
238
178
163
242
220
211
313
307
245
255
223
223
241
247
208
189
266
348
333
359
285
257
385
228
241
197
266
278
324
265
383
215
190
275
232
179
217
177
285
248
223
180
275
282
455
212
248
261
276
234
266
240
254
374
281
305
298
245
202
220
183
204
241
333
286
267
254
207
299
239
216
194
237
194
173
230
309
228
288
203
548
322
264
236
217
250
205
253
281
266
251
329
216
202
368
319
270
339
265
254
223
233
238
161
226
236
268
192
211
215
231
267
225
281
299
258
229
234
284
292
389
275
270
229
229
201
218
265
228
219
192
199
239
222
160
181
185
238
241
244
311
329
172
180
141
299
184
206
246
275
251
244
238
253
255
311
283
265
204
242
202
297
238
335
287
240
256
266
201
254
277
324
332
293
282
277
284
303
279
403
215
219
207
305
186
224
196
167
161
182
183
141
197
259
272
274
279
222
240
298
263
333
253
281
314
335
224
214
207
241
286
219
224
223
239
248
263
228
244
272
252
262
242
172
150
205
233
272
226
204
180
244
313
286
217
273
315
270
293
239
198
267
315
290
243
268
365
322
244
297
177
154
136
193
281
201
147
276
237
298
277
345
245
192
157
227
310
193
323
317
382
342
218
206
230
209
172
286
209
298
186
258
191
221
189
254
216
218
222
220
210
321
265
280
294
205
301
238
228
281
185
150
206
219
248
197
224
258
234
220
176
236
202
188
232
248
241
351
226
223
217
206
242
258
228
185
252
181
210
213
204
298
228
303
233
191
276
287
264
274
358
295
248
203
238
212
190
195
234
232
237
206
251
205
219
204
191
189
181
269
217
195
262
236
398
212
316
245
213
208
224
197
153
229
187
218
199
204
208
205
234
308
223
230
191
395
264
369
287
260
236
237
220
223
216
229
176
187
240
214
215
247
227
203
146
220
226
189
242
211
230
250
545
225
241
204
226
194
209
221
230
199
197
179
181
178
251
166
233
196
219
207
241
198
324
229
206
344
260
278
196
217
166
235
256
166
234
226
203
170
163
142
137
135
137
134
143
141
239
195
161
228
175
256
147
141
143
140
138
148
141
138
146
204
173
137
138
138
138
138
138
248
202
194
169
177
201
255
169
142
138
142
140
137
140
142
138
151
147
142
142
172
224
160
164
150
138
298
215
197
172
203
212
174
147
139
140
138
139
137
138
137
137
137
137
137
136
138
137
137
245
252
216
234
230
278
172
143
138
138
138
137
137
217
138
137
136
136
141
137
155
143
141
139
152
154
216
189
266
187
203
173
139
146
140
256
157
153
145
138
138
137
137
137
137
136
138
139
138
138
134
303
194
245
221
230
196
177
139
136
137
137
136
237
205
176
173
138
137
272
208
215
205
188
144
142
137
135
264
226
217
179
247
167
167
138
136
134
200
182
137
142
152
154
128
146
134
137
179
139
153
135
153
142
141
135
133
282
225
219
185
162
198
145
135
135
135
133
134
136
135
198
162
142
163
137
211
153
221
176
179
174
176
173
174
314
311
167
217
221
195
205
139
139
136
136
136
136
136
138
135
140
130
134
165
172
185
151
137
153
185
172
137
347
228
156
139
137
167
246
188
183
177
193
142
179
176
177
211
252
344
157
163
133
159
139
149
136
245
175
161
167
184
168
145
163
341
236
175
139
144
137
135
145
140
135
135
135
137
135
135
134
134
154
132
143
135
135
237
218
288
288
238
207
223
266
191
223
157
243
212
219
213
208
205
203
239
199
207
233
153
349
300
214
195
201
276
207
238
202
353
282
321
245
246
230
245
294
221
178
161
204
269
239
139
221
140
178
225
224
239
245
313
259
269
316
166
272
243
275
298
242
182
135
158
158
256
219
168
136
233
173
206
178
134
224
178
178
173
297
284
286
180
182
343
163
209
182
172
187
259
261
281
298
179
174
203
207
202
203
205
202
212
204
327
190
176
174
163
293
229
197
137
136
138
144
132
133
185
129
133
134
185
180
138
130
152
154
133
132
131
137
143
276
291
186
193
158
176
136
135
135
135
134
134
136
142
135
142
136
134
313
226
200
325
291
258
150
187
309
275
254
169
166
291
179
262
148
180
177
189
178
202
148
206
140
138
154
137
137
173
263
220
159
202
178
282
197
142
138
137
140
140
140
141
146
141
138
136
142
138
135
134
134
249
261
255
221
208
317
205
198
139
212
225
142
138
137
134
136
135
134
135
136
218
