6
3
1
325
189
110
122
125
132
113
124
86
108
106
4
1
1
23
40
5
48
2
1
45
118
129
50
96
118
122
1
96
112
123
124
114
135
63
83
177
400
585
250
80
87
65
104
75
89
86
94
119
70
86
104
28
101
110
118
113
56
145
45
137
87
109
116
113
53
105
110
120
113
78
115
95
116
45
89
110
43
110
114
60
109
112
119
116
32
114
83
102
1
44
166
11
98
59
106
86
91
108
112
110
117
113
117
1
1
40
49
114
374
203
118
130
118
114
116
118
122
2
2
1
1
1
1
22
1
133
78
94
90
88
110
84
114
119
115
116
87
127
92
106
47
122
96
97
118
116
119
138
331
102
77
118
113
113
42
114
128
119
119
109
80
110
104
113
120
1
39
62
1
68
2
62
1
3
11
22
1
1
117
2
2
1
34
99
1
100
388
114
96
103
128
97
105
2
3
26
2
2
2
58
29
104
51
198
152
46
102
75
64
95
28
97
79
110
108
105
111
1
5
1
1
42
44
1
1
17
2
31
54
1
1
1
2
1
70
80
2
2
25
44
43
1
59
73
51
138
81
75
2
1
21
72
111
2
16
95
65
13
24
1
56
2
2
2
2
1
246
103
89
119
102
100
110
124
75
96
92
112
86
102
93
84
57
117
1
22
109
120
268
56
45
89
100
61
68
85
1
89
39
110
26
87
98
49
74
52
54
122
153
1
1
45
2
1
6
2
1
29
34
39
84
88
97
1
1
1
1
1
4
2
1
1
304
59
72
64
49
61
85
92
51
89
2
4
1
50
1
1
101
1
39
1
1
5
2
1
1
1
59
71
1
66
1
1
73
21
1
1
46
79
21
69
1
263
1
56
64
96
1
48
81
67
2
2
52
102
3
1
50
1
66
46
170
3
1
38
69
2
3
1
82
105
79
101
18
94
102
102
48
91
107
109
114
115
117
69
44
110
293
109
114
121
121
122
120
124
100
121
117
106
121
119
120
121
120
131
126
92
116
67
50
111
295
232
119
66
1
1
2
1
69
34
70
114
109
109
91
43
65
109
1
1
93
1
1
58
1
1
84
87
83
114
120
117
116
73
1
46
81
94
110
193
69
1
208
119
49
85
79
76
78
105
45
106
122
97
1
1
3
2
2
2
1
1
1
43
218
109
1
29
99
123
1
70
28
109
100
76
79
115
2
2
1
2
2
2
218
205
118
120
55
112
112
123
42
1
2
1
70
1
2
74
104
110
143
74
2
23
323
70
83
114
79
110
119
116
115
2
2
2
2
2
2
38
38
2
1
45
38
104
366
118
115
90
2
19
2
2
3
1
1
40
103
1
69
105
1
35
53
47
269
139
1
93
138
36
85
113
104
19
60
9
77
77
60
62
65
76
81
87
3
2
2
2
2
44
54
60
2
1
29
99
38
91
1
26
3
2
2
2
3
2
1
2
1
1
5
2
2
11
2
2
1
3
1
5
2
2
2
3
2
2
1
2
1
2
4
2
2
2
1
21
1
13
2
31
1
4
1
2
4
3
2
11
1
1
5
2
1
2
2
2
2
2
1
5
2
3
3
3
2
1
1
2
2
3
2
2
1
2
2
2
5
1
3
1
1
1
71
62
1
71
56
63
90
91
100
112
45
79
106
167
29
2
1
131
1
68
95
1
59
42
30
45
52
80
77
2
2
3
1
101
2
2
1
201
2
1
2
2
2
1
1
8
39
49
2
1
46
1
2
67
83
1
1
29
2
2
1
1
46
70
2
2
2
19
89
41
2
1
289
1
2
2
2
3
4
1
2
2
2
1
1
5
2
1
1
2
1
3
1
79
1
46
33
54
46
2
553
193
2
2
94
104
1
30
3
2
2
2
1
1
1
60
21
85
38
43
8
17
67
147
69
1
156
190
1
1
1
27
31
95
39
53
34
77
84
44
1
1
1
2
1
177
139
1
29
1
110
84
67
82
69
79
86
74
98
81
5136
1
1
64
66
66
59
1
86
91
84
61
49
91
1
2
1
34
1
2
31
2
3
1
46
63
75
71
1
1
5
1
85
52
86
97
1
1
1
2
2
183
2
2
2
1
2
2
1
1
2
2
2
1
1
3
1
1
2
222
1
2
1
1
25
3
4
3
2
2
1
50
139
2
2
2
1
1
32
30
85
42
52
2
2
2
1
1
51
78
57
164
4
1
47
2
1
2
37
46
70
2
1
2
1
2
3
1
2
2
1
27
14
2
2
1
1
150
1
2
2
2
2
2
2
1
137
2
60
