50512
50139
53924
49829
49040
49864
50789
49238
49923
49996
49741
50397
50156
49305
49186
49459
48542
50549
48780
50365
49214
50169
49790
51376
48871
49138
49431
50092
50452
50532
49950
48964
49697
49300
49740
49932
49552
49611
49443
50456
49977
50449
49123
50031
50481
49244
49304
50095
49465
50419
50712
49003
50160
49837
49087
49864
48356
50418
50722
50009
49840
49756
49768
48954
50608
49512
49235
51164
50251
50357
49585
48277
48287
49322
48079
48272
50478
50461
49694
49270
50534
48539
49216
49322
49217
49750
50204
49648
50117
48851
51458
50465
50033
49927
49365
51675
49337
48335
49758
50972
50923
50415
50483
50461
50623
50183
49626
49930
49788
48685
49917
49120
49758
50561
49581
50222
48309
50135
50548
48274
51095
48726
49598
50127
50732
49041
50303
50634
48722
49751
49341
49408
50031
48837
49773
50212
49731
50351
49097
51141
51654
50365
50304
49772
49479
49082
49852
51546
48353
50011
48989
49829
49692
49210
49177
49101
49842
49636
48860
49699
49077
48456
50762
50432
50431
50814
49905
48840
49835
48270
48981
50449
48392
49912
50961
50042
49955
48219
49291
49899
49610
51536
48737
47909
51019
49955
49884
50047
50012
50234
48114
49082
49727
48785
50046
48598
48847
49944
50746
49351
50334
48841
51320
49738
51101
51159
49846
49654
49026
49186
50160
48700
49993
49292
50713
49704
49135
49678
50537
50082
50649
49023
48608
50063
50625
49426
50395
48814
49568
49435
49630
48384
50080
48966
51008
49727
49061
50026
49234
49288
50670
49613
49259
49145
50102
50044
49677
49962
50631
49076
51992
49677
48984
49205
49296
49437
50588
49641
50174
48708
49171
49658
48329
49579
50082
49240
49324
49291
50271
49867
48996
50010
48255
50199
48562
50455
49544
49304
51354
48364
49159
48675
50441
48930
49212
49436
49136
48865
50956
48834
49669
50683
48880
52356
49090
49826
48526
49685
48298
49746
48395
49143
49241
51216
48944
49990
50143
49435
49741
49170
50567
48970
49504
51141
49461
49004
48940
48414
50596
51282
49179
49713
51224
49178
50043
49800
49642
50019
48461
50646
49545
48177
50723
50232
50315
48664
50691
50396
49116
49164
51266
49802
49649
48894
49481
50280
51210
50216
50052
49779
49709
49097
50363
50942
49567
50858
50292
49089
49367
50211
49420
49227
49256
50285
50247
49066
49461
50578
49891
50563
48407
49848
49534
51006
49829
49473
49827
49521
49194
49918
50362
49189
50646
50863
49231
50871
49464
52394
49530
49217
50063
49840
49791
49051
49887
48200
48850
50281
50768
49312
49871
50068
49087
51165
49895
48163
49875
48985
49031
50772
48951
49919
49232
49413
51356
49328
50386
50052
49348
49472
48844
49472
50337
50931
48943
49823
51466
49123
49930
50873
49756
49623
48600
50778
49133
49561
50897
50345
49204
49094
49005
51430
49024
49887
50490
48524
51444
48667
48101
51248
49681
49189
49198
48361
49938
49242
49561
49587
49566
50736
51012
48451
49877
49216
50378
50158
49914
49693
50625
48997
50267
48341
50930
49134
48919
49903
49810
49071
50058
49860
48474
48325
49007
47788
50308
48471
49108
51077
49765
49581
49292
49701
49467
49953
48505
49812
50776
49760
50297
49503
48857
49713
50064
50015
49667
50800
50556
49319
51342
49783
49061
48196
49632
49979
49682
49832
48115
49098
51480
50562
50583
50465
49377
51630
49478
49940
51007
48822
49297
49848
49465
48514
49728
49300
49210
48351
50103
48314
48535
50716
49158
50651
49312
48772
48795
50234
49576
49922
50229
49303
49691
49182
50859
49476
50236
48220
48912
49772
49171
49759
50645
50215
49073
49486
49905
48260
49976
48485
49410
50878
49350
49275
48377
48229
50607
50307
51536
48978
49385
50516
49153
50019
50242
48555
49976
48266
50149
50537
48304
50695
50275
48407
50047
51393
48278
49582
49620
49110
49825
48683
49890
49369
50258
50166
50263
49363
50926
49401
49622
50514
49205
49705
48534
49013
48902
49861
48697
48166
50179
48220
49718
49126
48936
50591
49073
49994
50131
48902
50633
49170
49141
51366
48323
50517
50330
49564
49361
50321
49725
49137
49347
49371
49688
49488
50812
49401
50719
49543
49667
50264
48160
50035
49360
49201
50265
49289
49369
50388
50289
48750
49329
49699
49537
49803
49714
49636
50694
50117
49890
49238
49680
49599
49474
48586
50474
48615
49248
50160
48281
50443
51496
51157
49238
49202
51183
49345
50011
51339
51418
50911
49578
49105
49557
49502
50668
49933
49016
49821
49207
49471
50222
51101
49565
50470
51316
48619
50607
49760
49997
49808
49286
51983
49669
49840
50619
50246
50550
49972
51664
49740
51659
48772
50509
49615
49249
49782
48811
50035
49589
50124
49791
49270
49527
48798
49619
50098
49012
49180
48689
50555
49202
49068
49805
49663
50515
50484
49728
49329
49144
50227
49233
50600
49934
48476
49057
49732
50331
52706
49335
50639
50661
50196
48773
49977
49616
49452
51237
50588
49406
50914
49995
50335
50086
50456
49156
49769
49882
49867
51237
50571
50114
49653
49737
50931
49261
50461
49791
48942
49957
49723
51014
50093
48646
50294
49653
49219
50421
51078
49690
51538
49344
50857
49209
49615
50834
50705
49576
49383
49583
48664
50224
49135
48917
50386
49491
49935
49964
51216
49250
48847
50612
49663
48556
51083
48957
50031
49275
48818
50264
48519
48931
50036
51487
48741
48618
49915
50486
50012
51161
48514
51205
48473
50369
51669
48461
51093
51498
50130
49649
49572
50377
50698
48497
49460
49462
51109
50099
50569
49658
48625
48900
51195
49876
49651
49966
49543
49544
48997
49943
49434
50654
49740
50705
51505
49305
50409
48756
49425
49744
49310
50070
50257
50167
49639
51127
48834
49852
51895
48472
50976
50248
49270
50778
49591
48402
49477
50518
49031
50686
50075
49149
51041
49053
49194
49468
48929
49535
49114
50573
49139
49916
50510
49242
49647
48675
49816
49271
49818
49152
49847
48156
50237
50306
49340
50397
49719
49522
50742
49726
50187
49805
48746
50610
48473
49967
49585
49547
49340
49041
49374
48933
50003
50576
48522
51648
48986
50731
50875
49828
49811
49816
49245
50557
49035
49041
49775
48984
50143
48872
51329
49479
49850
50062
49295
48365
49923
50458
50692
49511
50221
50466
50263
49647
50258
48658
51144
48194
50531
49329
49567
48452
49431
50955
49612
50486
50330
49385
48328
49658
49529
49034
49753
49407
50145
49797
48422
49652
48564
49765
49268
