24768
23012
20415
24750
23067
20512
23933
22368
18865
21408
22873
19685
22108
21891
22196
19871
22467
21895
20483
19767
22173
23323
23545
20094
20496
20449
23448
20148
20196
21197
20186
22092
22461
19739
21868
19801
22496
19505
22076
20122
23443
19767
22575
20283
21941
23555
19651
20427
19525
24067
19962
23533
21107
18532
23126
20438
23168
19795
18591
22854
19498
23304
23069
24109
20073
21433
21066
19718
23367
18674
24309
22920
22947
19954
19551
23104
19315
23066
19327
19857
22730
23313
19911
23403
23638
19348
23151
19278
20425
23181
19590
23102
22432
19395
24030
20658
22382
23312
18984
24328
19631
19616
22928
23210
19757
19588
23104
23466
23164
20198
19590
22984
20048
23582
22685
20037
23768
19217
19333
22860
20189
22723
19507
19599
19569
23021
20198
19498
23775
19400
23256
19488
20554
22929
19142
22883
24440
19671
23226
19368
18946
22982
18515
22997
23385
22758
19374
23375
19125
20152
23511
19525
23799
23932
19858
23017
19157
19665
22916
19765
22794
19408
19482
22658
20112
22499
22753
23603
19503
23719
22892
19611
23755
19332
22461
23260
22753
22804
19855
20083
23009
19584
22908
22679
20245
23101
19884
23079
22812
19513
25806
19288
19963
22921
20335
25475
23635
19251
23226
20110
23474
23200
19379
24210
19636
20143
23119
20022
24247
19540
23601
22699
21461
22880
23102
20172
23463
20066
19430
24224
19050
22900
23515
20450
21964
19401
23588
22776
22991
23069
19478
23795
19397
23054
20793
19334
22618
19501
23154
19129
19390
23232
20050
23508
23385
19486
22509
20109
22759
22986
19534
23207
22853
22833
18579
23595
19459
19295
19504
22775
23875
19803
23029
19728
23387
19316
18764
22915
20109
23663
22676
19372
24649
22828
22851
19258
18343
19373
22979
23128
20148
22804
19643
20081
23254
19710
23384
20330
19331
23506
19198
22663
22867
19652
23083
22736
22476
20296
23682
23280
23907
19527
23286
19341
19765
19232
23489
18914
22982
23088
19683
23813
19925
22653
19153
23436
19709
23093
22891
19375
20823
20130
19339
23456
19353
25028
19950
20499
23293
19339
22483
23188
19204
24162
24522
22815
20729
19741
23935
19903
19406
22801
19524
24234
23281
19938
22955
19391
19560
22738
19556
23191
18829
19607
23384
19780
23080
23409
19022
19485
23251
22511
19471
24558
18871
22985
23642
19846
22644
23392
24736
19576
23567
19509
20390
23952
19658
23202
19871
19381
20002
22979
19157
19213
23669
18991
19496
19591
23313
19452
22710
19664
19169
23235
19665
22654
23855
19332
22701
19391
19487
18382
19178
19180
22894
22828
20103
22624
20164
19302
24396
20046
23000
25021
19826
23105
19485
23242
22952
18899
23505
20001
20277
19943
22974
19970
19526
23611
20328
19634
23234
22878
19256
19442
20387
23299
19225
22925
19569
19672
24352
18813
23117
19680
19346
24251
19413
24227
23577
23126
23620
19418
20245
22766
19612
23029
18483
19619
23899
20138
23145
22702
20882
23092
19173
23030
20208
19391
24185
20163
19753
22909
19911
23961
23747
19487
24035
24291
24090
19644
24231
19481
22983
23321
18920
23900
19277
22937
19410
22802
19133
18932
24750
19441
24283
20061
19449
22912
19381
22929
21534
23503
23704
22864
19223
23487
18665
23512
19435
23191
25569
23228
19256
20119
23037
18432
23308
22366
19423
22955
19761
22839
22909
19970
22740
18614
19243
23360
19604
20107
20170
23476
19843
24108
19341
22770
19489
22515
19354
19437
24489
19385
22848
22989
19455
23000
19843
22504
19201
23520
19863
19795
20198
21108
18996
19779
23181
19043
23778
19020
22752
18858
23054
19756
23089
22913
19020
23382
19650
24617
23047
19822
24487
19781
19987
22937
18767
22778
22917
19302
23986
21407
23024
23184
19583
22999
19753
20569
24388
18638
23260
23374
18607
19735
24027
20287
19899
23958
20018
22487
24251
19390
23003
20011
19210
22795
19211
23055
19655
20754
24216
18598
23308
22823
19675
19720
22920
23386
20331
22076
19277
24016
23076
19390
23285
19653
19279
22827
19822
22906
22941
20107
23415
20579
23175
22873
23610
19935
25679
23420
20411
23077
22860
22502
19623
25846
20065
22991
23314
19653
23314
19937
20125
22765
19849
22764
22964
23456
19393
22531
19072
19880
23721
19406
23960
22732
19588
23473
20387
19252
19972
19742
22800
19747
19555
25324
20034
23477
19278
19289
24158
23713
19920
23119
19158
24479
20049
19136
22644
18603
23349
22589
19647
22911
19251
23333
19260
19052
20109
20071
19896
24163
23185
19721
18557
22891
19350
23019
19423
19990
24031
19723
22596
19184
23806
19072
23743
23180
19335
22517
20552
19204
18745
19359
20422
22679
23131
20123
22703
19539
20369
22989
20236
22918
20091
19198
23300
18902
23178
23186
19613
22809
19395
23365
20207
23783
20054
24234
23024
19231
22877
18414
20205
23188
19309
22726
22924
19460
22548
24661
23247
19844
24441
19333
19393
19341
23042
24533
19669
19977
19458
23615
20272
24215
23304
20347
24323
19926
19108
23142
19206
23503
23668
19440
23280
23624
19209
19506
20261
23586
19145
19173
19706
18714
24145
23065
19053
22807
19621
22777
24190
19470
24235
19904
20102
24005
19335
19768
19458
23301
19271
24197
20098
19823
19450
19405
23261
23421
19467
22461
20255
19388
22985
19216
22867
19285
19401
19513
19274
22765
23000
23140
19165
22726
22835
19304
23109
20030
22847
24037
19893
23404
19411
19375
23080
20165
22947
19513
22732
23198
19463
23414
22774
20221
22754
19475
24180
24115
19284
23079
23289
19610
23448
19797
23243
23565
19677
26044
19740
19886
23135
23167
19142
19390
24368
19312
23093
19705
19583
23586
19574
24291
24772
23611
19916
22789
23024
20063
24214
18828
23075
23258
22739
19663
23023
23218
19605
22763
19564
19664
22870
19300
23951
19423
20063
24070
23244
19579
20087
24778
24237
23031
23232
24549
22920
22847
23882
20012
23244
19517
18777
23858
19275
23327
19831
20232
22877
18932
22933
20236
19146
22702
20112
22979
23875
24132
20243
22867
20070
20484
23185
23950
18490
23348
19349
22966
19884
19663
23041
19455
22363
19259
19137
22852
19468
22773
20312
19959
23827
19377
19818
22935
20735
23015
22533
19287
22945
19155
22879
22739
19411
22858
20123
19720
23533
19439
19552
19237
24113
19136
22815
18792
20445
20155
20126
20282
19500
22220
20081
23406
22883
22863
19194
19347
23078
23217
24159
22877
20232
19275
