65129
90881
71036
77470
71026
91627
98722
70658
91841
71152
70202
90892
70831
70577
91897
91375
70214
90726
90577
91572
70908
91559
70565
92533
71118
71599
72481
92963
91134
70038
91554
69771
70386
92161
70745
92879
90176
71621
69616
70124
92748
92203
70298
92408
70288
70562
92311
91933
92259
73781
94772
91544
78961
70389
71046
91640
70147
93196
94556
69951
92019
70467
70800
69767
92892
70682
92641
98992
70225
91836
70190
70666
92782
84615
70902
70796
93807
69868
92213
70049
69892
93226
92981
69936
70791
92269
70146
96252
93106
70576
92870
70427
93708
93811
69703
92599
70353
70215
93107
69940
93283
93940
70430
70549
94336
70211
70600
92833
70715
92856
70447
71614
93883
70288
70400
92638
70160
93742
71986
70060
92791
70112
97862
93041
92389
70782
92515
92574
70034
93287
69899
93795
70854
70001
93497
70269
70128
93930
70238
76417
93085
71084
93207
70203
95004
93004
92146
71739
77062
93565
72386
92657
69728
70353
93611
70040
93263
70296
70235
97853
71244
93692
93217
69820
93418
70962
70630
70332
96565
70340
92325
92446
69645
93637
68762
69695
92652
69609
93102
71491
69927
93091
69949
93092
92236
70386
99800
93278
70120
92680
70541
92730
98109
71010
100744
70005
98100
70581
72761
92423
69509
70305
92739
70938
78043
92681
70216
92726
70024
93888
70652
70467
77545
70898
70428
77822
70227
93567
93151
70229
94560
70507
93808
101020
70452
93590
71537
70169
93484
71598
93878
71307
92467
71183
93117
71098
70316
92705
70128
92467
95052
70640
93348
70204
70111
93097
70376
93762
70603
70308
93939
70185
70542
70244
93828
69544
94307
92235
70279
70432
93587
71051
95228
92407
71891
92708
93852
69915
91964
70729
69861
93190
70764
93154
93541
92191
70002
98024
70587
70912
92874
71489
93086
96139
71383
92864
73751
93379
93814
70032
71977
69852
70039
76156
70294
71025
70259
92330
70158
93646
93753
92884
70011
92811
70916
94758
70201
75112
69858
71208
92205
69914
70078
70739
92525
71279
92914
71628
70249
71076
71164
92008
69434
70772
91847
70555
76101
93930
69524
92958
70665
68625
94893
70199
70779
93565
77396
70113
71182
93623
77679
70199
100112
70502
70406
92818
70042
92508
70260
69874
93375
69998
76337
94008
70493
92727
70421
70561
94203
92652
70143
92623
93899
70998
93111
71263
72744
93385
71487
94847
70850
76607
70546
94019
68572
69813
92867
70330
93434
98976
93017
69979
93005
92748
71123
93765
70113
70294
70369
92544
69676
92775
92404
70366
93839
72535
69449
93123
69843
93509
69810
70786
91810
94968
70314
70558
92978
70331
99743
92684
69771
92770
70024
92551
92264
69895
92586
92488
69842
93446
92588
92828
91890
92843
69742
92374
69659
70327
70600
92520
69971
69825
92328
92668
70399
70432
92378
69715
92818
92958
70135
92160
73706
93500
70267
70427
93425
69923
69861
92899
70996
92470
70416
71779
93860
70498
93514
93272
70971
92838
70287
69979
92749
70581
92389
70106
93246
93221
70345
93782
92653
70237
93197
70504
69922
100970
93424
92781
93460
93932
69438
93635
69872
70984
92363
71066
92435
70915
93047
70539
98927
70699
71573
93106
70016
92883
92884
70831
93304
69751
70961
72323
70241
93087
70142
70174
101081
70216
69873
70303
92365
71053
92187
92590
69655
93034
70037
69824
92956
69618
98495
70544
70381
92181
70959
93283
92053
70190
92140
70755
69985
70943
92967
70133
92703
92548
91802
70355
93427
69371
69982
91662
69705
93660
93926
69913
93281
70559
69771
70077
93793
93236
69736
70118
92669
70295
93834
92186
70781
70450
69868
92743
70632
93618
70711
70199
71898
70565
70462
69316
70206
92873
93780
92305
94337
70244
92951
71186
92979
92495
69878
92872
70374
70666
93566
70528
93431
93212
71335
93623
71016
92045
93112
70290
69973
92967
70875
70515
94201
71589
69658
93076
70736
99867
70101
69807
93139
71275
92980
92971
70224
92398
69689
69648
93210
92562
70026
92853
92646
70139
93634
69217
70105
93636
70624
93008
93617
69821
93527
70901
92727
93460
69884
92892
70205
70232
70057
92070
70444
70536
92071
72096
91958
97566
91208
70531
92190
70303
70042
92707
70788
92204
93918
70231
92596
69472
93535
92802
93468
70115
95559
92310
70834
94260
70272
69896
97297
70516
94423
69746
70281
99882
93725
93472
93787
70735
93714
70354
92128
93805
70554
93533
71514
69327
92295
69904
92694
92819
69861
92547
70294
69553
93330
69823
93448
69762
70004
93026
70439
95393
71037
93028
93076
99703
70804
69956
92538
70330
100805
92273
71192
93200
70356
71603
69372
100360
70341
93475
100342
70399
93220
70038
95884
70624
92706
69872
68986
91994
70765
70572
69960
70408
92665
70628
93009
93073
70522
93087
69405
71516
94047
70169
93121
92747
70581
69839
99645
72207
71333
92769
69751
93689
93384
68979
91106
70359
92213
93142
70459
92876
69423
93042
69985
92766
93219
93382
70347
70481
93132
70677
71197
70359
92511
71899
92794
100540
70081
92624
93130
70837
94075
69986
93740
92573
71147
92863
92011
70195
96699
69974
98362
93474
70524
78988
70317
93144
70572
71007
93364
70274
70000
92676
69984
94410
92505
70209
93864
93612
71143
71626
68704
71507
93414
93479
70179
93303
71630
70187
92290
69602
93711
70664
69666
93054
70780
99846
94167
69993
70095
70362
74689
70120
93734
70213
93205
76708
70271
93345
70223
70242
93612
68056
93229
94171
70335
93077
70008
70100
70744
93647
93324
70484
69726
94638
73674
77689
92514
73293
92563
68329
92696
93114
69974
92730
71044
70847
100731
69630
92677
91882
70342
71311
74102
70548
70174
93643
70185
93795
92937
70022
92264
70341
70231
69697
92575
70256
93003
93226
71174
93065
70541
70116
70253
92973
70194
70567
93281
70513
92573
73697
70221
92797
71842
92279
93070
70113
92894
95110
92455
69809
93364
70665
93405
92634
69644
71091
92392
92916
93910
94138
70265
69656
92899
70244
93632
71200
70635
78298
71412
93178
93731
68549
99184
70240
71344
70017
93733
93537
92594
92780
70827
93182
70319
70794
91799
70070
100692
92629
71084
93680
70385
94315
94207
70067
96490
70185
92542
92495
70094
92128
99677
69260
92044
70437
70539
96031
70286
92520
70311
70674
92490
70455
92749
92333
70239
77185
70099
93321
70329
92403
70672
93303
92713
93052
71110
98808
94938
70016
93885
70274
95503
92599
71954
92535
70088
92525
93007
71128
92466
70703
