136
272
339
268
129
122
111
114
128
124
118
112
117
105
126
112
108
119
115
113
155
116
122
122
106
113
120
105
110
102
114
105
106
99
104
101
106
98
108
107
112
101
105
110
98
106
106
100
111
105
101
112
112
120
98
100
102
104
109
109
103
96
123
104
102
103
122
101
96
114
107
96
100
110
102
98
101
106
95
105
100
111
101
100
114
99
104
100
98
98
104
98
94
105
100
107
102
102
101
99
128
115
102
108
104
99
98
100
103
105
109
101
102
101
107
106
105
111
102
98
102
107
102
95
103
104
98
101
103
105
96
98
106
95
101
101
110
93
108
103
99
103
104
98
108
112
110
101
108
110
99
104
105
103
93
105
102
99
101
102
100
100
101
103
106
99
104
101
96
102
103
95
101
99
112
138
128
117
101
103
106
105
102
123
105
92
118
101
100
110
106
101
101
101
103
95
112
103
101
97
102
106
96
104
99
103
103
106
102
94
103
104
100
97
104
100
98
101
104
99
103
108
103
97
99
101
96
100
101
96
97
103
111
94
105
99
108
103
105
101
110
103
105
99
101
102
99
97
102
107
118
111
103
103
99
102
100
98
102
101
123
100
104
99
95
103
106
97
102
102
106
96
104
112
99
99
103
103
95
106
106
100
102
107
104
108
113
111
95
101
111
99
98
104
101
94
135
103
95
99
101
104
96
101
102
105
102
103
101
99
104
99
94
104
107
107
102
103
107
96
100
103
104
95
116
106
95
115
108
97
112
104
105
98
100
100
128
98
124
104
102
106
104
95
104
100
104
99
103
100
95
104
105
104
107
104
103
97
102
158
102
100
107
100
99
100
104
100
102
102
100
95
106
100
94
102
102
99
101
101
101
97
100
103
106
98
102
104
98
103
102
95
101
101
101
99
109
100
106
119
96
106
96
108
105
95
111
108
107
103
100
108
98
104
108
106
101
103
102
96
105
100
104
101
100
101
102
113
109
98
101
109
102
96
103
99
99
102
103
98
100
100
105
95
100
101
102
97
102
99
96
102
101
100
103
101
101
96
101
101
94
100
104
100
96
103
102
93
102
99
103
111
102
102
118
109
115
111
112
111
103
96
108
98
111
103
104
103
98
100
103
95
100
104
106
94
101
101
99
105
100
99
101
103
101
96
101
101
99
96
106
100
96
99
101
95
102
99
105
98
102
102
96
100
102
104
98
113
101
100
106
102
99
104
102
101
97
101
101
102
99
102
102
95
109
111
96
103
112
114
98
114
107
104
114
112
110
100
104
102
98
114
105
96
106
101
101
100
117
118
107
101
105
103
97
116
105
98
102
102
103
101
101
101
98
99
102
107
101
101
102
95
109
100
103
114
105
106
106
104
105
102
108
107
106
95
103
102
98
108
113
101
109
105
105
102
103
102
106
104
104
102
98
121
92
112
104
107
102
104
106
109
101
104
107
112
97
101
103
103
119
107
108
102
108
111
107
125
106
98
103
105
109
100
104
104
100
101
108
110
101
101
105
97
101
101
105
101
107
105
100
105
105
103
100
113
101
96
104
106
98
98
104
101
95
110
110
102
100
101
103
96
103
104
98
101
102
101
119
110
106
98
105
102
98
101
101
100
101
112
111
99
109
106
100
94
114
103
107
101
103
120
104
100
102
97
102
104
99
98
101
101
94
108
103
100
100
106
101
98
99
104
97
95
103
103
97
101
99
98
101
100
106
96
108
103
97
102
112
106
96
104
100
97
104
101
99
105
115
105
98
100
108
114
115
97
108
97
105
103
99
105
104
107
105
110
120
102
100
103
99
98
101
101
96
105
101
101
100
103
101
94
100
103
103
95
118
104
102
105
102
102
99
102
102
101
100
102
105
101
101
102
96
107
100
94
102
103
108
107
101
103
95
101
103
100
101
106
102
104
103
101
100
109
111
106
100
123
109
126
114
111
101
94
105
113
96
110
103
103
98
119
106
100
101
101
101
101
103
103
99
103
101
96
108
103
101
94
103
100
94
116
107
102
96
101
107
94
100
103
98
104
101
102
97
108
104
100
100
103
102
96
114
125
116
103
115
105
97
112
103
126
110
114
114
111
110
110
100
107
110
108
119
114
111
99
105
103
100
97
102
99
97
104
102
107
103
102
99
100
104
102
95
102
102
111
99
101
103
93
102
100
102
99
101
100
102
103
110
101
99
102
100
96
105
100
95
103
104
116
110
101
104
96
102
102
103
98
109
103
99
109
114
98
102
106
102
101
100
103
100
110
104
111
100
109
101
116
115
103
104
