178
262
246
228
118
116
114
113
109
101
103
123
271
270
271
265
280
301
276
265
254
291
271
278
246
249
239
240
244
236
231
237
247
235
239
241
245
227
240
235
229
239
244
234
233
240
237
246
268
266
266
269
247
258
273
251
245
241
243
236
240
231
240
237
247
241
250
241
266
256
259
130
138
137
128
255
239
247
229
249
240
243
232
260
241
221
258
243
243
238
242
236
238
238
244
233
242
247
237
246
244
251
232
260
241
241
238
240
244
227
242
239
253
249
244
238
231
238
239
236
243
239
234
375
251
257
244
245
243
245
234
254
243
224
246
235
244
238
239
240
238
240
247
234
276
282
347
267
261
271
265
160
151
151
138
247
245
245
242
246
240
228
237
235
250
241
241
236
247
238
244
228
244
241
236
240
238
240
246
244
242
243
236
240
240
238
235
237
246
232
251
237
258
174
169
149
167
167
185
168
159
161
148
162
156
166
156
160
157
166
160
160
150
157
157
154
161
155
167
149
160
157
157
148
162
159
148
161
159
166
154
155
156
156
157
160
152
157
159
157
154
160
169
155
158
158
158
149
161
160
152
164
158
164
150
182
170
152
158
163
155
156
154
160
150
156
163
153
156
187
111
98
129
115
139
117
117
110
113
110
110
108
108
112
108
109
112
110
109
123
120
109
113
116
119
102
110
108
115
106
117
111
103
112
111
112
112
113
113
107
107
113
103
116
110
121
106
106
108
101
111
109
107
108
120
111
126
133
123
112
105
114
107
118
113
124
107
117
109
112
107
107
111
102
109
108
113
137
121
118
108
110
117
113
109
111
109
103
108
116
105
108
111
110
104
112
108
103
115
113
119
105
111
111
104
108
110
109
113
112
110
104
111
116
106
112
108
109
103
113
110
106
108
109
132
106
125
113
113
113
115
112
112
113
111
103
108
115
109
108
109
112
102
110
111
109
110
112
110
103
117
113
134
112
118
110
107
113
131
136
152
150
114
109
110
117
103
113
112
113
106
119
134
112
111
118
114
110
111
111
109
108
114
109
110
108
110
102
109
114
104
113
110
119
108
109
110
107
109
109
128
110
117
111
115
113
113
109
121
121
116
104
124
113
107
116
115
110
103
115
109
109
112
112
107
107
140
128
115
112
119
105
110
110
111
102
124
111
104
113
111
119
111
110
109
107
108
111
108
107
109
110
112
111
114
103
111
110
110
103
113
107
114
108
110
111
117
122
110
114
113
117
113
126
131
125
106
110
117
112
110
108
113
101
113
110
111
107
109
109
103
113
109
109
106
110
107
107
109
116
104
134
117
126
144
141
132
127
122
112
117
108
114
112
108
117
126
116
113
113
113
103
109
115
105
110
111
116
102
110
110
100
114
109
108
107
111
109
110
108
117
109
107
117
106
118
114
110
104
112
129
120
122
113
112
102
108
107
112
103
111
107
108
111
112
108
109
108
107
109
109
116
109
109
109
112
134
124
117
104
123
117
112
103
112
109
107
108
114
112
106
110
110
107
111
114
104
118
110
114
104
112
111
110
105
133
112
101
118
108
142
124
110
111
133
138
139
137
116
114
115
110
93
93
74
109
115
113
131
123
124
104
99
87
121
115
108
93
81
86
92
80
88
92
91
101
91
117
87
96
91
109
86
106
105
76
94
92
103
90
89
89
95
88
93
81
86
91
85
81
86
92
77
93
88
91
85
87
87
81
96
98
89
83
92
87
94
90
106
91
89
85
86
87
87
101
83
90
89
86
81
89
86
83
89
86
90
84
89
100
86
87
91
82
86
88
88
85
88
91
85
91
88
90
83
114
97
96
98
97
94
81
93
88
87
87
94
85
90
87
91
81
84
86
83
86
90
88
78
90
84
89
89
106
87
80
94
89
109
87
97
89
87
90
89
78
91
87
84
83
85
94
82
87
88
86
84
89
86
80
90
87
88
87
90
89
89
88
98
85
93
84
86
82
87
88
80
89
92
96
110
98
98
80
85
88
88
81
93
86
91
89
87
86
88
87
90
82
85
89
80
87
86
93
79
87
87
98
95
87
85
84
92
87
85
86
101
87
86
90
87
80
87
87
79
92
84
91
83
87
88
82
84
94
86
86
95
88
83
90
88
81
94
87
91
81
88
87
82
84
87
90
80
91
88
111
90
95
87
92
90
86
81
88
90
84
85
87
92
81
97
91
94
89
88
89
82
89
89
85
83
94
89
80
90
88
86
87
92
85
91
88
86
79
98
89
87
83
91
89
78
87
85
89
85
88
87
84
86
95
133
