294
287
269
257
121
118
80
113
84
135
4525
11494
13555
13702
13419
6253
1827
144
100
108
108
417
418
428
422
445
420
401
398
261
260
254
246
153
160
150
155
154
102
103
101
101
89
96
110
112
111
106
105
94
100
101
92
93
99
94
94
97
107
90
97
94
96
93
96
95
92
96
96
94
98
98
97
90
98
95
93
95
98
95
93
93
97
88
97
97
98
91
96
108
104
97
94
92
96
95
94
93
97
98
112
103
100
95
91
100
94
89
99
96
92
95
100
98
104
106
102
109
95
96
94
91
98
96
90
98
95
95
94
96
97
94
94
97
99
88
97
97
90
95
104
113
101
102
94
94
100
100
94
95
96
97
91
97
96
92
93
95
98
90
96
97
91
92
111
101
90
99
97
98
99
97
98
96
113
109
81
99
97
91
96
102
103
94
99
102
96
95
99
101
93
94
98
90
94
96
97
92
96
102
92
98
94
95
97
94
96
90
96
95
93
92
98
95
90
96
96
105
96
95
97
92
95
95
92
95
93
96
95
95
95
90
98
92
93
93
97
95
91
94
100
94
92
96
95
91
96
94
90
109
99
115
101
116
98
92
102
98
96
94
102
99
93
99
107
95
97
97
97
91
96
97
93
95
114
96
90
99
94
89
95
94
110
100
104
95
94
98
99
96
93
97
94
90
96
98
93
95
98
96
92
95
97
96
93
96
105
90
103
98
96
97
96
93
109
98
98
90
95
95
94
98
98
98
111
96
107
95
100
100
98
92
96
104
95
94
112
97
95
98
101
92
98
95
95
95
95
96
89
97
95
95
93
98
96
89
107
97
94
95
95
97
95
97
94
95
96
95
94
93
96
94
89
101
96
96
93
97
95
89
97
100
95
94
97
95
92
100
100
97
96
93
96
94
94
96
88
101
106
111
80
105
97
98
103
104
96
94
95
98
93
94
101
99
98
97
98
95
100
101
95
98
98
106
100
106
97
89
96
98
93
89
99
94
90
96
98
94
96
95
98
91
93
94
95
95
97
103
91
99
95
100
100
101
94
94
99
101
115
118
114
118
119
108
104
94
98
107
97
96
109
108
101
199
190
197
190
212
180
174
180
175
201
181
181
181
179
174
176
172
179
177
178
167
179
181
165
177
179
175
178
181
176
171
176
172
178
173
179
176
170
176
178
170
185
177
177
173
177
181
176
178
182
181
172
180
179
166
177
177
178
172
178
171
195
186
177
171
182
176
174
165
179
181
173
176
176
188
197
166
183
177
177
178
180
171
180
179
172
180
177
171
179
178
218
210
208
194
175
179
211
180
165
176
173
168
189
187
175
171
176
179
171
178
188
176
182
192
188
179
200
185
181
177
175
176
167
178
176
176
178
188
181
174
178
177
166
175
176
175
180
177
178
169
176
178
189
173
175
185
182
137
128
138
129
127
125
124
122
121
115
122
126
119
118
121
126
115
131
121
133
126
128
123
117
123
121
122
120
124
123
116
125
123
122
118
125
119
118
124
128
122
127
128
126
118
122
132
121
124
123
121
97
100
96
94
98
96
96
102
98
96
94
98
101
89
102
98
107
103
98
98
92
101
95
102
96
118
111
102
101
100
96
97
100
103
102
103
108
96
104
101
110
111
103
100
90
100
98
96
94
99
98
94
95
98
107
95
98
103
97
98
101
95
103
100
99
94
100
96
102
93
97
98
92
98
99
95
95
101
98
93
98
96
95
97
98
93
98
99
98
92
101
96
102
102
98
99
96
99
98
100
111
90
103
90
96
95
92
96
95
99
99
95
101
97
103
97
102
94
101
104
92
101
101
101
95
100
99
91
98
99
100
95
102
101
92
99
95
90
98
95
99
98
100
96
94
100
101
96
100
104
101
91
98
100
97
96
99
97
106
98
98
96
98
95
98
96
99
95
89
100
99
98
97
101
103
118
119
116
119
103
101
112
93
99
100
93
105
96
100
93
100
96
100
95
99
99
90
98
103
92
99
99
100
94
100
94
91
97
99
99
93
96
103
94
98
96
96
97
101
97
94
100
96
111
110
107
99
93
97
98
91
98
98
95
101
97
99
90
96
99
99
91
96
99
89
97
100
93
102
126
109
103
105
101
96
99
104
105
94
101
101
87
98
100
97
96
99
99
96
99
97
98
93
102
94
95
99
97
100
103
97
96
94
100
98
89
98
98
99
98
99
98
89
99
100
98
98
97
95
98
95
105
100
103
99
96
91
97
98
91
94
97
97
90
96
102
95
102
97
97
92
109
102
91
112
101
105
96
179
