436
262
262
311
124
115
99
117
108
105
105
105
116
103
102
104
117
114
107
122
128
118
123
115
114
105
108
102
98
116
114
104
105
102
91
133
113
100
93
98
115
107
110
101
109
108
105
100
87
99
113
90
103
105
107
102
100
99
87
107
99
98
95
96
107
87
100
95
101
106
100
103
91
97
119
103
92
99
106
103
104
102
91
119
113
103
90
108
101
89
102
98
107
93
101
95
90
108
105
95
94
98
108
86
99
98
99
107
100
130
97
106
108
90
97
94
106
110
104
103
98
107
112
103
94
105
120
98
101
104
172
106
95
95
87
124
101
83
105
106
109
91
99
108
114
117
117
101
95
106
101
88
96
97
106
96
97
100
96
108
99
96
99
101
108
90
96
98
100
105
106
95
90
115
108
90
104
115
108
95
95
103
110
103
100
94
90
106
99
86
99
105
120
105
99
96
98
105
102
87
105
108
110
105
107
115
112
111
119
115
109
114
112
112
113
112
111
113
113
117
126
136
133
150
132
121
195
141
125
119
121
121
119
117
109
117
110
107
107
108
106
112
110
110
114
160
219
116
109
94
90
84
88
92
84
88
88
90
82
88
88
90
90
102
97
87
112
111
87
92
102
84
88
161
217
158
164
163
159
162
154
159
149
157
162
187
170
179
198
178
184
182
162
165
160
153
161
156
164
154
165
158
154
159
158
160
148
159
155
154
157
178
153
155
157
164
151
155
162
155
158
157
186
179
166
161
180
154
155
158
149
165
165
156
152
161
157
152
166
164
156
184
166
168
155
156
161
149
158
158
111
99
104
106
95
103
102
105
105
106
104
101
102
106
99
100
109
102
99
102
105
97
108
101
107
102
111
108
101
109
104
105
99
110
106
95
106
108
98
105
104
103
99
100
106
108
120
108
106
97
106
102
106
104
101
120
101
103
102
100
103
106
101
106
105
115
127
111
107
102
101
123
111
95
103
102
126
111
115
101
95
111
101
97
105
104
98
101
101
106
103
123
116
102
103
102
106
94
105
103
114
105
106
104
101
101
105
100
102
103
101
105
107
112
98
119
114
116
111
100
107
97
111
109
110
109
107
103
101
105
102
101
104
107
105
101
102
110
98
102
118
124
92
113
110
95
108
103
102
103
111
108
100
102
104
102
98
114
102
100
115
104
97
105
103
103
100
102
112
97
102
104
109
104
115
105
102
106
102
98
100
105
101
100
103
107
101
100
100
105
96
101
106
106
108
101
109
99
116
113
102
101
103
105
100
101
101
101
104
105
99
105
101
108
99
130
112
127
109
110
107
94
103
101
101
105
103
101
104
103
104
96
101
104
100
99
102
106
97
105
103
102
103
110
106
99
108
104
107
102
106
104
108
107
119
99
117
121
102
107
103
104
96
133
130
130
108
109
116
120
93
85
102
86
91
94
110
109
97
134
110
101
91
84
89
95
81
91
94
97
109
98
92
83
86
87
86
83
90
87
103
105
102
84
93
87
91
79
85
93
82
89
89
90
79
89
88
89
95
98
91
83
93
93
109
93
101
111
88
102
99
88
100
101
96
101
96
102
92
95
97
105
94
95
96
84
87
97
80
85
89
84
87
90
99
88
92
94
117
108
93
94
81
90
103
112
104
94
87
86
84
101
86
85
89
86
84
86
87
79
91
87
86
84
85
90
80
86
90
85
84
88
87
87
95
100
90
89
96
86
92
88
92
96
96
89
89
80
100
87
80
99
94
96
92
106
100
91
95
95
95
91
106
98
105
99
100
93
99
95
97
97
101
96
93
84
86
91
82
111
104
88
90
89
82
94
94
113
93
95
102
98
97
96
97
90
100
99
98
96
94
94
92
100
100
99
94
119
117
113
110
106
101
100
106
83
99
103
105
83
92
93
86
88
105
104
95
100
99
98
97
97
101
105
103
105
96
117
100
112
97
102
106
97
101
97
111
90
91
86
81
90
89
81
104
90
96
91
88
92
80
92
98
95
104
101
99
90
100
99
105
90
97
99
443
466
441
113
112
127
112
110
117
112
133
114
115
121
123
115
113
110
116
107
107
97
122
103
107
102
108
110
97
107
117
106
100
104
98
97
106
103
97
95
99
92
97
97
98
88
111
97
100
96
118
100
91
96
99
110
100
104
100
93
96
95
89
96
98
95
98
93
98
88
96
95
94
92
109
99
86
98
99
101
95
99
103
97
95
98
89
96
102
110
110
110
108
112
108
117
109
104
110
113
110
117
110
107
93
99
111
99
104
94
87
101
106
89
89
84
108
