153
272
276
289
113
108
124
105
112
109
120
105
113
105
103
107
106
99
116
116
107
109
107
98
89
100
98
94
94
93
100
87
95
93
96
94
96
94
110
102
98
87
95
105
106
94
98
100
87
97
95
104
93
91
100
90
97
95
100
90
96
98
94
96
94
92
95
97
95
89
95
98
87
97
98
97
88
94
95
112
102
104
104
99
99
101
92
94
100
92
95
95
91
91
96
98
87
104
97
93
91
101
106
86
103
100
95
88
96
95
89
98
94
91
95
92
93
92
94
94
92
99
99
97
89
101
93
101
101
96
105
93
94
98
91
98
99
95
93
96
92
90
95
96
90
96
94
95
88
95
96
109
96
106
111
100
103
95
92
98
98
94
99
98
105
87
93
105
109
105
99
99
89
99
93
95
96
91
95
86
99
94
90
92
101
94
89
93
95
87
94
94
93
94
91
94
91
95
93
96
94
94
97
90
98
94
96
94
92
96
89
95
96
87
94
95
94
91
95
98
88
99
94
100
95
95
94
90
111
102
99
95
97
94
91
96
95
85
101
95
90
105
97
95
89
105
101
97
89
95
95
92
96
92
93
95
98
97
94
93
95
93
110
110
96
93
99
99
86
95
95
96
97
96
96
90
93
96
98
90
94
94
98
93
97
90
98
94
96
87
94
96
95
103
96
98
86
96
94
93
97
97
94
119
90
109
90
94
96
93
107
103
107
92
99
100
92
108
97
97
94
97
95
89
96
96
94
95
107
95
88
95
96
94
102
100
98
89
96
95
95
97
94
106
94
101
96
94
95
95
96
89
96
94
99
94
98
96
91
93
98
87
97
93
97
94
95
94
89
94
95
94
95
96
97
93
97
95
117
120
101
100
96
97
104
92
104
102
98
90
97
98
89
98
94
95
95
94
94
98
96
95
90
96
97
92
106
101
97
88
97
96
94
91
95
96
88
93
95
96
91
96
94
91
97
95
91
95
93
95
97
96
95
93
102
99
96
87
98
97
92
99
96
96
93
94
96
99
99
101
90
97
116
109
81
114
104
89
99
96
98
90
100
95
93
91
99
91
87
96
96
93
96
101
97
91
96
95
90
93
95
90
94
94
96
90
97
93
96
94
97
95
95
98
96
92
92
115
115
116
116
115
108
107
94
100
105
94
95
89
116
113
101
94
100
93
92
101
98
89
93
96
96
89
93
103
93
111
100
99
93
103
97
101
101
92
95
93
97
93
91
95
97
90
99
98
96
91
97
93
92
94
92
97
95
96
106
95
97
97
95
93
109
95
89
98
97
89
95
97
94
90
95
97
91
99
95
96
87
95
93
93
98
93
95
95
94
94
96
101
109
97
99
109
109
94
96
97
94
94
93
96
111
101
98
96
92
119
97
87
96
94
90
99
98
94
94
95
96
89
95
95
91
91
96
94
91
103
96
94
93
93
96
89
94
94
96
92
95
92
92
96
96
88
102
95
91
102
98
98
89
94
100
91
93
95
95
87
97
92
90
97
95
92
95
94
101
99
104
99
94
92
96
101
86
98
97
114
82
100
96
90
93
96
92
96
104
97
116
102
106
99
99
98
108
93
98
94
92
95
99
94
91
96
92
87
98
95
89
96
98
95
89
93
98
89
99
97
99
87
98
95
97
97
94
94
94
94
94
89
95
96
102
101
104
96
87
98
97
92
95
91
102
90
95
94
99
94
95
98
90
114
102
97
97
95
95
93
93
94
89
96
94
92
92
95
95
89
96
94
94
93
95
96
87
97
94
94
93
94
97
95
96
103
87
99
93
91
109
114
112
88
94
101
97
95
96
95
90
94
94
94
96
95
95
89
96
101
90
105
106
102
94
96
96
88
99
94
96
101
98
96
88
95
97
101
121
109
103
96
100
97
97
107
97
104
90
93
96
89
108
98
94
91
97
93
90
95
96
90
96
97
102
88
93
98
91
100
98
96
88
95
96
92
97
99
94
96
94
93
90
97
96
99
100
104
93
87
95
97
87
96
102
100
90
97
95
97
93
93
96
91
98
95
89
97
94
95
96
94
94
111
100
101
94
90
97
93
90
96
96
94
92
94
98
90
94
94
97
90
101
95
91
94
96
86
97
93
92
103
97
113
94
100
100
96
93
103
98
126
101
97
96
93
103
98
103
94
95
92
102
103
98
91
96
97
87
100
92
101
90
99
93
90
94
97
91
97
99
96
87
95
96
91
96
115
111
95
98
98
91
99
96
93
87
97
93
87
94
97
93
92
94
97
88
93
95
93
101
97
96
