154
294
275
288
109
123
128
118
207
202
212
185
198
200
207
215
211
196
202
202
204
205
196
179
179
175
178
179
167
177
179
172
179
175
173
178
179
181
171
181
176
177
166
178
172
173
176
178
175
177
174
178
169
173
178
177
170
177
175
168
176
175
172
171
173
175
172
180
176
176
175
179
176
171
175
178
172
173
178
173
190
177
192
174
189
175
178
167
179
180
165
177
176
172
188
194
184
176
175
176
183
170
184
179
170
177
177
176
178
196
177
168
178
176
174
174
189
194
177
189
180
169
174
185
172
173
196
177
173
173
178
183
182
179
181
127
123
124
115
127
120
122
120
101
98
95
96
102
96
92
98
97
90
99
96
118
111
103
109
97
100
107
104
97
100
99
109
104
95
94
102
99
97
97
103
111
107
107
101
96
93
100
101
88
99
95
96
97
96
97
96
96
97
98
107
104
95
91
99
96
92
103
100
96
98
97
99
93
97
97
97
98
101
95
91
99
96
92
98
102
99
96
96
99
98
95
97
98
93
117
111
76
102
102
111
101
102
104
95
99
104
104
95
105
99
107
104
97
93
100
95
95
97
96
102
94
97
96
99
91
103
96
92
99
97
97
96
97
98
93
97
95
95
110
113
109
99
100
96
99
101
95
98
94
101
99
92
93
100
95
88
99
97
90
99
97
95
98
95
105
99
100
103
95
112
104
103
93
102
96
104
101
99
96
92
97
95
92
108
106
99
93
99
98
89
99
96
93
99
94
99
94
97
97
101
94
98
97
91
100
95
93
99
97
95
94
96
98
94
96
98
97
93
99
98
89
99
97
95
96
104
96
98
96
100
92
95
99
96
95
100
102
102
105
98
95
96
95
100
112
96
105
99
96
101
100
105
103
98
94
100
96
97
96
95
97
93
100
97
96
91
102
97
91
99
99
95
99
98
98
94
99
98
94
95
99
122
105
101
97
90
103
108
96
96
98
99
92
95
101
95
91
100
98
89
98
96
95
100
95
98
96
94
104
103
102
97
95
92
99
97
92
100
106
113
99
102
96
94
104
103
98
96
99
100
89
99
96
95
98
95
100
96
96
97
98
94
97
97
89
101
96
94
99
100
94
100
97
102
95
97
95
98
97
99
98
89
99
96
108
99
102
98
103
98
96
97
95
99
101
92
102
97
89
99
95
97
96
93
98
93
97
98
95
92
101
96
99
112
101
99
101
97
96
96
93
100
89
101
100
97
94
105
101
89
100
97
99
98
99
98
94
102
100
98
94
101
96
111
101
97
96
102
95
96
94
100
99
91
97
99
97
99
103
96
91
99
96
93
99
109
104
98
95
99
101
98
105
106
99
99
95
89
100
95
97
96
97
96
93
107
111
106
112
85
107
91
96
98
94
97
98
104
98
104
101
103
99
102
100
93
106
96
94
101
97
92
100
98
99
93
96
101
95
94
98
101
88
100
95
94
98
138
104
96
96
96
102
103
103
99
95
101
101
88
112
97
101
99
97
101
93
95
96
99
94
96
99
112
105
98
93
103
96
97
95
98
96
112
104
100
95
93
106
99
91
96
98
95
96
95
98
94
94
96
96
93
97
97
104
104
94
95
114
104
99
96
108
100
93
98
97
99
88
101
98
91
98
96
94
98
96
93
98
96
95
96
97
96
99
93
108
102
96
99
97
99
94
102
97
93
101
102
102
94
99
97
89
99
95
93
96
118
104
102
103
102
99
99
108
96
95
103
96
94
103
96
95
95
98
99
89
95
100
94
93
98
100
90
98
97
99
98
96
110
109
112
99
115
95
108
97
91
97
106
92
106
97
100
102
100
103
99
100
102
100
94
98
100
91
108
98
91
102
97
96
94
98
98
92
99
98
98
89
102
100
90
110
103
104
97
102
100
106
97
96
99
96
99
98
99
101
102
92
100
97
94
95
103
98
92
95
97
98
91
100
97
93
99
96
95
102
97
95
93
97
95
95
96
97
97
98
108
101
100
98
97
97
92
96
96
98
102
101
101
90
99
95
93
98
96
94
99
95
98
93
99
96
100
91
101
96
110
107
97
98
98
100
97
96
97
98
97
110
88
102
90
99
101
91
101
96
99
96
97
96
100
112
105
107
97
100
100
92
99
105
99
102
115
105
98
100
103
99
97
98
109
90
101
96
103
106
101
98
95
99
100
91
95
100
96
98
101
102
89
101
97
94
102
98
103
97
99
97
100
97
119
108
90
119
93
106
102
108
101
100
96
105
94
97
97
97
92
97
99
89
99
101
95
97
109
