231
258
262
229
103
110
99
88
102
99
106
96
98
101
97
108
102
102
91
105
95
90
97
92
92
90
96
88
85
85
92
85
85
86
97
82
87
89
81
109
111
95
86
117
108
90
94
90
90
83
96
89
90
90
93
83
93
86
90
83
109
100
84
95
90
100
81
89
86
86
87
85
93
84
88
87
83
87
91
86
88
88
106
103
104
94
84
95
106
92
85
93
90
86
86
89
93
82
88
87
84
87
88
84
89
85
90
82
85
103
87
95
91
91
81
91
87
88
110
99
97
82
90
88
84
86
101
91
91
90
94
80
98
94
85
91
89
100
82
90
89
92
85
89
94
85
95
84
89
87
96
96
94
96
98
92
96
98
97
89
100
99
94
98
94
96
95
94
95
97
94
99
99
97
98
98
103
98
99
94
101
97
100
95
92
96
79
99
91
101
89
98
92
115
100
91
98
95
98
97
111
95
105
101
101
97
98
96
103
103
94
97
95
99
100
97
93
99
86
95
89
82
90
86
82
88
90
83
97
92
105
94
95
90
87
89
91
91
82
95
95
106
92
96
95
92
95
96
97
93
97
95
96
95
93
86
98
90
110
94
94
101
83
94
96
92
93
110
117
111
109
99
81
91
114
87
96
90
108
108
107
103
109
89
106
116
102
113
105
101
93
96
109
94
94
103
94
96
95
94
97
95
95
89
96
93
95
91
96
99
92
92
95
96
87
97
99
94
99
98
428
322
411
98
94
93
96
92
89
88
98
85
97
90
97
115
97
99
84
98
97
86
110
107
101
93
92
95
89
91
97
92
94
91
99
84
95
96
93
91
111
93
86
96
96
92
95
98
96
95
94
100
89
100
110
96
94
97
107
105
94
95
91
95
98
93
90
96
94
93
93
98
96
99
97
101
97
105
97
93
98
93
97
90
96
95
94
96
98
94
92
94
95
102
108
98
94
110
102
106
89
99
98
94
97
97
104
92
106
94
100
89
96
95
104
97
104
99
92
99
94
91
96
97
91
98
94
99
97
96
103
93
94
97
99
86
98
98
99
98
101
97
91
98
99
93
95
94
95
94
96
95
87
96
104
91
102
95
99
90
97
97
101
103
99
97
93
97
96
95
101
111
111
91
98
411
389
519
105
105
96
97
99
93
101
93
95
108
109
106
93
93
114
98
95
97
94
94
98
98
90
99
99
90
96
97
97
91
97
96
98
92
96
100
102
100
96
97
93
97
96
98
96
99
100
96
110
95
89
98
99
92
100
99
104
95
97
96
96
96
106
102
90
102
98
93
113
109
107
106
96
101
91
104
104
99
91
95
97
94
93
98
92
95
97
85
96
103
103
100
95
95
87
89
93
98
82
94
91
84
97
92
89
87
102
92
89
94
99
85
96
95
93
93
96
97
93
114
98
97
89
98
99
94
92
94
97
82
98
90
83
90
90
84
92
86
89
82
86
92
85
112
102
97
82
96
91
88
88
85
93
80
91
89
97
89
100
88
85
93
94
81
99
105
99
93
94
104
109
110
108
98
91
99
99
98
92
97
99
89
86
92
87
87
91
84
89
88
87
86
87
90
80
89
87
99
92
91
89
87
88
102
88
85
100
94
91
95
102
90
92
92
95
99
91
91
110
96
98
96
86
97
88
90
96
89
98
85
96
103
98
91
105
83
94
90
94
79
99
93
84
95
89
94
83
106
95
91
92
95
90
81
95
94
84
89
92
83
101
91
93
80
89
104
85
93
90
87
80
92
88
84
87
99
91
82
88
89
87
88
95
90
85
88
90
80
91
88
81
92
115
112
99
100
93
89
86
100
95
124
99
89
83
89
96
97
86
87
91
83
90
88
85
87
86
90
91
96
88
83
87
95
91
104
110
104
95
97
98
97
95
98
99
93
100
94
102
100
122
99
100
100
106
101
94
99
98
96
100
101
104
99
96
103
100
93
101
97
96
98
98
93
99
99
94
135
104
105
79
103
109
100
96
101
99
94
104
119
115
119
119
111
114
110
115
110
106
94
83
88
89
94
81
99
90
101
109
117
117
111
111
111
112
115
116
113
114
107
100
81
90
88
85
97
98
94
83
91
91
81
89
91
86
84
86
89
85
89
89
84
91
88
106
103
107
101
91
84
88
96
112
103
90
86
90
86
88
85
87
108
97
85
93
89
80
85
92
94
91
87
92
85
86
95
81
104
94
87
86
92
90
96
97
96
97
90
89
105
94
88
103
86
93
91
102
85
99
111
91
92
87
86
87
96
90
94
89
93
92
85
97
