150
261
428
323
119
118
113
110
114
182
197
193
200
195
195
193
191
192
217
204
207
191
192
172
174
182
175
176
182
178
166
186
183
177
177
174
200
194
113
114
114
113
114
102
96
98
103
116
117
111
120
112
97
112
97
99
98
97
102
96
102
93
111
102
94
99
101
100
99
97
101
90
96
102
97
95
115
110
98
107
101
99
99
100
105
94
97
97
105
98
98
96
96
98
100
93
100
98
98
97
97
99
93
97
99
96
94
98
99
90
98
96
97
96
101
97
96
95
100
90
99
97
95
93
98
99
89
99
97
101
97
101
97
98
98
98
99
96
99
99
94
98
100
98
101
98
104
101
97
101
94
111
107
101
96
104
97
91
100
99
93
102
106
104
94
96
101
94
95
98
103
94
99
95
100
100
96
99
102
101
103
96
99
100
107
105
105
102
95
97
103
96
97
97
101
92
98
98
97
97
104
98
92
104
101
104
104
101
100
106
100
100
100
99
104
97
99
97
102
92
107
102
95
101
97
105
110
104
105
106
97
102
105
96
97
96
93
101
97
96
96
97
98
93
98
100
96
94
97
100
93
98
96
95
100
97
96
96
103
102
98
100
97
95
94
105
97
89
99
101
98
95
95
100
92
102
97
100
94
100
97
94
100
98
93
98
97
96
108
103
104
106
100
104
98
91
98
99
89
102
96
111
107
106
105
94
96
100
97
97
98
97
94
99
98
96
101
97
98
93
98
99
93
96
98
98
92
96
100
92
104
107
102
101
98
107
105
99
105
104
101
98
101
92
99
98
95
95
96
100
92
97
99
102
95
99
98
92
98
98
93
104
108
112
109
97
100
94
102
96
102
95
114
99
90
111
99
101
102
103
105
93
102
99
96
95
101
97
93
99
98
90
101
96
99
97
102
98
94
96
99
97
92
101
98
93
103
97
93
101
95
114
97
95
96
99
100
101
98
93
101
95
92
99
98
95
95
97
98
101
98
105
99
95
98
99
93
115
98
92
97
97
98
100
105
103
93
95
99
98
111
104
104
92
98
99
98
96
94
103
90
98
97
97
98
97
99
93
100
97
94
97
107
100
98
98
99
95
94
99
96
97
99
100
91
100
97
107
99
96
101
94
96
97
97
94
98
98
93
125
127
96
104
128
101
111
97
108
91
105
104
104
98
104
103
96
106
106
111
100
99
100
91
98
108
111
104
102
97
97
99
98
97
97
98
96
94
102
101
91
97
99
98
92
96
94
93
100
97
92
101
97
99
91
97
99
95
99
99
99
90
101
99
93
105
103
99
94
98
98
96
96
111
102
98
99
100
90
100
95
95
98
97
97
99
108
105
98
96
101
95
90
99
96
93
97
98
100
100
114
91
96
97
102
101
98
102
101
95
109
113
111
103
107
102
109
101
101
98
94
102
97
93
97
102
93
98
96
97
98
96
99
93
105
101
95
98
104
108
91
99
97
96
97
110
105
102
99
101
91
98
95
102
92
97
100
94
97
96
97
97
105
103
94
98
98
95
94
104
97
92
97
100
97
100
97
114
106
104
100
93
97
98
102
91
99
97
96
100
95
97
96
97
97
94
99
100
98
99
99
98
90
100
98
93
96
114
98
91
97
97
94
102
101
98
93
100
101
93
103
101
92
98
96
97
97
104
101
96
97
99
97
91
99
98
95
98
99
98
88
94
99
93
100
105
99
101
100
102
116
109
105
95
102
104
99
93
106
101
96
95
100
97
91
97
99
89
105
100
96
93
95
99
95
98
96
97
93
99
95
89
104
99
100
98
109
102
96
96
104
98
96
97
98
92
99
101
94
99
94
95
97
97
96
93
105
101
96
95
102
97
94
98
98
92
97
97
96
98
97
98
96
97
103
112
100
104
97
92
102
96
98
97
99
98
94
97
100
95
98
99
96
109
105
106
107
104
96
105
91
102
98
96
100
100
101
92
99
97
98
99
99
94
98
99
99
96
101
107
92
96
115
103
89
100
95
106
100
99
101
96
98
97
94
98
99
99
99
100
98
89
98
100
92
97
102
102
91
108
102
109
99
101
100
90
98
96
95
97
100
96
96
97
98
92
97
97
96
98
100
99
88
99
96
95
96
110
109
101
99
101
101
94
98
96
94
99
99
91
99
96
96
94
100
96
92
97
97
100
97
102
100
97
99
96
95
101
99
102
97
98
98
95
96
98
100
94
97
107
91
101
99
105
111
110
104
95
97
107
97
96
101
104
99
101
102
103
100
97
101
92
99
98
92
100
99
101
93
100
96
102
