179
263
252
285
122
132
115
118
111
116
113
110
112
112
110
115
114
102
107
105
107
109
114
98
97
99
98
93
104
97
98
96
98
100
93
99
98
97
96
100
100
93
98
98
97
97
97
99
96
99
103
90
136
122
111
95
105
102
96
105
112
114
102
110
101
94
97
104
97
118
104
101
94
102
98
98
104
97
98
98
98
98
95
116
102
104
92
102
99
93
100
100
98
101
100
100
95
100
104
101
101
98
102
94
103
100
96
103
118
100
98
108
103
102
99
104
103
94
98
103
91
107
98
97
101
95
99
112
110
103
104
95
100
100
94
103
101
96
101
100
99
107
108
105
106
106
106
100
101
100
103
94
100
97
101
98
97
97
96
98
99
96
95
104
99
93
100
99
95
101
100
97
97
97
101
98
97
116
105
95
102
98
93
110
103
101
100
100
109
102
99
110
108
103
103
102
97
102
100
95
99
130
111
101
104
107
109
101
103
98
92
103
100
91
100
99
98
98
97
101
97
96
104
97
102
100
99
91
101
100
96
99
100
101
97
98
97
96
97
99
101
97
100
101
92
99
101
96
100
100
102
94
99
99
100
101
100
109
95
102
100
102
103
100
98
100
97
101
94
97
101
104
93
98
101
92
113
86
100
101
100
112
99
102
101
110
103
111
104
111
106
104
91
104
100
96
101
100
101
94
101
97
102
94
105
94
113
104
97
93
102
100
98
98
99
101
103
97
101
100
94
102
101
91
104
99
100
96
101
98
99
98
100
97
98
103
100
94
100
100
97
98
97
96
96
98
102
96
103
102
102
113
107
103
96
101
99
99
98
99
98
97
97
99
94
109
105
102
91
101
99
94
101
98
103
98
98
100
97
97
101
101
93
121
99
95
101
101
102
102
103
108
98
104
105
97
96
100
106
92
103
100
99
99
99
97
100
99
138
97
97
101
99
94
100
101
91
102
97
96
99
97
100
93
100
99
119
102
116
107
94
112
102
96
101
99
99
98
97
101
94
98
99
99
90
103
98
94
100
96
98
100
99
98
97
99
100
98
95
102
97
93
103
99
91
101
102
99
98
111
101
94
98
98
100
96
103
99
91
100
98
95
118
99
97
98
99
102
98
101
101
105
101
102
99
94
100
97
97
99
118
108
100
100
103
99
100
120
110
89
104
101
91
101
101
106
107
103
102
105
99
104
104
94
107
100
93
102
106
98
101
105
104
94
103
99
98
95
104
102
92
100
99
96
96
99
101
94
97
99
103
94
104
99
96
100
98
91
100
96
104
95
98
114
95
106
109
121
123
120
100
92
108
105
99
111
106
101
97
98
102
95
101
104
99
92
104
99
92
103
97
100
97
100
98
96
98
102
98
95
98
102
93
100
100
97
100
98
98
99
100
97
95
99
98
98
93
101
97
94
100
102
94
100
98
99
94
105
101
102
97
99
98
94
108
104
111
110
103
104
97
97
99
96
97
100
100
112
103
98
111
94
104
95
106
103
114
101
105
105
111
125
123
119
114
121
123
120
116
120
117
108
103
108
95
102
100
99
101
100
105
94
112
112
97
100
97
99
95
99
99
97
95
101
99
92
104
102
95
104
99
100
98
111
106
96
110
98
107
103
105
97
95
104
105
94
99
116
101
98
98
100
101
99
125
112
101
108
103
91
103
101
104
98
101
101
102
101
107
102
99
109
102
93
104
102
97
101
101
101
97
102
101
102
97
113
104
92
99
99
98
102
102
97
98
99
100
102
100
100
101
100
102
100
93
103
99
97
106
102
101
97
101
99
103
99
101
101
101
104
97
96
101
102
99
104
102
104
96
112
109
113
101
103
103
90
108
99
105
101
106
99
111
105
106
101
111
106
115
97
103
103
93
113
105
109
109
103
105
95
100
101
98
94
103
97
94
100
112
95
100
97
100
97
99
101
103
97
99
107
98
118
101
90
110
104
104
97
99
104
97
98
101
98
97
99
107
97
102
101
94
101
96
103
112
88
102
98
104
103
99
99
101
100
93
108
104
97
102
101
104
103
100
106
97
98
106
106
92
101
99
94
102
99
97
99
98
99
97
96
100
97
97
100
98
93
102
97
96
98
98
105
96
99
100
99
96
103
97
92
105
98
97
101
99
96
99
99
100
96
102
99
101
94
103
99
90
100
99
112
106
102
99
94
105
104
97
95
119
99
93
100
101
94
103
101
96
99
98
111
90
103
102
101
98
112
100
94
107
109
105
104
102
102
101
100
119
126
118
101
112
94
122
108
113
108
104
98
98
99
101
