191
336
286
261
117
120
111
107
114
113
120
114
113
115
187
194
186
197
199
204
184
191
217
174
173
179
177
172
175
173
174
171
182
174
171
179
189
175
176
177
177
173
175
176
171
185
173
172
170
197
173
172
172
175
175
168
182
175
172
180
182
171
172
176
173
169
179
176
182
124
125
125
121
127
125
125
125
132
129
112
142
130
132
129
129
139
127
133
132
135
133
127
132
129
128
132
125
127
126
125
123
126
128
121
126
124
123
122
122
122
117
122
124
121
121
471
474
413
128
126
124
125
125
131
126
123
125
124
126
126
124
124
125
125
122
126
123
129
124
125
126
119
119
122
120
102
107
104
101
103
109
108
110
105
107
101
105
106
109
111
114
104
107
107
104
107
109
103
102
106
105
105
103
103
109
101
108
106
117
141
105
105
107
106
104
106
105
106
106
105
106
107
108
109
105
105
103
107
108
107
108
110
107
102
107
107
108
112
107
105
103
107
104
103
105
105
108
102
104
104
103
110
112
119
107
112
110
125
110
113
113
112
113
109
108
108
109
105
106
105
106
105
107
107
103
107
108
101
103
103
107
100
106
103
106
104
107
103
103
106
106
103
105
122
106
106
107
105
105
109
111
104
104
105
103
102
107
105
117
109
107
107
105
105
108
105
105
106
107
101
106
106
110
106
105
109
104
104
106
112
112
124
109
107
107
105
104
105
105
103
104
103
102
101
101
104
97
102
101
105
103
103
116
104
107
104
108
106
105
110
104
105
107
108
104
105
106
101
105
108
110
106
105
107
102
103
106
105
102
104
107
102
107
105
102
111
105
106
104
102
107
105
107
108
114
107
109
110
102
106
107
103
106
105
105
105
113
118
111
106
105
104
105
105
104
101
107
105
107
107
107
106
102
106
105
107
102
104
108
104
106
107
106
106
106
108
103
105
108
112
106
108
109
103
107
106
103
105
102
102
105
111
115
104
105
108
105
105
110
110
110
107
107
107
107
105
106
102
105
106
103
106
109
113
112
115
107
106
107
102
102
111
90
107
101
103
112
114
109
112
111
112
108
112
109
112
110
105
112
107
105
102
107
110
104
108
107
110
103
106
108
102
109
105
107
103
105
105
105
104
108
104
101
105
104
102
109
105
108
104
106
105
111
107
107
124
104
108
110
105
107
104
104
106
107
105
103
104
105
106
103
106
105
104
106
105
110
114
115
114
115
114
110
98
104
101
104
103
103
105
105
105
106
104
105
117
116
106
103
107
102
108
108
107
102
107
106
104
110
108
105
106
113
108
104
105
106
104
103
106
105
107
106
106
105
108
107
103
100
104
105
100
108
105
104
104
110
113
111
112
107
105
233
107
106
108
106
110
108
106
114
110
107
113
108
114
111
107
111
104
104
104
103
102
106
100
101
107
106
101
105
109
105
104
105
105
102
105
105
105
104
106
105
102
111
104
103
107
106
106
108
105
105
105
108
111
112
107
106
109
103
105
107
106
106
104
107
103
108
108
105
104
106
106
102
106
105
101
107
105
105
104
104
105
100
105
110
107
104
106
105
99
105
104
104
108
105
106
103
105
106
115
101
108
107
101
105
103
97
105
104
97
111
117
107
101
106
104
118
101
107
104
104
106
105
106
107
106
107
104
105
104
102
104
102
101
105
104
103
96
103
111
110
108
103
105
103
104
104
98
104
102
106
102
104
106
102
106
101
103
113
111
107
102
104
122
104
101
105
104
98
103
107
104
103
102
109
100
106
101
98
105
102
105
97
103
102
100
103
105
104
102
103
106
99
101
106
103
105
108
111
104
111
108
104
103
102
106
98
103
103
100
102
104
102
102
102
103
97
109
103
101
103
104
106
97
103
107
102
98
102
102
98
103
101
111
104
110
92
101
106
110
96
113
115
121
106
103
110
98
107
106
108
106
104
109
101
109
104
107
100
107
101
100
104
103
99
105
104
103
105
102
104
100
103
102
101
106
105
104
98
103
108
106
109
102
104
101
103
105
100
105
105
106
99
103
103
95
106
103
102
102
103
104
100
102
102
103
102
113
110
101
104
106
104
101
101
105
107
112
104
99
102
106
103
96
104
101
102
102
103
103
100
104
105
99
101
103
103
98
103
109
99
116
115
116
104
103
105
99
101
104
103
100
104
101
99
104
102
101
101
103
103
98
102
103
97
103
106
103
98
104
105
98
103
101
100
101
103
103
112
106
103
102
113
104
108
101
109
107
102
106
105
106
100
102
102
102
102
103
103
101
108
103
99
102
102
101
104
104
112
