151
352
283
257
122
119
130
112
107
209
203
206
206
141
142
142
140
113
112
108
111
116
112
96
99
99
101
90
104
101
115
96
106
103
96
101
99
93
99
101
98
95
98
99
91
98
101
97
95
99
101
92
100
99
95
97
98
99
96
99
97
105
95
97
99
98
99
101
105
110
104
100
99
100
105
92
100
99
96
95
100
102
95
98
104
102
98
96
101
96
99
100
94
100
97
99
94
99
98
100
102
96
97
96
113
109
80
98
99
95
95
99
99
95
99
97
94
101
108
97
101
114
108
97
103
105
99
98
102
97
92
102
103
99
102
101
98
92
98
104
94
97
105
99
97
107
102
95
100
95
99
95
97
99
99
102
104
97
93
100
99
93
97
100
96
99
98
98
91
105
100
97
101
104
101
95
101
99
93
111
104
100
99
96
100
92
96
105
105
95
102
102
93
102
100
111
98
97
102
91
96
98
101
98
100
99
100
100
99
98
103
103
98
99
99
99
92
98
99
96
95
98
99
92
99
95
100
96
98
96
95
97
102
100
98
98
95
98
99
102
100
103
97
99
96
100
97
95
95
100
97
94
100
100
111
86
102
101
103
100
101
96
100
103
93
114
103
97
99
103
98
91
100
100
98
97
101
98
93
97
102
97
98
99
103
96
106
103
98
98
96
100
95
95
96
98
100
99
98
92
101
97
92
98
100
95
97
97
100
92
95
104
97
99
99
104
97
99
96
96
100
99
96
95
99
97
91
96
103
110
104
102
100
89
102
96
92
99
97
99
97
98
109
107
99
100
99
99
103
96
100
99
104
97
101
99
102
93
98
97
101
94
98
99
96
99
95
96
98
98
99
97
98
98
97
97
112
99
94
100
98
102
102
98
99
98
98
103
94
98
97
97
95
98
97
96
99
97
95
97
98
97
93
112
105
102
103
103
107
105
104
101
91
100
101
98
97
98
106
92
98
99
98
96
100
97
95
99
99
103
120
127
103
92
121
98
92
101
100
99
92
98
100
95
99
100
101
107
97
100
95
96
100
96
98
98
98
91
101
97
100
96
97
104
93
100
99
93
96
103
96
96
98
98
92
100
97
95
111
91
105
95
97
97
95
95
97
99
90
105
109
111
103
110
110
106
103
107
98
102
103
101
98
100
104
91
100
96
101
98
98
97
116
97
98
95
99
100
98
92
102
98
92
106
98
95
99
98
103
95
97
98
100
94
100
96
97
101
97
92
100
100
98
95
98
103
96
98
100
98
92
97
107
111
104
102
99
95
102
98
93
98
101
95
98
100
96
93
100
97
99
107
104
97
93
100
98
97
97
100
103
92
99
98
94
98
98
98
97
100
96
94
96
102
95
105
101
112
94
101
96
99
100
102
100
93
100
98
94
97
102
97
95
98
99
99
101
101
98
105
97
101
93
97
98
101
96
109
109
92
109
85
118
105
111
104
99
113
109
92
105
105
101
99
98
103
92
101
96
97
96
99
97
96
99
100
95
95
99
96
93
108
100
96
107
97
98
94
98
100
92
96
98
100
94
100
98
95
99
97
95
98
98
95
95
99
101
95
96
119
101
94
103
101
94
105
100
103
93
101
97
95
116
105
105
96
103
97
92
100
98
103
98
104
99
99
98
98
99
95
99
105
90
98
97
93
100
99
92
98
103
99
93
98
102
95
100
100
99
91
110
104
94
97
98
101
96
102
102
94
98
100
99
94
99
99
94
99
97
96
97
102
100
91
102
97
95
96
101
98
91
99
99
105
98
101
99
111
100
103
106
94
100
99
96
104
98
93
101
96
98
97
102
100
91
98
102
97
95
119
97
94
98
100
96
105
98
97
94
96
98
95
96
97
106
94
100
98
92
100
97
97
96
98
96
94
98
101
93
97
98
113
91
98
96
93
99
101
107
95
99
96
96
99
97
97
99
99
96
92
101
107
122
85
108
101
98
96
105
94
97
98
106
91
104
103
101
102
108
101
97
106
102
95
101
101
97
111
102
98
93
102
98
107
97
100
98
92
100
111
99
95
100
97
93
97
96
112
99
97
98
96
100
99
92
105
101
99
93
101
100
89
107
105
104
97
99
99
105
106
108
103
98
98
99
94
113
104
98
101
100
97
101
99
96
94
99
96
101
93
101
97
92
98
110
106
107
99
108
104
98
101
98
117
117
115
114
119
116
113
108
96
98
100
115
125
115
98
119
99
125
121
121
121
117
150
103
102
97
102
91
103
103
116
105
100
97
95
103
95
92
99
98
103
96
104
99
96
99
99
100
