156
297
253
250
122
121
121
122
115
200
204
201
200
197
206
202
201
201
204
200
212
218
208
199
186
184
128
124
129
125
135
136
130
129
132
129
129
124
130
127
131
130
130
125
123
133
126
120
126
125
123
126
130
129
122
101
103
102
98
105
102
98
107
107
104
105
103
104
100
103
105
95
177
176
173
168
183
176
168
177
174
180
176
181
178
173
182
186
220
175
175
177
169
177
177
180
174
178
126
121
127
125
122
124
131
134
112
131
128
124
127
127
124
130
131
133
126
130
130
126
129
131
127
124
132
125
134
130
128
130
122
128
126
118
123
126
123
129
126
128
119
125
127
123
138
132
134
121
127
125
126
126
126
127
120
127
125
94
102
105
104
107
102
110
98
103
104
102
108
103
103
98
104
103
102
101
102
102
99
118
106
102
103
111
116
107
104
104
97
103
104
105
99
102
104
98
104
103
101
101
104
102
109
107
103
97
104
123
104
103
107
106
98
105
106
108
101
108
105
95
105
111
103
102
104
102
100
100
102
102
98
102
101
99
104
102
98
104
102
104
96
105
104
101
104
105
104
99
104
102
102
102
104
103
116
101
110
102
108
109
105
108
109
103
103
107
104
97
105
106
110
101
104
102
100
102
104
105
98
102
104
98
105
104
102
108
109
111
100
106
105
103
101
104
106
99
107
100
101
104
105
105
100
101
109
99
107
104
104
104
106
103
100
105
104
100
103
105
101
100
106
103
107
101
105
103
99
103
105
111
108
103
102
103
101
104
98
109
111
105
104
111
103
106
107
104
104
126
112
98
106
108
109
104
106
111
115
97
113
105
94
106
105
102
101
103
104
100
101
102
104
97
107
102
103
105
103
102
104
105
102
99
101
103
103
98
103
105
96
108
107
100
103
102
102
103
102
107
101
102
106
104
105
120
113
104
106
101
102
105
105
105
102
102
102
103
100
104
102
96
104
103
97
105
104
102
107
108
109
99
104
103
101
101
103
106
100
109
104
100
104
104
110
100
100
112
101
98
104
103
97
105
102
97
104
101
104
103
101
102
100
103
103
102
102
104
102
98
105
103
97
128
103
101
99
102
106
103
113
92
105
97
104
108
105
119
106
113
112
110
112
104
103
106
106
109
107
104
98
109
108
100
104
103
102
100
103
102
100
102
102
105
97
102
105
101
104
101
102
102
101
104
99
102
106
101
100
105
104
95
105
106
108
104
102
103
101
104
101
101
99
103
101
99
104
103
97
104
101
99
108
111
107
110
105
106
105
101
105
101
96
104
101
102
103
101
100
109
109
109
99
105
105
102
97
107
107
97
109
104
103
101
102
104
101
102
105
109
98
106
101
98
103
104
95
104
102
99
103
101
101
101
104
101
102
105
105
104
100
104
103
100
103
101
102
103
110
103
102
102
103
105
96
105
103
104
106
104
117
110
105
111
105
106
109
106
103
105
107
94
108
104
100
103
101
100
100
103
103
100
101
102
101
96
103
102
97
105
106
101
101
101
103
98
111
122
105
112
109
106
99
110
111
110
110
104
106
105
106
108
105
106
108
102
98
105
104
98
107
102
99
102
102
108
100
104
100
103
99
103
100
104
115
113
107
106
103
105
100
109
103
104
104
111
103
99
101
103
105
106
106
106
106
105
110
109
106
107
102
101
106
104
99
102
116
104
106
100
102
97
102
102
95
104
103
103
102
102
103
99
102
103
99
100
102
104
97
102
106
99
102
102
101
98
105
104
98
102
104
112
101
101
103
97
259
263
262
287
273
270
258
267
267
261
260
262
271
178
185
181
182
172
179
177
174
174
175
170
171
212
183
176
180
230
188
177
182
180
183
181
178
170
180
179
180
174
183
178
174
177
178
182
174
181
181
174
178
181
178
177
175
180
176
130
135
130
128
127
126
120
129
128
96
102
100
99
101
104
103
99
108
102
117
85
117
109
106
107
107
100
106
104
106
107
107
105
102
102
104
107
102
104
101
106
104
102
99
105
103
99
100
101
103
101
104
104
104
96
103
99
104
102
101
101
101
104
101
96
102
102
101
164
104
102
97
102
101
97
104
101
107
100
108
110
112
105
102
105
98
102
103
97
101
106
100
104
118
108
101
102
104
99
100
103
106
97
103
103
100
100
101
104
95
104
102
96
99
102
100
105
108
101
98
103
102
98
102
101
103
98
102
102
100
101
102
102
95
101
100
103
101
102
102
99
100
100
107
100
103
103
98
102
103
97
103
102
99
101
100
103
97
101
101
101
105
103
111
100
108
101
115
