179
280
249
312
111
111
112
107
107
110
108
101
110
108
104
202
201
204
201
203
200
217
198
186
185
181
182
181
180
183
179
183
176
188
186
173
179
189
181
175
187
184
180
183
186
183
180
182
192
178
179
181
194
188
213
200
187
202
189
187
189
185
182
181
191
184
192
191
200
197
177
199
189
175
186
184
186
190
185
186
180
184
182
188
185
183
189
187
192
185
185
190
192
184
201
188
184
188
178
224
195
175
183
189
175
196
186
187
186
182
185
182
185
187
186
178
187
187
193
191
189
181
183
202
186
189
189
194
187
183
206
201
187
200
202
199
200
200
125
120
121
121
118
115
128
129
122
120
117
109
121
121
109
119
117
102
95
95
104
100
95
99
98
90
98
98
95
100
100
96
97
101
97
96
97
98
94
94
102
97
87
101
98
96
97
94
104
93
95
96
95
94
98
131
113
105
103
96
100
98
97
101
95
97
93
121
102
104
100
103
118
88
106
98
95
97
98
95
96
95
98
91
97
96
96
89
96
93
89
99
94
98
98
102
97
94
99
97
95
92
99
94
92
96
96
91
100
101
101
93
95
95
93
98
98
96
92
97
94
95
100
94
94
96
99
94
91
94
107
95
93
95
101
91
95
99
88
99
95
96
113
103
103
94
97
103
95
98
97
103
89
98
98
92
96
96
97
90
94
99
94
96
95
98
90
96
95
94
97
96
96
95
94
95
91
95
98
93
92
100
97
89
98
96
94
95
96
97
92
97
97
92
95
95
97
98
98
98
91
97
103
97
99
94
96
88
97
97
94
93
97
94
88
104
98
110
103
101
96
95
97
99
87
95
98
95
91
98
96
90
97
96
118
105
103
95
91
102
112
95
93
99
96
91
96
97
91
96
104
99
94
94
96
91
95
96
97
96
97
91
97
100
96
93
94
104
98
94
98
104
96
99
111
97
94
98
100
98
99
94
96
95
97
95
96
97
95
95
93
124
111
102
101
99
92
100
96
106
94
96
98
97
100
101
102
90
102
94
91
96
95
94
95
98
96
91
96
98
92
93
102
96
96
98
97
92
96
94
98
90
96
95
102
94
97
96
103
97
95
93
98
94
94
94
97
100
91
101
97
93
94
95
98
90
103
96
97
96
97
96
94
95
95
89
100
96
96
113
106
102
89
101
96
93
95
95
101
90
97
97
100
93
99
99
88
97
98
96
96
104
98
96
97
97
89
99
98
94
91
97
96
91
98
96
94
94
95
107
90
102
100
96
93
106
97
92
98
96
91
100
96
105
108
105
99
90
95
97
99
89
104
104
94
96
96
96
94
96
97
112
97
102
98
95
98
96
89
108
98
93
100
95
99
90
98
95
92
93
98
95
89
98
97
89
98
98
96
95
94
96
93
98
95
94
96
94
102
101
101
94
104
100
98
95
94
93
97
89
96
96
98
94
95
94
92
104
105
97
99
93
97
95
100
98
96
98
99
96
106
103
100
88
96
116
107
99
96
103
90
96
95
96
94
97
98
92
96
95
96
99
108
103
92
99
102
99
94
98
97
91
98
99
91
98
96
94
92
98
98
90
95
97
98
93
103
94
94
97
94
92
95
95
96
89
96
97
87
95
98
99
93
102
102
95
97
95
96
92
94
95
90
97
96
91
94
96
96
88
109
100
95
111
102
98
90
95
98
90
98
96
97
92
100
95
94
99
95
95
98
94
96
89
99
96
101
97
99
96
97
98
97
94
97
97
94
97
95
97
91
95
95
95
94
96
96
88
102
95
100
106
99
96
90
95
97
96
94
98
96
90
97
98
88
96
95
95
91
93
98
95
99
96
98
112
90
101
90
101
101
105
103
107
104
94
100
106
91
91
118
98
90
98
103
92
99
95
100
90
94
101
92
97
98
96
91
112
112
110
102
101
101
91
97
95
92
94
98
94
93
95
99
89
104
99
99
95
96
96
91
97
97
96
97
97
94
92
99
94
89
98
96
95
94
96
98
89
94
101
112
100
98
101
88
100
95
101
96
98
95
94
96
95
89
100
96
96
92
102
96
97
97
96
98
94
95
98
88
97
95
96
92
97
94
94
97
95
95
96
104
98
94
94
106
91
97
96
96
89
98
95
87
97
95
94
95
95
97
92
94
97
94
93
96
94
92
97
97
88
99
93
116
115
113
103
120
103
105
94
91
101
95
88
96
98
99
94
95
98
92
97
99
94
93
96
96
89
106
96
115
108
105
97
92
98
100
92
105
109
110
96
104
102
94
106
107
102
100
99
101
89
109
