194
353
253
298
119
120
113
106
111
111
103
111
108
108
116
112
106
103
107
106
103
117
112
116
98
101
98
92
101
99
104
100
102
99
95
97
104
98
93
97
100
92
98
96
103
113
105
104
95
99
100
99
97
101
102
93
100
96
95
103
104
105
96
96
102
92
100
99
108
95
113
104
93
100
99
99
98
100
100
96
99
99
97
96
118
98
95
100
106
170
106
101
99
93
103
104
93
103
98
99
95
102
101
95
100
98
94
100
98
98
108
102
101
97
104
106
101
92
101
100
112
105
101
105
101
98
137
98
100
99
97
103
99
99
93
98
98
97
100
116
105
109
106
106
104
106
109
98
95
99
99
94
99
99
101
97
97
100
95
99
102
95
98
98
102
101
102
99
100
101
99
98
94
97
100
94
97
100
101
99
98
99
94
99
98
103
97
96
101
92
111
98
98
95
111
104
117
100
137
106
105
104
103
111
99
105
93
98
100
99
92
100
99
93
101
97
97
98
98
99
93
98
98
95
95
100
98
94
98
106
94
100
96
102
97
97
100
98
100
97
99
95
104
98
95
101
101
94
101
99
99
97
97
100
97
104
104
103
92
100
99
94
101
96
97
95
99
99
95
112
106
103
103
101
100
91
101
100
98
101
96
100
93
99
100
107
104
136
98
97
101
96
94
102
99
98
100
100
99
91
98
98
98
97
99
101
110
104
99
98
99
98
101
93
101
102
100
98
103
97
99
98
100
92
100
99
101
99
102
102
91
99
102
95
99
99
104
91
100
97
99
98
99
98
113
105
108
103
100
102
98
96
100
100
91
101
98
96
97
98
103
93
101
101
99
95
99
100
95
101
104
100
101
99
100
95
100
103
99
103
99
99
93
99
113
92
101
100
97
97
98
100
107
99
102
96
96
109
100
96
98
102
95
103
97
102
99
101
99
92
103
98
94
100
104
98
91
99
101
109
116
106
84
111
100
100
105
110
110
101
94
107
103
97
105
105
99
96
102
101
93
99
102
94
97
98
101
108
101
97
95
101
98
98
98
99
98
98
99
102
97
93
102
97
104
101
101
101
98
98
106
94
103
100
99
96
100
101
93
104
98
98
101
98
98
91
100
100
98
97
104
101
95
117
106
99
105
98
97
98
98
99
93
102
102
97
101
101
99
94
102
104
106
99
100
101
100
98
102
105
105
101
103
93
98
105
98
102
97
107
101
101
100
103
101
97
97
96
106
97
93
99
103
95
100
99
101
93
98
100
92
99
97
99
101
102
98
94
101
98
94
102
98
98
93
97
111
117
127
102
106
97
113
99
95
104
103
102
96
102
100
94
105
100
95
97
101
97
104
105
100
95
103
101
102
90
98
103
96
99
100
100
90
99
98
94
97
97
98
98
98
101
92
99
99
97
95
101
102
90
99
98
95
97
100
102
93
97
101
99
94
104
102
96
102
100
91
102
97
94
100
97
101
109
113
106
102
96
102
99
101
107
99
100
103
100
103
97
97
101
100
101
105
106
103
106
109
103
106
106
106
101
106
106
105
105
110
104
103
110
107
113
107
107
113
99
99
106
104
105
106
103
107
103
104
106
104
104
107
105
105
106
103
108
105
103
102
106
112
108
104
104
100
112
103
104
101
112
111
105
102
99
95
100
101
98
101
104
101
106
104
106
103
103
103
111
101
104
105
105
103
109
109
101
106
104
106
106
105
107
103
106
105
113
105
108
107
101
109
109
102
107
102
104
104
103
104
100
103
111
108
100
106
106
105
105
104
105
105
105
105
101
110
106
104
104
107
104
104
105
106
105
112
108
115
104
111
107
107
107
110
108
105
114
103
105
110
111
102
107
105
112
102
110
107
102
103
106
105
100
111
108
116
112
109
104
104
105
106
103
104
106
105
102
105
107
110
106
112
109
101
106
105
103
106
106
104
100
105
110
110
104
104
104
112
104
102
111
106
106
105
105
106
107
101
106
105
112
95
106
112
105
107
106
100
100
111
103
99
102
105
104
106
106
104
106
107
107
101
117
111
105
103
106
105
100
105
106
105
105
107
107
105
106
106
100
101
104
109
108
107
104
101
106
109
102
107
104
106
99
110
104
107
105
109
104
101
107
102
100
106
103
106
105
105
106
101
101
104
107
102
112
116
103
107
103
103
104
107
105
101
106
106
101
105
106
107
102
104
106
103
106
106
108
114
108
108
103
106
106
105
106
108
107
102
107
104
108
108
109
117
104
104
107
102
107
107
110
104
106
111
118
110
111
105
109
106
107
115
122
102
