184
285
249
293
119
114
109
110
105
105
107
108
100
108
110
106
107
108
108
99
107
113
109
94
97
102
89
94
99
96
94
95
96
93
94
99
88
99
98
94
91
95
99
88
111
106
99
96
96
97
104
137
99
96
93
100
94
93
95
98
96
100
94
94
95
96
101
91
100
97
97
102
98
98
89
98
97
93
95
97
95
98
96
98
93
98
95
96
90
100
98
88
103
97
99
91
93
98
91
93
96
95
92
97
95
92
95
119
105
101
96
101
93
104
100
92
96
103
109
113
104
102
90
98
98
97
92
106
110
103
99
98
96
93
96
95
97
98
95
92
97
95
99
89
103
102
107
92
97
96
91
95
97
90
97
96
94
95
103
102
95
97
96
96
93
95
97
89
98
95
90
97
95
94
94
96
96
91
94
96
96
90
95
98
90
97
93
98
94
93
95
92
96
94
106
101
103
94
90
99
94
96
97
100
106
95
96
100
91
95
95
98
97
101
96
91
97
94
93
97
97
96
92
99
98
91
95
100
94
91
95
97
92
96
96
98
92
108
98
93
96
96
96
92
99
95
90
101
96
91
94
102
99
93
95
104
95
93
102
104
91
98
95
96
98
95
100
93
124
98
98
101
102
99
103
98
97
95
101
97
91
95
96
99
87
102
105
98
95
97
96
87
99
97
91
97
98
100
121
107
102
91
97
97
99
94
98
101
89
95
101
93
99
94
103
97
99
99
102
98
100
102
94
97
99
103
96
99
99
97
95
96
93
100
98
99
91
110
108
98
102
100
95
115
104
110
118
104
101
104
95
98
101
100
100
96
90
101
94
94
96
99
96
95
97
98
117
97
100
97
92
99
97
91
99
113
97
97
108
97
103
101
98
108
97
101
96
90
102
96
105
95
100
97
97
97
103
97
93
107
100
89
99
97
94
101
95
98
96
96
94
92
98
95
100
91
104
94
113
110
99
94
106
99
98
92
102
106
111
99
99
100
90
100
95
97
99
94
97
94
99
97
99
101
112
90
101
102
102
88
97
100
108
103
97
102
96
100
102
97
100
100
116
116
107
98
102
99
96
96
95
96
97
94
96
99
95
95
103
103
91
98
97
96
97
97
103
91
98
97
101
93
112
110
86
106
98
95
112
110
106
101
101
104
96
100
100
110
93
105
100
91
111
100
93
97
95
94
99
96
108
90
98
116
96
89
101
97
94
96
96
95
93
96
97
103
94
95
101
89
104
99
96
97
98
94
98
98
99
91
96
96
106
107
108
99
93
98
98
93
97
94
97
93
97
97
95
119
124
110
99
98
95
92
97
96
90
99
96
96
91
97
98
96
95
105
97
88
98
97
94
97
97
95
93
92
95
92
98
98
101
99
98
99
90
98
93
93
96
94
97
89
97
96
96
92
98
96
91
99
105
99
99
95
99
93
95
96
92
96
94
106
101
97
97
97
104
98
96
96
97
95
112
95
108
96
100
101
98
95
97
100
89
103
95
97
93
96
96
98
96
95
93
97
99
93
103
100
99
92
95
97
93
92
95
98
88
97
97
105
91
104
100
95
100
95
93
97
97
96
92
98
97
93
94
99
94
92
98
97
96
96
95
99
94
100
95
89
95
98
99
96
107
100
92
99
111
113
99
100
96
89
95
98
93
91
98
99
88
97
98
89
98
93
102
93
99
95
94
94
95
91
96
94
97
88
97
95
92
96
95
96
91
95
97
95
94
99
96
87
99
96
90
96
105
100
96
94
97
93
95
96
95
102
98
97
100
99
95
90
95
98
93
98
101
101
91
99
98
100
100
109
99
93
111
100
103
95
97
95
93
97
95
94
95
97
93
91
97
95
92
99
98
97
99
96
100
92
97
93
113
108
126
104
94
113
95
99
96
97
98
90
96
96
95
93
99
93
90
97
98
94
96
95
101
90
97
99
94
91
97
98
94
104
100
95
100
96
95
96
95
94
89
97
98
94
113
88
102
89
102
102
96
97
99
102
94
100
98
101
95
98
93
95
96
96
88
99
98
93
93
97
97
91
96
97
94
91
96
98
91
100
95
96
97
102
96
102
103
99
91
95
97
95
101
99
98
96
98
100
96
94
96
97
90
96
95
96
93
96
94
96
98
94
96
97
94
97
96
93
96
111
107
100
96
89
100
92
89
97
101
95
95
94
96
90
95
95
94
110
113
111
95
103
117
87
106
100
97
98
117
108
95
98
102
95
91
114
108
108
105
101
102
99
95
108
89
96
96
96
95
96
95
96
105
99
92
98
97
98
98
