155
374
244
335
66
1358
1500
1543
1595
1411
1512
1747
1612
1468
1518
1669
1615
1507
1501
1595
1537
1483
1526
1706
1492
1455
1690
1539
1518
1477
1679
1597
1514
1499
1682
1604
1405
1502
1726
1595
1456
1491
1680
1477
1515
1396
1685
1489
1497
1477
1685
1451
1512
1732
1493
1423
1456
1640
1843
1450
1511
1669
1577
1435
1548
1603
1491
1300
1513
1563
1452
1463
1448
1692
1423
1478
1367
1561
1441
1448
1562
1224
1482
1505
1722
1592
1438
1489
1737
1458
1428
1468
1715
1529
1504
1461
1678
1467
1303
1483
1566
1566
1463
1499
1692
1467
1466
1689
1592
1492
1455
1681
1592
1503
1509
1683
1541
1485
1513
1715
1538
1452
1508
1219
1489
1401
1479
1664
1496
1511
1462
1687
1502
1509
1639
1598
1468
1501
1714
1608
1448
1489
1727
1552
1384
1486
1724
1581
1522
1489
1683
1582
1401
1243
1390
1345
1270
1275
1500
1153
1221
1231
1215
1429
1321
1272
1271
1483
1361
1265
1251
1197
1392
1213
1260
1271
1467
1359
1265
1261
1285
1245
1248
1271
1269
1422
1350
1271
1292
1109
1313
1190
1259
1278
1444
1363
1260
1276
1298
1301
1241
1214
1271
1455
1356
1230
1281
1273
1308
1228
1277
1218
1464
1363
1255
1273
1245
1315
1206
1269
1111
1409
1355
1259
1252
1288
1309
1201
1271
1235
1474
1298
1261
1262
1343
1262
1209
1268
1261
1468
1339
1215
1252
1292
1361
1239
1266
1262
1468
1349
1267
1182
1225
1316
1248
1270
1273
1465
1356
1260
1261
1226
1302
1236
1247
1249
1441
1360
1263
1269
1360
1318
1244
1242
1237
1423
1357
1262
1276
1290
1419
1192
1268
1270
1456
1348
1234
1268
1252
1316
1204
1213
1264
1466
1306
1249
1269
1275
1425
1243
1275
1217
1470
1360
1253
1267
1321
1279
1193
1272
1058
1422
1347
1289
1258
1294
1319
1225
1283
1192
1437
1302
1280
1233
1281
1271
1253
1215
1243
1434
1303
1237
55
49
661
1483
1341
1264
1284
1479
1378
1200
1220
1225
1398
1300
1280
1284
1480
1369
1286
1267
1243
1404
1282
1285
1207
1483
1382
1236
1298
1270
1328
1247
1226
1253
1485
1382
1242
1288
1253
1442
1237
1282
1276
1422
1386
1231
1293
1241
1439
1266
1283
1285
1477
1309
1242
1289
1444
1365
1291
1265
1254
1465
1374
1184
1287
1449
1366
1285
1267
1280
1368
1330
1282
1227
1481
1359
1278
1255
1302
1302
1246
1283
1264
1422
1365
1272
1252
1216
1436
1253
1281
1283
1437
1308
1277
1263
1289
1429
1289
1284
1210
1403
1367
1222
1276
1290
1430
1363
1094
1227
1401
1344
1253
1220
1485
1348
1287
1237
1292
1460
1359
1277
1276
1428
1350
1292
1238
1313
1443
1339
1279
1268
1480
1266
1272
1281
1304
1386
1405
1214
1243
1490
1367
1199
1260
1282
1439
1236
1287
1259
1482
1359
1266
1221
1277
1430
1256
1277
1262
1461
1361
1268
1274
1415
1354
1251
1286
1258
1471
1348
1267
1274
1461
1293
1250
1279
1255
1475
1378
1197
1234
1469
1324
1180
1273
1284
1343
1281
1286
1259
1475
1366
1241
1222
1248
1416
1212
1283
1201
1415
1256
1185
1221
1165
1283
706
1238
1239
1431
1368
1129
1257
1281
1317
1135
1271
1235
1465
1360
1277
1261
1300
1301
1204
1190
1245
1480
1343
1273
1289
1265
1429
1267
1273
1202
1460
1364
1278
1237
1280
1423
1276
1275
1277
1422
1354
1269
1250
1281
1445
1239
1244
1271
1477
1301
1276
1254
1281
1430
1281
1257
1294
1411
1361
1212
1260
1281
1420
1018
1268
1260
1438
1363
1270
1274
1227
1440
1238
1223
1284
1454
1371
1228
1279
1486
1290
1279
1250
1279
1448
1352
1239
1219
1466
1360
1220
1250
1274
1445
1361
1218
1247
1480
1362
1266
1195
1293
1362
1322
1276
1202
1450
1361
1267
1251
1238
1365
1245
1268
1202
1472
1350
1276
1253
1295
1272
1229
1275
1278
1435
1346
1274
1249
1288
1306
1191
1234
1274
1437
1364
1274
1264
1298
1315
1233
1182
1273
1454
1364
1267
1285
1260
1428
1277
1263
1219
1465
1373
1227
1279
1286
1431
1239
1274
1276
1424
1362
1233
1277
1085
1461
1146
1232
1208
1350
1342
1174
1271
1266
1495
1165
1152
1178
1202
1230
1199
1239
1131
1427
1231
1259
1256
1462
1348
1232
1208
1272
1446
1055
420
873
1357
1187
1257
1269
1483
1364
1233
1214
1305
1392
1316
1274
1272
1473
1354
1226
1264
921
1458
1348
1273
1270
1473
1354
1245
1273
1184
1363
1293
1213
1266
1468
1360
1237
1273
1267
1382
1162
1276
1261
1470
1365
1237
1274
1258
1298
1208
1220
1203
1440
1359
1251
1275
1280
1310
1207
1281
1147
1464
1347
1274
1279
1297
1312
1202
1275
1233
1424
1375
1139
1225
1379
1421
1243
1257
1243
1398
1539
1172
1236
1255
1442
1234
1288
1233
1474
1361
1212
1285
1459
1371
1225
1278
1278
1444
1348
1269
1214
1472
1358
1231
1288
1246
1397
1246
1276
1280
1378
53
49
665
1271
1295
1431
1385
950
1254
1473
1362
1284
1226
1320
1379
1348
1285
1289
1463
1368
1271
1281
1208
1416
1249
1286
1250
1479
1340
1278
1282
1308
1274
1213
1285
1248
1484
1370
1265
1284
1283
1437
1188
1285
1256
1481
1374
1234
1274
1490
1376
1231
1282
1222
1473
1358
1284
1288
1465
1377
1232
1275
1300
1348
1335
1259
1278
1457
1355
1240
1227
1327
1392
1209
1253
1275
1456
1368
1267
1282
1304
1315
1253
1198
1275
1468
1372
1242
1263
1279
1432
1282
1280
1227
1479
1375
1226
1291
1265
1436
1247
1272
1281
1424
1359
1238
1284
973
1437
1244
1282
1280
1482
1363
1192
1280
1448
1356
1264
1244
1271
1469
1366
1231
1225
1444
1362
1287
1218
1309
1366
1308
1242
1274
1383
1359
1270
1284
1271
1408
1251
1236
1272
1429
1307
1273
1342
943
1303
1211
1248
1271
1452
1370
1168
1278
1291
1316
1235
1322
