140
297
202
234
982
2761
2510
2530
2789
2554
3019
2591
2770
2656
2574
2932
2583
2916
2507
2800
2690
2560
2727
2540
2963
2609
2827
2548
2540
2784
2496
2981
2555
2817
2656
2552
2609
2387
2880
2714
2690
2896
2558
2789
2531
2972
2503
2814
2648
2546
2819
2480
2974
2448
2759
2687
2531
2729
2480
2966
2546
2820
2520
2066
2526
2168
2376
2266
2119
2322
2175
2136
2555
2165
1962
2359
2069
2381
2265
2154
2372
2125
2163
2500
2162
2398
2215
2150
2286
2199
2148
2549
1388
2153
2538
2087
2349
2232
2152
2410
2204
2110
2528
2053
2412
2253
2157
2381
2218
2090
2531
2193
2182
2531
2163
2399
2035
2129
2535
2137
2143
2509
2102
2385
2129
2137
2367
2250
2017
2562
2160
2168
2513
2157
2327
2238
2139
2439
2212
2169
2459
2306
2370
2245
2149
2414
2067
2135
2548
2156
2128
2507
2051
2382
2036
2114
2318
2209
2092
2544
2204
2138
2348
2138
2381
110
51
1414
2359
2245
2177
2520
2193
2109
2539
2040
2375
1904
2170
2310
2258
2126
2538
2201
2407
2180
2164
2380
2268
2159
2590
2109
2112
2532
2148
2391
2242
2100
2533
2210
2149
2564
2007
2304
2257
2147
2380
2242
2183
2484
2138
2105
2559
2078
2388
2113
2142
2373
2230
2144
2536
2102
2139
2564
2153
2382
2270
2096
2530
2156
2145
2213
2118
2343
2244
2171
2393
2284
2165
2538
2090
2164
2441
2176
1839
106
57
1722
2141
2145
2366
2135
2402
2224
2179
2428
2171
2156
2561
2114
2401
2335
1394
2420
2254
2006
2554
2223
1902
2343
2168
2344
2284
2185
2295
2172
2167
2532
2185
2405
2102
2161
2356
2122
2121
2556
2174
2142
2447
2129
2402
2285
2181
2540
2177
2001
2557
2225
2420
2273
2177
2495
2219
2185
2514
2146
2390
2100
2107
2406
2245
2189
2547
2138
2212
2351
2171
2424
2278
2173
2530
2182
2174
2554
2165
2404
2214
2165
2394
2259
2151
2615
2025
2179
2362
2164
2399
2253
2080
2558
2198
2159
2590
2200
2343
2208
2169
2413
2259
2135
2495
2171
2018
2548
2194
2390
2223
2164
2546
2193
2179
2524
2119
2216
2272
1900
2389
2234
2108
2549
2175
2161
2329
2148
2361
2269
2130
2583
2110
2154
2344
2142
2405
2156
2162
2335
2200
2153
2550
2164
2184
2450
2135
2387
2253
2168
2393
2185
2082
2540
2165
2142
2127
2132
2414
2147
2165
2462
1815
2180
2560
2134
2403
2351
1855
2378
2277
2115
2579
2215
1564
2350
2151
2375
2108
2174
2551
2179
2172
2577
2141
2418
2257
2181
2552
2202
2120
2555
2208
2440
2284
2175
2357
2287
2135
2585
2075
2157
2422
2127
2333
2260
2170
2554
2210
2136
2554
2103
2378
2276
2158
2271
2261
2160
2556
2179
2173
2439
2037
2361
2270
2170
2577
2114
2166
2344
2140
2427
2253
2118
2385
2263
1382
2603
2139
2344
2260
2156
1969
2199
2202
2492
2192
2182
2588
2140
2394
2009
2187
2468
2113
2074
2535
2164
2097
2403
2147
2339
2256
2143
2479
2165
2140
2519
2170
2402
2194
2200
2546
2159
2158
2547
2123
2399
2230
2123
2236
2513
2110
2526
2310
2398
2264
2123
2368
2189
2152
2459
2161
2194
2524
2147
2337
2262
2069
2428
2231
2140
2479
2169
2167
2366
2145
2334
2265
2166
2580
2050
2172
2388
2145
2383
2266
2158
2390
2269
2103
2552
2147
2059
2565
2167
2336
2267
2156
2551
2165
2143
2465
2199
2416
2269
2019
2350
2226
2150
2545
2165
2221
2333
2081
2391
2267
2161
2538
2194
2112
2530
2042
2388
2241
2147
2348
2243
1986
2558
2172
2177
2429
2151
2432
2270
2171
2397
2054
2145
2555
2151
2439
2135
2072
2387
2264
2159
2572
2140
2098
2464
2161
2398
2246
2131
2361
2272
2146
2573
2161
2404
2084
2146
2386
2278
2154
2532
2169
2141
2568
2156
2389
2288
2085
2545
2168
2153
2553
2188
2146
2354
2152
2393
2263
2161
2480
2160
2052
2506
2172
2418
2257
2122
2379
2264
2188
2579
2090
2097
2331
2149
2451
2268
2142
2525
2136
2153
2577
2186
2384
2263
2098
2448
2167
2146
2547
2150
1986
2452
2123
2395
2281
2140
2401
2269
2155
2537
2159
2429
2215
2151
2429
2270
2157
2436
2085
2127
2554
2169
2399
2250
2127
2516
2171
2155
2571
2148
2347
2172
2188
2390
2281
2144
2555
2162
2103
2604
2198
2433
2261
2056
2484
2009
2147
2525
2199
2414
2172
2155
2397
2238
2135
2552
2113
2187
2477
2166
2422
2269
2073
2579
2054
2062
2461
2166
2241
2238
2153
2415
2266
2157
2494
2138
2158
2420
2143
2414
2212
2165
2406
2277
2138
2539
2110
2393
2226
2152
2425
2213
2169
2509
2204
2154
2467
2159
2376
2228
2186
2541
2198
2158
2567
1949
2393
2262
2190
2367
2273
2116
2545
2202
2047
2589
2166
2346
2259
2166
2535
2155
2155
2471
2208
2411
2258
2155
2392
2266
2109
2538
2198
2121
2468
1564
2350
2247
2137
2441
2189
2189
2496
2217
2368
2212
2152
2405
2208
2201
2524
2203
2151
2475
2016
2410
2266
2160
2416
2229
2166
2483
2175
2400
2235
2156
2394
2234
2139
2568
2165
2150
2585
2121
2379
2260
2151
2542
1575
2097
2611
2107
2397
2156
2151
2343
2271
2147
2542
2171
2155
2528
2198
2394
2269
2156
2535
2141
2181
2543
2153
2404
2272
2123
2390
2203
2155
2492
2137
2092
2281
2140
2337
2267
2161
2507
2166
2179
2542
2153
2396
2086
2096
2200
2521
2133
2524
2255
2401
2260
2092
2387
2218
2104
2481
2194
2155
2529
2192
2268
2225
2082
2510
2202
2155
2373
2139
2404
2195
2154
2391
2091
2143
2550
2149
2146
2594
2115
2393
2262
2048
2535
2167
2109
2191
2179
2160
2303
2151
2291
2259
2089
2556
2166
2157
2426
2164
2404
2255
2162
2392
2222
2110
2586
2158
2406
2213
2113
2409
2336
2068
2516
2208
2098
2526
2166
2386
2270
2159
2360
2267
2160
2546
2193
2168
2334
2268
