150
271
221
206
57
57
751
189
594
655
524
667
688
638
828
663
663
586
578
582
669
842
665
662
671
641
657
702
606
791
656
660
657
590
583
665
789
662
661
656
672
642
711
602
842
665
659
653
651
582
595
838
616
660
663
659
658
604
550
815
664
660
661
660
665
599
761
659
660
613
604
515
653
650
857
578
583
645
656
654
681
819
664
657
656
664
612
658
669
836
660
532
403
552
625
581
642
825
661
659
586
598
660
603
864
665
661
656
671
648
687
780
654
650
657
588
592
658
664
854
610
913
576
640
438
543
788
657
659
650
593
582
646
659
843
660
657
608
658
658
673
904
531
625
659
656
589
595
669
842
656
662
661
655
614
663
750
758
496
595
649
656
570
584
826
656
658
656
660
659
659
589
845
660
480
648
617
629
610
761
653
654
657
660
655
685
637
833
614
661
629
647
611
620
825
640
644
647
645
648
645
666
843
662
642
525
582
649
668
835
667
635
652
650
655
600
587
838
663
656
651
659
606
664
839
658
659
336
538
641
655
663
843
629
651
653
647
703
540
68
48
48
83
623
664
660
646
544
589
482
702
546
541
545
545
541
554
541
687
520
475
526
537
539
547
546
549
659
515
535
546
542
547
509
542
480
697
546
508
555
391
528
542
545
634
623
544
548
543
545
544
544
500
664
532
536
541
476
502
545
408
530
697
480
502
531
538
541
541
513
630
627
543
81
510
534
548
544
522
528
655
541
510
544
529
536
535
544
707
544
543
543
543
487
541
538
642
645
523
422
538
538
539
543
553
684
517
540
543
548
541
494
543
525
700
545
542
444
523
493
544
553
538
623
504
532
544
545
541
493
554
691
546
542
545
501
548
528
497
548
696
541
546
537
541
542
532
585
497
699
544
541
535
543
186
515
561
680
500
467
533
542
540
548
535
519
671
533
538
542
541
505
541
539
550
686
524
531
490
541
543
544
544
627
628
523
539
541
541
538
543
557
695
545
542
93
448
423
527
537
543
696
542
540
535
540
500
538
562
534
638
426
549
412
478
436
341
498
682
675
484
512
542
543
546
542
487
722
552
546
532
544
545
540
551
522
665
537
548
548
540
543
539
553
719
546
545
550
128
529
549
547
545
655
552
530
47
44
81
353
535
547
543
549
459
549
568
671
553
545
467
549
529
542
601
499
701
505
542
545
540
510
546
559
707
553
549
515
548
548
461
545
547
704
507
537
504
548
549
540
550
558
696
553
546
514
554
539
547
527
703
551
547
548
550
504
548
547
527
703
477
532
554
542
546
548
550
639
633
534
551
556
539
548
507
553
699
551
548
550
549
547
546
550
507
639
531
557
533
547
548
495
555
704
508
549
546
540
550
548
551
552
705
482
499
527
516
555
535
551
490
704
553
506
547
513
546
547
562
705
550
511
554
539
547
543
520
550
703
549
547
546
503
508
546
548
543
705
544
512
541
543
548
547
559
662
530
545
546
550
549
509
499
525
702
549
547
513
547
535
548
547
542
638
114
522
545
543
546
506
555
643
551
547
552
541
545
544
550
526
702
480
503
548
532
508
536
551
606
629
501
548
547
546
547
546
554
701
553
545
152
530
551
534
541
548
706
549
547
506
546
512
545
550
636
631
545
538
552
546
544
499
558
692
548
543
545
544
547
483
542
472
702
551
545
546
498
535
547
558
713
534
535
545
545
547
546
416
546
699
544
547
545
510
548
545
581
509
701
472
504
525
543
545
546
519
699
501
546
545
539
510
543
546
551
702
549
537
555
541
533
541
591
492
703
547
504
544
543
504
547
549
701
548
550
508
542
536
546
469
515
662
536
534
551
502
547
516
584
504
709
549
550
513
547
548
546
555
528
511
546
550
550
550
506
514
557
698
550
546
550
516
545
548
549
555
694
453
503
544
544
539
545
524
652
548
546
550
544
514
546
545
531
705
551
500
558
538
548
549
553
636
636
504
547
553
549
513
545
549
697
551
549
502
545
561
529
547
453
687
549
545
505
546
544
516
556
704
558
543
496
540
548
545
334
541
667
515
544
534
548
505
541
595
502
705
554
548
514
544
545
548
562
394
508
547
546
547
550
550
550
489
707
552
549
548
552
547
549
558
535
706
577
408
548
544
548
549
478
704
509
545
551
549
526
546
546
551
705
550
515
547
557
541
549
549
637
635
547
509
546
536
514
548
553
705
551
546
542
550
548
266
447
474
705
548
547
547
499
545
543
507
540
682
550
544
530
544
547
602
475
500
545
554
545
548
546
503
551
529
567
