142
305
272
293
2219
3754
3675
4010
3584
3874
3929
3796
4034
3668
3897
3878
3548
4065
3675
3720
3807
3753
4071
2945
3955
3786
3730
3997
3753
3948
3883
3502
3989
3641
3983
3832
3717
4088
3751
3489
2969
3289
3306
3191
3124
3087
3357
3113
3275
3202
3256
3207
3324
3155
3328
3087
3284
3203
3302
3211
3262
3200
3300
3196
3304
3144
3296
3214
3319
3193
3286
3195
3303
3203
3388
3011
3286
3203
3291
3184
3245
3184
3302
3205
3242
3099
3314
3169
3299
3187
3304
3039
3284
3177
3305
3095
3254
3119
3307
3148
3317
3161
3459
3081
3456
3029
3454
3078
3485
2922
3361
3194
3299
2987
3333
2248
3478
3276
3191
3330
3103
3299
3202
3326
3179
3235
3196
3292
3205
3286
3169
3311
3204
3302
3221
3102
3200
3303
3204
3338
3086
3154
3308
3433
2740
3223
3175
3315
3279
3085
3046
3306
3175
3294
3170
3253
3167
3281
3168
3287
3153
3137
3131
3356
3164
3251
3171
3436
3113
3455
3031
3488
3059
3443
3082
3139
3047
3442
3070
3443
3162
3296
3059
3376
3080
3140
3065
3395
3276
3178
3245
3188
3301
3172
3371
3065
3031
3331
3274
3147
3018
3157
3074
3183
3257
3118
3052
3314
3306
3138
3031
3246
3027
3270
3002
3204
3272
3140
3084
3194
3219
3144
3304
3115
3086
66
55
2353
3407
3111
3097
3090
3427
2595
3474
3113
3489
3075
3354
3081
3320
3169
3254
3029
3378
3105
3545
3221
3163
3347
3178
3329
3145
3361
3200
3185
3213
3253
3204
3333
3204
3339
3127
3473
3132
3475
3103
3426
3114
3441
3144
3473
3054
3506
3098
3509
3144
3424
3094
3563
2913
3385
3046
3407
3084
3450
3323
3130
3340
3170
3344
3216
3307
3164
3342
3202
3335
3168
3315
3213
3344
3218
3399
3074
3511
3110
3480
3075
3498
3107
3461
3104
3459
3111
3484
3117
3483
3080
3434
3112
3467
3160
3266
3054
3433
3333
3209
3289
3158
3311
3210
3341
3131
3323
3208
3326
3214
3280
3153
3328
3209
3309
3154
3296
3192
3469
3073
3253
3209
3465
3139
3341
3122
3448
3105
3468
3130
2959
3236
3470
3125
3472
3048
3479
3108
3470
3101
3396
3115
3354
3140
3320
3036
3336
3293
3169
3317
3140
3340
3198
3305
3197
3240
3224
2498
3177
3305
3119
2964
3162
3290
3207
3245
3207
3332
3211
3361
3032
3467
3142
3253
3183
3255
3121
3306
3216
3460
3053
3443
3091
3316
3184
3453
3107
3397
3024
3461
3032
3501
2836
3376
3226
3261
3185
3299
3075
3421
3233
3172
3235
3083
3259
3125
3315
3195
3316
3149
3302
3166
3291
3236
3213
3117
3341
3189
3308
3198
3230
3211
3329
3182
3477
3033
3322
3218
3469
3126
3380
3090
3471
3108
3296
3244
3387
3036
3511
3094
3331
3096
3456
3089
3448
2903
3375
3067
3301
3013
3319
3065
3293
3090
3304
3235
3193
3302
3206
3248
3198
3327
3205
3337
3111
3314
3214
3306
3216
3270
3206
3338
3219
3286
3158
3465
3082
3318
3200
3401
3164
3341
3101
3473
3056
3402
3086
3472
3114
3354
3084
3461
3077
3503
3021
3471
3089
3303
3122
3274
3049
3398
3057
3167
3004
3207
3189
3147
3042
3306
3278
3166
3285
3206
3241
3216
3352
3202
3317
3098
3331
3215
3307
3213
3275
3196
3306
3211
3308
3157
3292
3210
3329
3199
3233
3209
3304
3224
3451
3085
3494
3080
3414
3077
3249
3164
3466
3075
3331
3160
3521
2962
3416
3069
3413
3092
3459
3179
3339
2607
3415
3086
3173
3064
3317
3298
3164
3326
2780
3239
3132
3322
3184
3301
3113
3302
3190
3346
3196
3275
3214
3287
3188
3310
3160
3306
3081
3334
3210
3422
3124
3469
3133
3476
3036
3474
3132
3474
3068
3390
3098
3472
3096
3522
3032
3466
3103
3304
3083
3417
3223
3341
3069
3399
2987
3189
3081
3226
3029
3408
3313
3206
3278
3158
3265
3196
3334
3149
3324
3111
3271
3212
3293
3224
3248
3207
3304
3241
3259
3132
3307
3209
3331
2478
3213
3205
3325
3259
3319
3125
3340
3195
3474
3089
3424
3086
3425
3093
3478
3059
3376
3070
3476
3094
3418
3079
3528
3205
3302
3054
3409
3083
3198
3112
3253
3165
3395
3203
3422
3236
3210
3323
3206
3273
3173
3362
3108
3184
3179
3274
3199
3291
3209
3467
3087
3461
3133
3490
3153
3316
3106
3336
3052
3482
3035
3493
3045
3465
3127
3398
3093
3504
3048
3485
3048
3330
3084
3291
3102
2797
3083
3420
3312
3082
3321
3135
3313
3155
3276
3166
3294
3159
3333
3176
3326
3211
3290
3199
3259
3206
3306
3203
3299
3138
3249
3167
3468
3059
3241
3199
3354
3175
3462
3043
3473
3095
3501
3112
3347
3044
3485
3089
3468
3044
3467
3094
3471
3103
3356
3027
3381
3038
3316
3059
3190
3054
3345
3328
3075
3304
3175
3293
3202
3282
3184
3313
2954
3288
3142
3312
3202
3319
3201
3243
3209
3350
3122
3274
3135
3288
3177
3469
3146
3386
3101
3314
3221
3265
3109
3470
3128
3474
3087
3419
3078
3502
3082
3459
3043
3468
3094
3495
3101
3441
3214
3314
3032
3421
3239
3174
3141
3324
3279
3176
3295
3156
3307
3274
3116
3138
3305
3196
3311
3112
3293
3216
3337
3110
3209
3209
3307
3212
3286
3162
3323
3208
3456
3095
3259
3186
3354
3181
3318
3113
3477
3123
3320
3177
3407
3104
3325
3169
3457
3048
3458
3076
3462
3067
3419
3073
3464
3135
3357
3021
3305
3082
3420
3295
3114
3312
3156
3292
3169
3282
3176
3358
3109
3262
3156
3312
3125
3326
3205
3263
3213
3281
3205
3299
3171
3312
3209
3472
3136
3239
3208
3476
3092
3491
3076
3466
3134
3462
3108
3419
3093
3504
2920
3444
3029
3476
3106
3417
3130
3392
3100
3416
3078
3425
3264
3088
3324
3151
3300
3109
3289
3213
3311
3214
3311
3153
3305
3209
3307
3120
3297
3213
3328
3134
3342
3172
3498
3048
3270
3067
3481
3105
3457
3093
3422
3064
3499
3092
3338
3234
