171
278
202
268
2962
4054
4587
4533
4091
4548
4613
4199
4546
4625
4420
4283
4627
4477
4223
4610
4445
4275
4571
4635
4252
4585
4475
4360
4581
4651
4428
4266
4714
4346
4058
4652
4484
4322
4579
4428
4328
4645
4562
4234
4633
4573
4185
4610
4343
3653
3915
3577
3804
3775
3152
3892
3573
3915
3759
3711
3963
3591
3907
3578
3803
3788
3509
3982
3569
3930
3765
3698
3935
3625
3906
3478
3732
3789
3750
3818
3559
3951
3743
3677
3934
3611
3896
3605
3884
3784
3638
3931
3580
3935
3516
3765
3950
3547
3898
3560
3869
3810
3642
3913
3580
3977
3484
3739
3843
3686
3925
3471
3901
3571
1675
4001
3396
3935
3538
3757
3801
3691
3913
3646
3868
3781
3642
3951
3584
3981
3520
3751
3783
3654
3888
3574
3989
3788
3648
3979
3585
3961
3503
3886
3777
3687
3907
3614
3927
3561
3777
3657
3657
3934
3511
3896
3829
3684
3893
3570
3974
3514
3627
3820
3611
3910
3570
3893
3772
3674
3906
3563
3956
3565
3721
3662
3622
3961
3444
3990
3684
3769
3893
3584
3950
3566
3690
3806
3666
3917
3501
3975
3585
3742
3732
3668
3935
3599
3817
3817
3621
3771
3511
3917
3547
3900
3790
3585
3853
3622
3878
3579
3828
3580
107
52
3351
3784
3829
3166
3925
3627
3960
3813
3531
3979
3601
3975
3544
3832
3815
3717
3863
3594
3991
3848
3637
3974
3611
3809
3750
3705
3963
3628
3918
3598
3828
3823
3539
3956
3600
3955
105
50
2881
3851
3603
3993
3749
3708
3998
3608
3916
3831
3723
3987
3548
3990
3631
3808
3806
3723
3991
3617
3912
3850
3680
3961
3607
3979
3829
3703
3787
3706
4016
3588
3765
3822
3678
3983
3554
3960
3818
3704
3932
3592
3970
3605
3757
3853
3704
3972
3547
3997
3796
3704
3912
3620
3844
3599
3754
3809
3693
3964
3530
3966
3709
3650
3916
3583
3940
3592
3760
3804
3680
3968
3620
3865
3802
3698
3926
3619
3958
3553
3704
3763
3647
3984
3565
3891
3807
3694
3924
3576
3977
3591
3789
3793
3615
3969
3498
3924
3848
3700
3899
3572
3931
3573
3779
3806
3699
3833
3556
3925
3825
3710
3950
3567
3958
3578
3781
3825
3704
3958
3573
3907
3700
3680
3932
3569
3949
3609
3772
3820
3671
3954
3518
3944
3107
3686
3915
3620
4030
3558
3696
3755
3661
3948
3530
3646
3797
3698
3916
3622
3923
3580
3750
3808
3693
3960
3534
3939
3858
3668
3912
3507
4004
3717
3773
3871
3685
3965
3508
3754
3808
3697
3929
3447
3941
3816
3626
3934
3617
3988
3553
3753
3808
3705
3931
3523
3984
3803
3483
3951
3578
3970
3493
3724
3725
3623
3895
3564
3952
3820
3539
3942
3591
3957
3535
3763
3826
3712
3899
3580
3902
3795
3617
3992
3594
3954
3542
3787
3823
3695
3965
3640
3983
3688
3520
3957
3585
3963
3542
3768
3806
3652
3838
3583
3964
3798
3653
3964
3620
3956
3541
3789
3835
3700
3920
3576
3971
3827
3650
3961
3560
3954
3524
3793
3815
3705
3935
3266
3919
3808
3662
3961
3585
3961
3545
3754
3811
3703
3914
3615
3949
3810
3660
3955
3580
3981
3533
3797
3813
3777
3633
3532
3987
3787
3650
3961
3591
3954
3532
3777
3815
3702
3910
3577
3941
3834
3590
3965
3592
3939
3519
3755
3831
3692
3913
3617
3890
3810
3652
3981
3628
3977
3512
3608
3794
3651
3926
3581
3944
3797
3649
3969
3602
3962
3532
3770
3684
3686
3921
3581
3984
3800
3652
3964
3624
3959
3517
3857
3839
3704
3909
3586
3950
3815
3647
3972
3608
3961
3546
3777
3837
3663
3920
3614
3817
3805
3665
3965
3629
3954
3539
3764
3811
3701
3937
3583
3974
3804
3664
3948
3591
3976
3775
3706
3963
3567
3953
3620
3981
3806
3381
3718
3460
3953
3529
3796
3965
3597
3887
3588
3768
3828
3644
3967
3590
3848
3748
3650
3980
3578
3913
3596
3803
3798
3611
3967
3583
3944
3402
3861
3861
3587
4044
3838
3682
3970
3522
3967
3599
4017
3744
3707
3955
3567
3901
3826
3708
3948
3580
3952
3576
3806
3788
3694
3941
3499
3828
3837
3701
3978
3589
3948
3588
3832
3789
3612
3871
3569
3737
3719
3700
3966
3525
3972
3588
3777
3786
3696
3970
3483
3790
3776
3654
3938
3566
3962
3587
3816
3745
3707
3626
3626
3858
3825
3713
3948
3545
3956
3582
3801
3777
3696
3974
3587
3686
3696
3669
3976
3574
3961
3587
3751
3759
3710
3973
3586
3860
3796
3696
3958
3652
3802
3566
3787
3755
3700
3961
3623
3927
3796
3691
3903
3551
3941
3581
3856
3764
3693
3972
3595
3883
3832
3683
3993
3585
3930
3528
3765
3813
3692
3949
3641
3848
3807
3712
3981
3529
3962
3583
3775
3742
3678
3996
3533
3891
3804
3709
3987
3583
3980
3423
3752
3759
3638
3997
3573
3935
3810
3697
3946
3545
3970
3559
3836
3769
3663
3958
3582
3926
3822
3698
3965
3546
3962
3817
3662
3783
3692
3947
3580
3847
3827
3701
3984
3538
3984
3802
3651
3839
3560
3981
3592
3753
3797
3699
3951
3526
3970
3742
3703
3902
3587
3959
3586
3822
3823
3647
3966
3587
3958
3566
3796
3663
3555
3955
3583
3773
3825
3701
3965
3533
3952
3811
3723
3542
3594
3951
3394
3771
3801
3702
3859
3483
3963
3810
3686
3913
3581
3981
3552
3758
3800
3711
3959
3517
3959
3849
3692
3919
3580
3776
3583
3736
3806
3627
3770
3544
3961
3774
3686
3911
3586
3889
3572
3739
3823
3694
3970
3528
3945
3797
3699
3932
3619
3967
3580
3719
3845
3649
3977
3575
3994
3795
3682
3920
3567
3976
3577
3778
3793
3658
3964
3535
3972
3814
3719
3871
3464
3882
3516
3739
3805
3651
3961
3525
3938
3835
3698
3883
3558
4071
3391
3765
3829
3700
3965
3493
3885
3804
3696
3932
3607
3964
3583
3750
3812
3667
3982
3581
3970
3808
3698
3913
3602
3965
3816
3496
3952
3588
3995
3535
3947
3811
3646
3918
3598
3756
