11648
5015
3653
3569
4465
4462
4290
4801
4481
4458
4242
4297
4525
4249
5126
4319
4281
4244
4455
4458
4254
4453
4457
4468
5049
4465
4467
4264
4454
4455
4453
4453
4456
4455
4460
4250
4503
4300
4505
4460
4308
5022
4374
4477
4291
4474
4469
4467
4280
4223
4467
4524
4247
4458
4239
4302
4232
4455
4455
4548
4236
4249
4234
4459
4276
4457
4253
4477
4457
4454
4457
4449
4459
4263
4250
4290
4257
4450
4451
4455
4243
4453
4449
4464
4450
4290
4258
4473
4455
4247
4451
4455
4453
4451
4453
4313
4319
4301
4526
4460
4308
4458
4451
4229
4457
4289
4468
4458
4262
4456
4240
4453
4452
4455
4448
4446
4456
4448
4239
4456
4296
4522
4457
4450
4254
4454
4457
4451
4456
4458
4259
4290
4272
4468
4456
4252
5701
4271
4258
4304
4486
4457
4456
4463
4453
4449
4448
4237
4268
4448
4457
4453
4451
4249
4233
4477
4291
4245
4257
4222
4245
4452
4452
4243
4466
4450
4299
4254
4282
4266
4460
4253
4454
4452
4282
4453
4268
4460
4279
4456
4243
4454
4455
4452
4452
4234
4456
4452
4455
4454
4448
4452
4453
4451
4452
4459
4454
4452
4230
4456
4291
4252
4455
4454
4296
4256
4301
4459
4454
4454
4455
4457
4458
4788
4321
4287
4490
4310
4620
5108
5449
4540
4246
4242
4269
4252
4452
4288
4240
4254
4467
4456
4458
4251
4454
4295
4460
4253
4290
4455
4245
4457
4458
4318
4460
4456
4453
4292
4456
4450
4258
4450
4250
4457
4453
4458
4288
4300
4455
4452
4452
4457
4453
4248
4461
4263
4452
4452
4454
4293
4455
4453
4260
4250
4457
4256
4259
4457
4452
4454
4248
4458
4252
4454
4452
4295
4490
4520
4468
4453
4458
4459
4457
4266
4462
4454
4238
4522
4458
4454
4455
4460
4454
4246
4445
4461
4454
4231
4461
4456
4454
4255
4449
4447
4453
4290
4453
4234
4308
4277
4454
4456
4461
4456
4454
4266
4456
4462
4450
4453
4258
4459
4447
4254
4295
4460
4451
4257
4277
4460
4452
4455
4449
4249
4462
4453
4233
4238
4273
4247
4469
4310
4456
4455
4454
4453
4246
4453
4479
4479
4460
4452
4453
4456
4452
4299
4455
4259
4229
4463
4230
4239
4454
4450
4455
4454
4450
4455
4307
4463
4237
4269
4469
4454
4261
4450
4526
4251
4255
4449
4455
4236
4239
4456
4306
4250
4239
4462
4541
4282
4256
4458
4249
4275
4458
4456
4458
4446
4454
4295
4472
4455
4235
4528
4261
4255
4454
4263
4300
4238
4230
4253
4454
4456
4469
4469
4466
4467
4480
4468
4468
4496
4474
4453
4453
4528
4454
4298
4460
4310
4258
4256
4280
4272
4457
4249
4237
4239
4470
4453
4521
4455
4455
4457
4450
4304
4459
4256
4458
4250
4462
4460
4300
4251
4258
4307
4463
4257
4453
4233
4289
4256
4454
4457
4253
4524
4224
4460
4245
4466
4457
4242
4248
4451
4528
4458
4453
4448
4457
4250
4254
4453
4528
4259
4457
4258
4458
4450
4451
4257
4466
4454
4455
4452
4459
4493
4288
4234
4263
4295
4466
4250
4450
4450
4467
4453
4251
4224
4456
4287
4267
4244
4455
4460
4457
4454
4457
4449
4456
4245
4225
4453
4524
4256
4460
4251
4528
4467
4459
4243
4453
4461
4452
4248
4225
4459
4451
4244
4456
4453
4242
4457
4457
4450
4456
4452
4254
4455
4297
4247
4450
4253
4253
4454
4459
4465
4263
4455
4462
4453
4461
4454
4241
4289
4279
4235
4480
4229
4316
4532
4461
4226
4458
4283
4298
4460
4450
4456
4282
4245
4452
4232
4467
4455
4450
4454
4238
4464
4453
4458
4251
4240
4291
4461
4459
4258
4450
4451
4258
4453
4459
4448
4458
4262
4449
4260
4462
4452
4453
4464
4455
4455
4468
4463
4456
4453
4464
4249
4451
4286
4459
4449
4253
4460
4459
4452
4249
4249
4457
4288
4456
4452
4455
4239
4248
4470
4452
4285
4456
4456
4466
4277
4246
4224
4494
4453
4460
4244
4470
4256
4258
4453
4454
4468
4450
4470
4458
4457
4268
4249
4251
4232
4523
4256
4455
4454
4454
4451
4458
4455
4452
4529
4253
4266
4458
4449
4238
4464
4449
4457
4521
4452
4250
4265
4450
4300
4521
4255
4464
4459
4457
4244
4454
4454
4237
4450
4239
4255
4298
4453
4449
4251
4464
4452
4251
4456
4457
4254
4458
4452
4455
4459
4451
4256
4493
4456
4299
4462
4451
4448
4456
4454
4449
4453
4460
4248
4454
4265
4482
4256
4451
4456
4525
4458
4243
4449
4456
4449
4470
4457
4448
4242
4312
4225
4251
4263
4455
4453
4453
4455
4453
4457
4452
4456
4251
4453
4454
4457
4455
4448
4295
4260
4459
4248
4285
4247
4446
4451
4453
4238
4455
4256
4462
4451
4461
4444
4454
4452
4462
4458
4455
4456
4455
4448
4460
4457
4449
4287
4257
4448
4450
4236
4275
4265
4288
4455
4447
4459
4459
4253
4454
4449
4454
4455
4447
4457
4453
4461
4453
4453
4256
4245
4459
4259
4457
4465
4451
4458
4272
4251
4239
4483
4457
4250
4453
4451
4453
4453
4451
4453
4458
4226
4460
4452
4235
4287
4282
4297
4287
4301
4227
4307
4304
4253
4458
4453
4458
4520
4270
4456
4257
4300
4460
4295
4457
4455
4464
4454
4247
4457
4476
4478
4455
4456
4450
4469
4457
4459
4253
4472
4243
4289
4225
4462
4455
4257
4495
4503
4523
4273
4452
4306
4458
4290
4257
4458
4460
4456
4455
4450
4263
4452
4473
4450
4246
4466
4457
4243
4253
4450
4254
4252
4455
4465
4240
4464
4251
4466
4459
4446
4458
4454
4454
4451
4251
4258
4456
4255
4458
4450
4455
4455
4458
4454
4452
4453
4251
4461
4456
4455
4451
4256
4468
4285
4489
4516
4250
4252
4251
4452
4303
4464
4452
4247
4295
4226
4238
4465
4257
4224
4446
4240
4459
4248
4453
4455
4289
4245
4258
4470
4295
4468
4455
4449
4451
4251
4254
4235
4238
4469
4254
4243
4452
4450
4236
4448
4248
4455
4449
4451
4249
4450
4234
4233
4249
4451
4454
4456
4453
4252
4398
