13101
7058
6638
7264
6967
6175
5802
6119
6022
5910
5800
6101
5993
5890
5798
6083
5987
5888
5785
6090
6230
5900
5794
6093
5995
5902
5792
6095
5992
5940
5817
6096
5986
5893
6079
6076
6003
6353
5774
6090
6228
5889
5806
6089
5994
6129
5797
6083
6008
5896
5813
6566
5984
5880
5798
8064
6236
5882
5788
6373
6002
5904
5757
6070
5992
5898
5783
6078
5974
5899
5792
6098
5954
5893
5806
6095
5978
5892
5794
6084
5987
5864
5801
6081
5976
5897
5797
6092
5988
5895
5788
6087
5989
5892
5794
6095
5989
5885
5801
6071
5983
5906
5798
6075
6007
5893
5789
6086
5981
5880
5802
6097
5996
5895
5811
6088
6009
5897
5796
6101
5997
5892
5789
6091
5980
5896
5785
6095
5998
5888
5783
6094
5988
5924
5807
6080
5983
5892
5788
6089
5982
5901
5813
6073
5997
5898
5794
6080
5996
5894
5797
6083
6001
5874
5805
6094
6001
5857
5788
6096
5998
5891
5797
6077
6009
5887
5817
6097
5980
5908
5819
6082
5977
5904
5799
6077
5996
5906
5806
6077
6008
5901
5799
6093
6006
5896
5807
6088
5982
5899
5788
6084
6002
5903
5803
6081
6002
5902
5814
6108
5983
5930
5802
6099
5997
5896
5806
6086
5999
5893
5815
6087
5992
5884
5805
6088
5977
5901
5800
6097
5996
5885
5806
6094
6001
5902
5774
6084
5993
5896
5783
6092
6227
5898
5795
6090
5994
5897
5801
6088
5992
5896
5813
6071
5994
5924
5806
6089
5984
5854
5812
6084
6006
5899
5796
6104
5996
5898
5810
6091
5990
5979
5797
6100
5994
5906
5782
6085
5993
5898
5778
6091
5998
5905
5792
6088
5978
5894
5798
6093
5995
5908
5817
6089
5986
5897
5808
6101
5984
5892
5815
6081
5988
5885
5797
6094
5994
5886
5816
6086
6001
5903
5785
6101
5999
5878
5796
6097
5985
5883
5805
6111
5991
5900
5794
6081
5997
5897
5806
6099
6001
5901
5808
6091
6005
5915
5797
6084
5999
5899
5794
6104
5999
5896
5784
6105
5996
5885
5807
6094
6012
5901
5795
6088
6000
5897
5808
6087
5993
5891
5803
6084
5997
5898
5809
6081
6004
5903
5796
6094
5993
5898
5815
6102
6217
5884
5797
6105
6007
5895
5792
6100
5994
5894
5809
6091
6227
5905
5795
6075
5993
5898
5820
6083
5989
5893
5804
6079
5994
5900
5795
6094
5984
5895
5801
6102
5980
5902
5796
6091
6001
5886
5796
6100
6013
5900
5791
6098
5991
5888
5796
6083
5991
5900
5805
6080
5983
5907
5797
6086
5980
5902
5793
6089
5996
5899
5806
6098
5993
6125
5800
6099
6002
5903
5801
6103
5997
5889
5803
6084
6004
5894
5807
6090
5992
5902
5794
6090
6006
5901
5810
6098
5989
5902
5794
6106
5985
5892
5807
6091
5990
5901
5839
6095
5994
5896
5802
6087
5993
5881
5812
6099
6019
5895
5802
6094
5996
5899
5795
6091
5999
5888
5793
6096
5993
5904
5803
6107
5997
5904
5796
6096
5992
5910
5799
6098
5989
5912
5796
6106
5987
5895
5801
6076
5997
5893
5793
6109
5993
5919
5796
6102
5999
5902
5802
6100
6004
5900
5796
6088
5988
5900
5804
6103
5986
5910
5797
6087
6017
5889
5792
6096
5985
5899
5801
6086
5999
5889
5797
6095
5998
5898
5806
6109
6004
5930
5816
6099
5977
5872
5801
6088
6003
5901
5790
6094
5983
5878
5841
6090
5998
5894
5806
6095
5985
5880
5802
6098
5991
5908
5804
6090
5987
5901
5798
6096
6011
5875
5815
6100
6007
5874
5782
6081
5995
5879
5796
6087
6218
5898
5810
6111
6008
5893
5812
6089
5992
5899
5804
6103
5997
5881
5799
6090
5979
5900
5804
6087
5980
5905
5810
6083
5989
5895
5807
6080
5997
5897
5812
6108
5989
5895
5807
6101
6023
5896
5817
6087
5967
5883
5798
6090
5989
6136
5804
6092
5984
5900
5775
6085
5996
5902
5804
6101
6000
5892
5803
6103
5996
5901
5802
6100
6001
5898
5799
6088
6013
5912
5809
6090
5985
5893
5800
6084
5979
5888
5803
6091
5991
5885
5801
6085
5995
5905
5814
6090
5987
5893
5787
6100
6000
5912
5796
6097
5999
5896
5806
6090
6000
5884
5827
6091
5987
5902
5804
6069
5990
5894
5811
6086
5981
5885
5809
6090
6005
5897
5806
6085
5990
5928
5807
6095
5972
5866
5802
6084
6002
5903
5791
6095
6011
5899
5813
6119
6005
5889
5807
6077
5996
5907
5798
6080
5983
5893
5806
6093
6008
5895
5797
6086
5993
5888
5808
6102
5996
5890
5796
6095
5986
5894
5807
6090
5999
5889
5807
6099
6009
5889
5806
6078
6008
5906
5794
6082
5988
5894
5817
6105
5983
5894
5813
6080
6001
5892
5798
6095
5986
5891
5808
6108
5988
5887
5791
6108
5998
5909
5802
6104
6004
5913
5805
6086
6007
5895
5796
6082
6238
5898
5806
6094
5996
5903
5802
6090
5996
5902
5808
6079
5992
5900
5824
6319
5998
5904
5815
6083
6001
5908
5801
6082
5986
5896
5800
6089
6001
5901
5806
6099
6009
5895
5814
6086
6016
5896
5797
6083
5998
5903
5807
6103
5988
5931
5823
6083
6023
5923
5804
6123
6001
5930
5811
6108
5992
5912
5779
6095
6025
5901
5834
6106
5999
5894
5772
6126
6007
5908
5821
6098
6017
5894
5796
6101
6016
5917
5827
6112
6016
5906
5776
6105
6007
5918
5809
6112
6012
5913
5796
6086
6008
5892
5843
6115
6022
5922
5834
6110
6030
5882
9446
6120
6026
5908
5795
6112
6025
5926
5788
6090
6012
5928
5804
6089
6019
5922
5794
6121
6016
5916
5788
6106
6006
5911
5816
6109
6004
5896
5814
6127
6022
5922
5803
6079
6017
5903
5816
6109
6012
5917
5799
6091
6024
5915
5806
6115
6028
5927
5789
6099
6024
5900
5796
6124
5994
5894
5787
6131
6039
5917
5807
6110
6007
5922
5797
6088
6015
5906
5804
6101
6011
5907
5824
6112
6000
5912
5811
6117
6030
5908
5801
6089
6005
5912
5822
6131
6006
5901
5829
6119
6014
5921
5797
6122
6022
5903
5804
6086
6017
5888
5815
6102
5969
