10772
4798
5267
5390
5663
5730
4907
4939
4997
5048
5097
5135
5176
5231
4858
4703
4959
5002
5067
5111
5097
4938
4607
4654
4709
4751
4806
4854
4900
4745
4595
4647
4690
4747
4801
4849
4894
4708
4592
4646
4693
4744
4794
4843
4897
4943
4596
4432
4704
4744
4793
4841
4891
4942
4591
4640
4698
4736
4791
4842
4907
4943
4597
4646
4693
4738
4795
4841
4687
5000
4639
4638
4692
4742
4795
4845
4890
4947
4594
4645
4695
4740
4790
4844
4895
4950
4591
4634
4682
4743
4789
4839
4899
4747
4590
4649
4694
4739
4798
4847
4896
4949
4600
4643
4697
4717
4792
4848
4895
4941
4355
4643
4696
4733
4794
4842
4898
4944
4589
4641
4686
4739
4800
4843
4897
4946
4594
4638
4480
4738
4789
4827
4899
4942
4595
4650
4489
4746
4795
4843
4883
4972
4600
4652
4703
4746
4790
4841
4892
4925
4594
4665
4789
4754
4796
4841
4892
4937
4592
4641
4693
4736
4790
4847
4890
4942
4601
4444
4682
4742
4796
4844
4899
4949
4588
4647
4693
4742
4790
4846
4903
4943
4596
4441
4695
4739
4793
4848
4883
4948
4599
4628
4695
4740
4789
4846
4902
4941
4576
4645
4694
4741
4794
4841
4889
4950
4590
4641
4683
4738
4795
4841
4895
4944
4596
4433
4677
4748
4797
4839
4899
4948
4596
4659
4700
4743
4796
4836
4893
4948
4587
4640
4698
4740
4787
4637
4876
4946
4591
4642
4764
4747
4793
4839
4901
4930
4597
4631
4691
4738
4798
4839
4903
4939
4597
4638
4700
4737
4590
4849
4893
4945
4597
4629
4687
4737
4798
4839
4893
4946
4597
4643
4699
4725
4580
4842
4896
4937
4598
4641
4690
4742
4794
4829
4901
4947
4593
4634
4696
4739
4790
4831
4890
4938
4595
4647
4705
4736
4795
4842
4689
4941
4580
4638
4695
4742
4784
4848
4897
4942
4577
4645
4690
4741
4796
4648
4893
4946
4597
4629
4698
4743
4786
4851
4895
4940
4595
4646
4690
4726
4796
4843
4895
4945
4592
4645
4690
4737
4793
4831
4896
4941
4590
4642
4697
4741
4785
4847
4902
4932
4599
4648
4694
4545
4788
4842
4890
4944
4577
4643
4691
4745
4586
4843
4894
4946
4597
4623
4675
4742
4791
4840
4901
4937
4594
4643
4674
4724
4803
4836
4894
4931
4598
4649
4689
4739
4799
4837
4893
4947
4587
4643
4526
4742
4791
4848
4890
4941
4582
4642
4696
4737
4790
4838
4880
4947
4591
4638
4689
4740
4552
4844
4886
4934
4599
4627
4692
4742
4788
4841
4889
4930
4594
4632
4687
4585
4789
4842
4891
4944
4598
4642
4698
4531
4792
4846
4893
4941
4601
4643
4691
4728
4812
4839
4921
4954
4590
4654
4708
4746
4799
4846
4909
4953
4606
4652
4706
4740
4805
4845
4876
4947
4591
4645
4685
4731
4783
4849
4896
4942
4586
4645
4686
4734
4790
4827
4900
4952
4596
4646
4698
4737
4801
4845
4895
4934
4596
4640
4507
4740
4794
4845
4899
4927
4591
4643
4696
4748
4787
4849
4727
4946
4588
4634
4690
4741
4794
4844
4900
4944
4596
4647
4694
4515
4812
4847
4901
4948
4601
4644
4695
4742
4790
4833
4745
4941
4597
4643
4695
4739
4779
4843
4893
4944
4393
4641
4698
4733
4791
4839
4888
4950
4591
4648
4690
4742
4790
4851
4889
4940
4574
4636
4686
4737
4793
4842
4892
4943
4585
4625
4681
4743
4792
4843
4905
4938
4590
4416
4693
4745
4795
4840
4889
4942
4596
4641
4695
4732
4795
4825
4891
4933
4589
4645
4473
4739
4582
4840
4889
4928
4594
4644
4697
4513
4790
4837
4893
4934
4596
4647
4688
4738
4787
4839
4893
4944
4591
4631
4690
4736
4793
4842
4892
4939
4594
4644
4695
4723
4792
4844
4897
4946
4595
4641
4701
4746
4774
4847
4896
4949
4595
4633
4697
4738
4793
4850
4883
4938
4590
4647
4692
4740
4797
4837
4692
4946
4596
4644
4688
4737
4798
4846
4898
4945
4443
4649
4698
4737
4790
4640
4892
4939
4596
4640
4691
4533
4789
4845
4900
4947
4590
4649
4692
4726
4799
4844
4895
4940
4599
4636
4691
4730
4773
4841
4898
4956
4600
4648
4691
4741
4782
4839
4899
4944
4591
4640
4693
4738
4792
4838
4883
4945
4594
4645
4698
4741
4791
4849
4899
4940
4596
4628
4695
4745
4792
4840
4884
4943
4597
4409
4692
4741
4787
4844
4903
4943
4596
4635
4691
4593
4790
4836
4916
4946
4593
4636
4693
4742
4797
4827
4687
4919
4593
4644
4697
4739
4794
4843
4896
4941
4590
4626
4695
4739
4783
4838
4893
4946
4599
4640
4666
4746
4789
4840
4901
4948
4391
4646
4695
4727
4794
4842
4894
4940
4596
4645
4680
4732
4778
4836
4896
4953
4598
4639
4696
4741
4786
4831
4903
4739
4595
4638
4698
4536
4615
4842
4898
4930
4598
4638
4688
4735
4795
4847
4909
4945
4391
4646
4695
4747
4793
4845
4890
4943
4593
4634
4683
4722
4788
4845
4900
4949
4596
4645
4694
4737
4790
4843
4905
4934
4590
4641
4698
4734
4795
4826
4882
4943
4599
4644
4680
4745
4786
4848
4899
4930
4587
4644
4485
4745
4796
4848
4892
4936
4596
4625
4688
4747
4793
4840
4894
4938
4593
4638
4686
4740
4795
4843
4699
4939
4586
4648
4694
4739
4790
4847
4899
4969
4589
4647
4690
4746
4792
4835
4895
4932
4593
4646
4698
4540
4592
4844
4898
4944
4600
4633
4695
4731
4791
4852
4890
4940
4593
4641
4674
4736
4594
4847
4895
4951
4593
4647
4686
4739
4773
4847
4891
4943
4593
4642
4697
4740
4796
4827
4898
4944
4592
4646
4695
4740
4792
4838
4896
4927
4596
4642
4682
4743
4785
4845
4896
4936
4591
4650
4699
4744
4786
4841
4902
4941
4608
4647
4540
4741
4797
4839
4901
4739
4376
4646
4690
4740
4773
4840
4897
4944
4599
4664
4691
4740
4793
4838
4881
4931
4598
4641
4480
4744
4582
4847
4897
4928
4599
4640
4694
4542
4794
4843
4895
4941
4600
4631
4692
4739
4799
4846
4886
4940
4599
4419
4769
