7813
1651
1824
2126
2361
2521
2571
2489
2381
2524
2581
2508
2447
2419
2589
2601
2427
2588
2382
2375
2283
2359
2364
2453
2369
2517
2369
2410
2434
2490
2468
2379
2367
2371
2437
2361
2341
2382
2334
2486
2323
2505
2356
2510
2479
2498
2305
2049
2061
2026
1989
2016
2038
2012
2039
2051
2079
2015
2103
2159
1979
2081
2017
2061
2060
2034
2051
2075
1988
2074
2026
1879
2031
2026
1913
1904
2036
2033
2090
2029
2101
2047
2002
2055
2051
2065
2013
2060
2024
2054
2043
2031
2052
2023
2005
2006
2057
2042
2086
2065
2007
2020
2026
2030
2033
2023
2058
2062
1968
1975
2042
2054
1988
2031
2020
2045
2008
2034
2063
2039
2046
2009
2036
2049
2035
2071
2044
2073
2033
2063
2017
2065
1981
2008
1818
1830
1967
1887
2023
2059
2004
2053
2014
2016
2038
2052
2058
2106
2006
2018
2058
2038
2064
2041
2070
2049
2019
2061
2057
2052
2055
2009
2038
2066
2006
2122
2009
1960
2018
2035
2061
2052
2051
2042
2020
2056
2059
2058
2032
2022
2016
2018
1941
2061
2047
2083
2035
2113
1996
2050
2035
2001
1996
2021
2027
2038
2026
2030
2038
2063
1908
2058
2024
2005
2036
2038
2095
2055
2061
2028
2052
2053
1987
2033
2051
2030
2081
2027
2062
2028
2031
2021
2050
2012
2020
2063
1833
1980
1958
2058
2033
2025
2032
1989
2022
2030
2066
2041
2066
1930
2072
2077
2043
2052
2031
2072
2016
2077
2025
2001
2062
2021
2008
2051
2049
2079
2046
2028
2034
2065
2005
2074
2036
2049
2052
2027
2031
2076
2039
2043
2017
2062
2023
2048
2030
2061
2095
2041
2048
2016
2062
2016
2016
2056
1989
2073
2044
2081
2029
2055
2049
2057
1981
2074
2009
2033
2093
2031
2069
2041
2013
2050
2031
2058
2007
2040
2042
2048
2057
1891
2018
2112
2043
2050
2033
2032
2044
2028
1998
2055
2032
2049
2017
2033
2031
2049
2058
2065
2031
2019
2053
2069
1998
2032
2015
2070
2058
2070
2048
2065
2012
2014
2049
2034
2065
2042
2003
2040
1992
2062
2025
2039
2039
2110
2053
2048
1992
2039
2048
2062
2053
2050
2029
2057
2013
2059
2064
2064
2011
2021
2063
2037
2011
2017
1985
2015
2162
1986
2046
2034
2046
2063
2030
2065
2045
2104
2078
1814
1883
2109
2013
2064
2028
2017
2061
2021
2028
2031
2064
2086
2033
2037
2041
2114
1979
2052
2029
2052
2037
2051
2016
2062
2036
2042
2055
2024
2078
2050
2025
2068
2035
2073
2058
2055
2024
2042
2017
2043
2030
2032
1512
2031
2075
2036
2074
2061
2087
2030
2063
2050
2150
2071
2043
2076
2044
2176
2075
2013
2057
2046
2058
2055
2054
2221
2056
2039
2038
2048
2070
2064
2042
2014
2063
2076
2030
2071
2025
2073
1991
2061
2063
2120
2190
2036
2073
2063
2036
2057
2040
2067
2034
2037
2165
2081
2005
2040
2142
2125
2008
2076
2027
2104
2046
2044
2067
2063
2034
2078
2022
2033
2006
2030
2081
2072
2067
2053
2066
2062
2038
2264
2016
2047
2093
2026
2069
2241
1983
2076
2051
2029
2209
2092
2042
2068
2034
2042
2062
2187
2081
2051
2039
2028
2101
2049
2046
2066
2030
2071
2045
2030
2028
2023
2038
2040
2075
2059
2076
2055
2012
2029
2044
2062
2117
2051
2057
2202
1987
2019
2035
2056
2234
2042
2066
2115
2040
2049
2048
2070
2038
2048
2015
2034
2025
2032
2062
2040
2052
2044
2044
2068
2011
2080
2037
2070
2045
2041
2027
2076
1990
2034
2025
2068
2089
2029
2052
2049
2024
2068
2036
2017
2071
2043
2171
2034
1991
2031
2122
2006
2119
2090
2077
2076
2009
2110
2056
2057
2087
2061
2043
2081
2020
2091
2034
2079
2040
2070
2027
2062
2101
2030
2059
2055
2046
2139
2028
2222
2023
2171
2079
2040
2058
2052
2035
2037
1992
2109
2028
2043
2065
2042
2066
2042
2014
2021
2074
2070
2210
2026
2069
1999
2033
2056
2043
2036
2033
2069
2040
2073
2037
2241
2114
2076
2071
2062
2027
2106
2076
2056
2022
2052
2139
2030
2069
2048
2026
2066
2028
2133
2028
2027
2051
2083
2007
2039
2034
2070
2107
2039
2050
2074
2023
2050
2056
2044
2051
2056
2074
2045
1993
2094
2077
2030
2005
2031
2050
2055
2147
2036
2072
2033
2063
2020
2088
2058
1986
2089
2047
2075
2096
2057
2063
2036
2003
2024
2069
2074
2052
2076
2064
2121
2025
2024
2116
2125
2030
2044
2063
2066
2182
2083
2039
2033
2077
2070
2061
2026
2013
2032
2053
2074
2050
2019
2080
2033
2037
2030
2051
2055
2031
2090
2072
1983
2023
2079
2063
2040
2066
2167
2210
2089
2036
2058
2084
2040
2066
2078
2038
2090
2034
2257
2027
2035
2139
2032
2034
2049
2092
2066
2047
2067
2049
2043
2070
2069
2008
2050
2000
2094
2067
2076
2042
2028
2048
2068
2070
2120
2078
2050
2036
2054
2224
2117
2069
2060
2235
2012
2072
2039
2039
2038
2038
2069
2016
2041
2113
2026
1985
2053
2076
2058
2077
2030
2044
2066
2005
2025
2045
2057
2045
2122
2093
2145
2021
2043
2069
2033
2017
2128
2050
2051
2036
2057
2080
2052
2072
2073
2034
2079
2081
2027
2050
2068
2126
2049
2024
2040
2015
2036
2023
2080
2064
2063
2153
2044
2019
2047
2137
2138
2141
2031
2036
2125
2119
2056
2232
2072
2030
2077
2045
2052
2021
2048
2125
2033
2034
2031
2036
2094
2014
2057
2036
2046
2058
2057
2032
2048
2046
2057
2058
2085
2082
2051
2137
2047
2026
2098
2078
2059
2057
2043
2021
2079
2010
2070
2056
2048
2006
2009
2251
2142
2053
2024
2101
1991
2022
2018
2062
2050
2030
2055
2031
2062
2231
2062
2045
2022
2048
2043
2089
2056
2019
2090
2081
2018
1987
2022
2072
2050
2039
2099
2036
2068
2084
2077
2039
2180
2027
2076
2228
2020
2062
2066
2039
2075
2013
2078
2186
2049
2015
2077
2056
2045
2077
2055
2067
2029
2051
2083
2060
2026
2072
