7238
1212
1179
1792
1889
1965
1890
2083
2089
1895
1852
1855
2067
2046
1871
1855
2066
2105
2066
1880
1949
1886
1865
2056
2045
2054
2362
2052
2117
1885
1947
2066
2051
2365
2051
1904
2066
1863
1854
1856
1893
2092
1854
2386
2078
2113
1859
1854
1841
1903
2081
1856
1855
2116
2083
1943
1899
2069
1870
2126
1865
2062
1892
2062
2110
2070
2057
1900
1883
1855
2111
1887
1855
1852
1905
2090
1890
1853
2098
2079
1895
2064
1887
1857
2102
1876
1857
1857
1855
1906
1853
1853
2094
2103
1865
1901
1848
1853
2131
1849
1854
1854
1849
1904
1876
2079
2046
2053
1893
2111
1893
1892
1876
1853
2106
2071
2052
2083
1914
2066
1875
1884
2072
1885
2106
1848
1854
1841
1884
1894
2111
2086
2046
1886
1917
2109
2068
1863
2058
1892
2100
1895
1866
1888
1893
1893
2073
1871
1860
1857
1906
1842
1865
1885
2104
1890
1867
1896
2093
2092
2057
1884
1852
1884
2064
1873
1892
2066
1856
2139
1885
1895
1867
1855
2092
1856
1851
1852
1848
2094
2081
2049
1872
1852
2101
2102
1863
2072
1863
2090
1882
1885
2053
1899
2088
2066
2051
1867
2050
2106
1857
1848
2074
2052
2111
1866
1892
1872
2099
1899
1873
1892
1905
2087
2059
1877
2053
1866
2103
1892
1899
2088
1865
1910
1855
2064
1865
2102
2052
2043
1896
1880
2055
1891
1891
1879
2095
1874
2045
2101
1876
2066
1861
1854
1854
1877
2107
1878
1886
1891
1879
2106
1851
1881
1869
1889
1892
1909
1901
1887
1871
2092
1872
1862
1901
1906
2051
2093
2082
2056
2046
1900
2112
1874
1838
1847
2104
2074
1879
1891
2105
1855
2062
1843
1906
1893
2097
2074
1867
1897
1910
2075
1867
1851
1838
1885
1852
1852
2082
1917
2063
1905
1868
1853
2053
1917
1889
1895
1876
1859
2105
2074
1868
1888
1895
2102
1860
2063
2043
1890
2044
2061
2055
2052
1897
1897
1853
1852
1890
1877
1906
2066
2035
1887
1907
2099
1889
2070
1913
1902
2066
2046
1886
1861
1851
1870
2099
1847
2085
1862
1866
2057
1859
2064
1905
2046
1883
2096
1876
1889
1893
1849
2104
1894
1866
1918
1852
2097
1858
1914
1854
2097
2091
2062
1871
2093
1870
1896
1875
1888
1864
1914
1849
1863
1852
2087
1849
1910
1852
1862
1861
1892
1880
2084
2043
1872
2085
2103
1857
1847
1853
2105
2073
2082
2048
2080
2101
1877
1893
2077
2084
2044
1907
1859
2065
1876
1908
2069
1866
1858
1840
2075
1867
1886
1855
1907
1883
2073
1879
1883
2076
1898
1874
1859
1894
2100
1883
2093
1896
1864
2119
2058
1871
1854
1887
2104
1877
1856
1872
2081
1856
2055
1857
1902
1849
1855
1850
2072
2049
2044
2054
1859
1845
1903
1890
1857
1848
1854
1904
2100
1895
1865
2054
2102
1844
1899
1865
1854
1904
1848
2078
1879
2105
2073
2058
2040
2047
1907
1870
1855
2074
2095
1868
1849
2084
2104
2064
1866
2059
2042
2115
1858
1846
1844
1909
1892
2081
1889
1899
2055
2094
1854
1853
2083
1875
2090
2053
1895
1880
2038
1883
1905
1842
1855
1863
2087
1853
1907
1847
1848
2076
2052
2114
2053
2055
1866
1890
2106
2066
1861
1855
1857
1894
2092
1857
1861
1849
2097
2082
1858
1896
2055
1883
2097
1885
1891
2105
1858
2095
1859
2089
2042
1897
1887
2057
2054
1889
1897
1889
2101
1897
1887
1895
2105
1860
1851
2091
1869
1911
1847
2103
1849
1903
1902
1891
1899
1871
2083
1887
1907
1855
1843
1912
1864
2080
1871
1895
1899
1875
1889
1852
2082
1902
2105
1899
1900
2046
2047
2115
1854
1852
1855
1898
2103
2078
2045
1868
1850
1909
1848
1878
1866
1892
1845
2098
1866
1856
2083
1894
1894
2102
1860
1853
1853
2099
2088
1885
1888
1855
1907
1893
1885
1870
2098
2072
1888
2069
1862
2058
1863
1890
1868
1898
2099
1871
2090
1887
1858
1906
2092
1860
1897
1864
2105
1900
1871
1853
1839
2099
1868
2072
1844
1897
2068
1873
1896
1854
1905
2106
1864
1851
2102
1868
1875
1861
1848
1903
1854
1845
1845
1851
2101
1851
1899
1859
1866
1897
2087
1860
1853
1860
1846
1903
2055
1896
1893
1882
2072
2111
1860
1892
1875
1854
2101
1899
1885
1878
1890
2096
1856
1850
1849
2081
2107
1849
1859
1853
2075
2104
1857
1850
1886
1858
2109
2076
1896
1869
2101
2070
1870
1855
1855
1907
1856
1870
1897
1863
1899
2092
1887
1862
2083
2103
1857
1899
1863
1902
1855
1894
1853
1874
1934
1850
1854
1857
1897
2099
1841
1855
1850
2080
2106
1858
1857
1892
2104
2078
2108
2059
1917
1869
2110
1868
1851
1850
1895
2078
1895
1881
1860
1893
1844
2094
1851
1867
1863
1850
2103
1871
1899
1870
1847
1912
1887
2089
2043
1862
2092
1850
1897
2100
2105
1853
1890
1899
1885
2112
1858
1846
1850
1904
1886
1893
1898
1858
2112
1852
1857
1856
1851
1907
1842
1850
1853
1861
1898
1889
2092
1869
2105
1856
2073
1913
1888
1843
2109
1866
1861
1855
1899
2093
2072
1910
1859
1855
1898
1854
1894
1878
1892
1877
2097
1864
1856
1891
1868
1849
1907
1884
1853
1858
1881
1914
1837
1853
1865
1878
2102
1886
1858
1895
2100
1890
1893
1889
1890
2098
1863
1906
1887
1879
2063
1866
1893
1894
2106
1856
1910
1896
1877
1902
1854
1853
1887
2091
1865
1865
1856
1867
1851
1892
1848
1849
1898
1857
2087
2046
1877
1855
2059
1912
1849
1904
1898
1889
1907
1846
2067
1861
1854
1853
2113
1864
1849
1849
1891
1853
2089
1909
1874
1857
2099
1863
1843
1856
1851
1909
2077
1866
1851
1853
1890
1848
1876
1891
1856
2089
1872
1886
1876
2061
1892
2104
1853
1852
1894
1857
2076
2052
1868
1853
1846
2064
1859
1863
1846
2107
1861
1893
2073
1866
2054
2103
1845
1844
1850
1889
2082
1846
2072
1855
1859
1885
1851
1871
1890
1911
1883
2108
1884
1945
