10684
963
988
937
1180
1157
947
961
929
1168
1099
969
930
1115
1315
919
987
1036
1030
968
918
1232
1451
1469
903
950
915
1349
969
1195
1424
905
1430
1426
1423
980
973
1197
1412
1398
915
981
910
1317
1254
973
937
931
919
971
909
992
957
1250
929
1364
1259
1278
1451
993
914
905
902
1029
948
1280
936
974
914
1244
1475
1401
1333
1277
1385
948
1302
1031
1024
963
920
906
1010
1375
906
1225
903
942
916
1238
1405
1424
909
985
1002
974
957
1252
929
1417
929
1387
933
916
955
1216
1459
1260
995
961
1487
1390
984
1282
1443
1379
960
910
1460
920
1260
924
1389
1427
930
966
964
957
914
970
950
1401
909
927
1550
1344
1254
1275
1411
973
973
1195
959
953
938
1238
969
906
1277
1225
1387
1280
1037
1289
1028
1407
967
927
1400
941
1310
1260
1377
926
1320
1191
1401
996
946
1286
912
1420
1283
1182
1380
922
915
999
1456
909
1304
923
1413
1210
1211
930
1454
937
963
947
1457
1374
959
1265
921
974
941
965
1422
1010
920
1232
925
1426
1386
927
920
946
991
1271
1379
1461
1018
1269
1018
925
925
972
964
1015
927
1354
923
1367
933
1334
1497
1434
916
1006
1505
1441
919
911
999
967
976
1206
902
917
905
1303
991
1564
1330
941
1457
1372
1382
1271
1450
1430
1258
1244
1383
1409
1258
1245
909
1333
971
1233
1382
1414
949
1245
900
1390
1425
924
930
985
933
978
954
1339
975
983
975
1391
1310
1291
928
1455
965
931
1006
1355
949
919
908
922
960
1013
1434
1400
943
966
950
973
925
1193
920
1316
990
1014
989
1045
1282
1160
935
1424
1269
1236
906
913
1252
1210
975
1408
946
1282
969
1369
1201
1282
954
1390
1307
1051
988
1404
1323
1289
975
1465
1303
968
916
965
1008
1335
994
1201
967
1008
912
1410
1382
1154
1415
982
1256
1349
1527
1335
1356
909
2017
2051
1950
1837
2052
2044
1901
1889
2063
2161
1945
1981
2049
2126
1968
1977
2055
2032
1995
1821
2091
2054
1968
1931
2026
2148
2035
1849
2285
2110
2032
1989
2112
2122
2041
2035
2021
2125
2307
1903
2252
2172
2090
2025
2267
2287
2077
2033
2231
2213
2134
2333
2261
2245
1980
2098
2207
5168
4820
4544
5429
5206
4515
4551
5429
5480
4268
4558
5319
4878
869
1188
1303
900
857
893
925
892
844
939
1298
859
944
835
1288
1295
850
1202
902
942
1198
1043
1440
1241
861
847
871
1370
872
912
875
942
1205
923
841
1232
1172
846
1281
1369
1164
882
908
1277
884
1275
843
869
856
839
898
1366
1248
1185
1437
844
1176
881
1332
1269
848
1138
977
1283
861
870
857
873
840
1168
849
901
1185
871
1308
914
892
840
894
927
1170
887
872
1318
876
1277
855
1392
891
886
841
854
876
1156
1310
1306
866
1163
903
1242
927
928
1336
1224
883
1123
898
1942
1821
1725
2084
1897
1834
1735
2026
1850
1762
1750
1850
1827
1886
1792
2013
1886
1852
1843
1954
1947
1828
1829
2062
2035
1920
1917
2067
2040
2356
1804
2044
1934
1836
1784
1970
2050
1957
1777
1974
1992
2028
1898
2213
2087
2094
1995
2027
2216
2086
2094
2064
2209
2020
1977
2171
2145
2139
2067
2083
2161
2088
2084
2253
2298
2002
1939
2169
2157
2110
2040
2184
2200
2083
2155
2372
2324
2092
2206
2173
2333
2168
2148
2164
5012
4549
4545
5632
5282
4733
4163
5392
5252
5124
4624
5312
1524
936
1145
1335
1307
1300
863
858
1302
856
866
911
956
904
946
927
896
913
888
868
1274
1239
1008
855
915
1249
1263
1327
970
878
882
874
1332
890
1013
1327
1323
1313
1304
1394
1290
909
1148
1323
1246
1184
1195
1306
1260
1246
1230
931
869
888
868
877
885
853
940
915
853
914
949
929
952
894
906
855
860
1302
1136
1372
903
860
1246
1318
1322
1201
859
915
851
848
942
1357
1299
1192
1217
891
933
1199
1220
862
1180
902
918
893
963
855
1265
862
1153
1291
1137
847
860
1210
1336
918
1962
1819
1802
1916
1645
1885
1789
1930
1823
1851
1811
1960
1981
1943
1776
2002
1827
1858
1848
1923
1901
1908
1852
1954
2043
1928
1829
2081
2082
1957
1820
2043
1946
1907
1880
2068
2099
2011
1932
2088
2247
1991
1915
2089
1960
1977
1973
2133
2353
1894
2106
2169
2234
1949
1974
2044
2074
2030
2031
2107
2229
2161
2104
2228
2257
2122
2082
2140
2248
2076
2139
2265
2282
2147
2011
2281
2181
2101
2020
2356
2228
2167
2106
2213
5401
4821
4623
5283
6515
4658
4457
5275
5264
4291
4618
5467
1480
907
861
900
1354
922
1311
892
877
873
1156
1422
950
931
1193
911
1346
1214
880
879
912
880
875
916
948
1218
1155
951
1426
1219
1251
923
1362
888
1223
1336
888
925
1025
1161
1027
948
1024
1385
1427
1274
973
889
901
1293
1160
1364
1326
911
893
1226
1345
972
907
884
1375
1213
995
1408
1338
1205
980
869
957
1270
1195
893
879
1158
1241
870
1326
887
1178
1413
910
903
1221
905
879
1273
948
1381
924
908
942
959
970
1325
1260
1447
968
939
881
876
872
1294
894
868
1334
1268
1283
1419
2022
1774
1911
1974
1945
1925
1842
2045
2014
1910
1790
1997
2034
1935
1827
2108
1883
1874
1856
2007
2043
1889
1912
2065
2145
1860
1954
2085
2094
1997
1857
2033
2009
1971
1868
2114
2091
1980
1968
2122
2108
1947
2025
2051
2199
2039
2024
2109
2176
2005
1963
2087
2210
2071
2274
2162
2168
1513
