8201
3537
2017
2948
2901
3605
3171
3016
3559
3117
3502
2793
2820
3478
3194
3692
2851
3785
2972
3393
3084
3466
2961
3684
2865
2922
3562
2692
3316
2519
3366
2648
3115
2754
3189
2413
3299
2539
3306
2664
3085
2773
3195
2450
3195
2560
3412
2619
3075
2763
3183
2424
3172
2526
3301
2654
3097
2741
3195
2447
3315
2563
3423
2676
3107
2766
3083
2480
3380
2525
3305
2635
3117
2729
3166
2261
3290
2567
3308
2643
3137
2762
3147
2434
3365
2510
3444
2639
3211
2750
3210
2451
2938
3785
2834
2899
2497
2840
2574
3050
3994
3188
2788
3240
2296
3425
2570
3042
2700
3008
3051
2624
3097
2768
3174
2458
3316
2521
3302
2452
3105
2761
2844
3087
2683
3038
2790
3145
2466
3373
2598
3051
2713
3138
2827
3216
2479
3202
2847
2445
3348
2563
3416
2612
3077
2727
3170
2450
3329
2538
3501
2450
3106
2780
3173
2451
3132
2578
3412
2649
3110
2721
3117
2451
3260
2344
3393
2669
3067
2734
3177
2442
3410
2414
3285
2637
3026
2763
3169
2235
3275
2551
3399
2660
3109
2726
3184
2421
3330
2568
3295
2694
3080
2729
3082
2414
3298
2525
3414
2625
3020
2734
3200
2458
3277
2535
3447
2622
3070
2717
3132
2441
3303
2547
3426
2609
3089
2760
3186
2455
3269
2541
3309
2652
3062
2737
3224
2421
3292
2539
3395
2609
2999
2762
3200
2446
3401
2529
3384
2611
3094
2722
3263
2305
3280
2334
3440
2659
3048
2747
3191
2426
3286
2585
3394
2658
2715
2754
3203
2442
3365
2555
3386
2429
3065
2761
3168
2442
3317
2510
3414
2631
3100
2746
3214
2441
3309
2564
3302
2661
3093
2729
3172
2463
3175
2533
3408
2655
3110
2773
3186
2240
3287
2513
3433
2664
3078
2738
3297
2466
3277
2558
3410
2616
3080
2741
3174
2420
3173
2535
3378
2614
3099
2763
3278
2414
3323
2526
3299
2617
3067
2758
3163
2419
3319
2542
3506
2675
3060
2631
3195
2423
3314
2548
3409
2640
3016
2718
3186
2440
3303
2572
3414
2657
2991
2769
3316
2464
3303
2517
3405
2621
3076
2749
3112
2457
2963
2577
3392
2613
3109
2727
3198
2414
3281
2339
3421
2644
3078
2767
3213
2433
3351
2527
3530
2619
3078
2750
3315
2444
3303
2549
3365
2612
3104
2779
3175
2251
3266
2550
3425
2620
3038
2737
3240
2251
3292
2529
3463
2529
3056
2770
3169
2418
3291
2557
3282
2629
3104
2729
3197
2459
3269
2336
3415
2617
3099
2754
3193
2425
3325
2517
3294
2678
3061
2755
3197
2456
3295
2549
3411
2639
3068
2749
3115
2449
3337
2538
3439
2632
3067
2750
3165
2420
3276
2572
3340
2620
3013
2718
2828
2460
3292
2543
3376
2675
3066
2756
3174
2475
3326
2356
3443
2617
3088
2739
3232
2433
3270
2525
3468
2675
3096
2727
3188
2448
3278
2550
3398
2664
3103
2763
3164
2459
3329
2544
3535
2678
3075
2726
3176
2464
3334
2525
3477
2687
3079
2718
3189
2477
3348
2521
3401
2624
3069
2740
3196
2428
3402
2573
3371
2638
3064
2759
3218
2470
3343
2559
3404
2622
3062
2618
3102
2239
3163
2572
3391
2609
3096
2722
3084
2441
3388
2526
3374
2621
3097
2753
3307
2312
3289
2533
3391
2663
3075
2742
3195
2466
3313
2512
3424
2625
3077
2771
3168
2452
3355
2530
3435
2522
3003
2752
3198
2454
3170
2572
3304
2619
3087
2733
3094
2461
3318
2522
3427
2648
3095
2736
3092
2444
3326
2515
3382
2634
3096
2746
3199
2462
3383
2568
3382
2622
3058
2750
3172
2485
3169
2576
3046
2631
3112
2778
3255
2464
2962
2574
3487
2626
2988
2785
3101
2479
3210
2334
3308
2444
2749
2615
3109
2268
3277
2317
3389
2402
3102
2723
3209
2413
3329
2294
3461
2613
3088
2715
3202
2479
3321
2531
3378
2629
3206
2779
3204
2478
3190
2546
3424
2612
3091
2774
3185
2472
3263
2575
3448
2623
2981
2753
3166
2449
3357
2564
3419
2618
3060
2740
3181
2438
3361
2525
3417
2638
3103
2745
3190
2439
3340
2523
3450
2625
3104
2729
3108
2418
3309
2537
3390
2612
3090
2771
3076
2421
3292
2554
3411
2679
3009
2756
3274
2412
3328
2524
3410
2524
2989
2718
3182
2264
3330
2538
3286
2642
3062
2747
3204
2255
3311
2513
3408
2618
3074
2728
3176
2455
3275
2541
3437
2627
3101
2744
3155
2462
3395
2568
3377
2642
3111
2729
3214
2437
3302
2522
3362
2631
3118
2754
3185
2422
3313
2557
3397
2676
3050
2772
3196
2451
3268
2565
3367
2661
3092
2769
3193
2443
3323
2525
3370
2612
3072
2739
3209
2416
3304
2563
3425
2663
3100
2750
3220
2443
3213
2511
3273
2615
3129
2722
3232
2256
3277
2330
3286
2616
3118
2727
3106
2410
3294
2359
3457
2628
3093
2761
3181
2458
3267
2538
3368
2646
3085
2767
3225
2460
3302
2511
3365
2616
3203
2742
3097
2436
3223
2552
3404
2614
3078
2735
3237
2457
3418
2572
3454
2666
3058
2757
3175
2459
3303
2533
3498
2668
3059
2755
3199
2477
3301
2592
3303
2624
3091
2789
3202
2419
3315
2561
3289
2635
3113
2632
3204
2405
3329
2353
3470
2630
3121
2730
3191
2439
3287
2558
3413
2656
3084
2748
3101
2452
3290
2546
3500
2629
3063
2724
3091
2441
3292
2524
3277
2685
3075
2752
3296
2425
3276
2539
3398
2627
3044
2771
3216
2424
3255
2548
3465
2628
3089
2751
3083
2430
3287
2362
3402
2613
3063
2763
3192
2418
3285
2516
3352
2629
3113
2761
3091
2421
3324
2587
3411
2668
3097
2723
3124
2464
3267
2517
3392
2451
3007
2790
3176
2447
3327
2543
3493
2710
3004
2766
3189
2474
3422
2551
3371
2522
3059
2738
3189
2440
3337
2532
3385
2449
3057
2749
3164
2416
3188
2523
3372
2640
3101
2736
3289
2428
3348
2400
3433
2676
3057
2731
3198
2426
3283
2549
3302
2645
3114
2747
3196
2431
3276
2550
3431
2641
3099
2731
3196
2414
3281
2550
3525
2701
2919
