6390
1176
1201
1198
1046
1312
941
1273
1141
1368
940
1142
937
1284
1123
1330
1083
1146
1082
1141
1070
1133
1115
1458
1085
1135
1140
1285
937
1143
1076
1133
936
1142
1080
1286
1141
1143
1079
1272
1022
1465
953
1326
936
1288
943
1280
1077
1285
939
1146
1121
1141
1075
1145
1088
1135
932
1154
1129
1134
1071
1136
1082
1144
1070
1231
1074
1282
1081
1336
1077
1258
1094
1436
1056
1139
1075
1325
1086
1134
942
1328
937
1256
1265
1168
943
1138
1078
1471
1078
1138
935
1231
942
1138
1075
1146
1109
1287
943
1141
946
1243
946
1282
1134
1143
1076
1447
1115
1142
942
1140
937
1258
1050
1287
939
1137
1078
1287
950
1284
942
1284
1081
1134
948
1138
1071
1132
1123
1140
990
1290
1086
1283
931
1281
941
1143
1078
1138
937
1365
936
1132
929
1253
1090
1139
1053
1345
1137
1144
1076
1145
930
1278
1093
1136
1081
1312
1248
1313
1288
1138
935
1142
1074
1288
1080
1282
1135
1284
1139
1293
1091
1139
1083
1292
939
1135
942
1141
934
1282
1079
1321
1125
1145
1083
1151
950
1144
1076
1326
1075
1135
1073
1282
1087
1137
1118
1137
1133
1137
1073
1250
938
1284
1075
1145
1081
1138
939
1288
1123
1293
938
1236
1084
1136
1081
1280
1079
1139
1072
1290
942
1162
1139
1150
934
1283
1085
1143
939
1275
1077
1144
1083
1275
940
1131
1127
1491
1143
1291
937
1141
1079
1437
950
1317
936
1138
1043
1280
1074
1277
1080
1138
1054
1282
1085
1139
1056
1231
946
1140
1107
1142
1071
1137
1075
1233
1092
1149
942
1277
943
1286
943
1310
948
1140
944
1255
936
1136
935
1372
941
1137
1074
1143
1049
1259
1075
1251
1077
1136
944
1144
1079
1134
1072
1434
1080
1131
1088
1283
940
1144
939
1276
1127
1143
1087
1280
940
1140
942
1277
941
1276
1084
1240
938
1132
1080
1431
1143
1142
939
1149
937
1286
1077
1342
1091
1139
939
1258
936
1134
1055
1142
948
1281
1134
1140
930
1140
1045
1334
1086
1290
1079
1391
1125
1133
1080
1322
938
1136
939
1282
1080
1142
1073
1146
944
1139
1079
1197
1103
1139
933
1322
1076
1133
934
1431
939
1284
945
1193
939
1275
1123
1148
1074
1286
938
1142
1127
1136
937
1480
1134
1278
1085
1143
1047
1277
944
1280
947
1260
1120
1436
941
1137
1072
1234
1127
1139
1071
1329
1079
1279
940
1273
934
1276
942
1283
948
1279
945
1481
1076
1135
931
1279
1081
1136
1087
1145
934
1279
936
1283
1082
1133
1081
1283
941
1135
1104
1137
1081
1133
1096
1277
1110
1287
1129
1328
942
1296
938
1147
1133
1140
1125
1163
938
1134
937
1141
1073
1246
1075
1245
936
1284
942
1283
942
1144
1076
1374
1096
1441
941
1231
938
1273
1077
1140
941
1141
939
1280
934
1336
941
1284
1089
1142
941
1440
1073
1281
935
1140
1111
1134
1052
1141
939
1283
942
1277
1226
1291
1021
1431
1082
1153
1084
1236
1132
1138
935
1310
933
1143
940
1426
1058
1229
1081
1152
941
1140
939
1409
1126
1137
933
1433
1080
1189
1080
1216
1087
1139
941
1433
1072
1138
941
1484
1082
1249
935
1239
1101
1138
930
1278
1077
1328
936
1283
1072
1143
939
1482
1076
1137
950
1322
1124
1134
1070
1232
1082
1137
1097
1143
1078
1146
936
1141
933
1284
940
1146
1083
1135
935
1402
943
1277
1107
1435
1123
1289
937
1278
1078
1324
941
1290
940
1161
1091
1406
937
1277
937
1204
1081
1136
1111
1136
1083
1139
1082
1145
934
1294
941
1145
1090
1144
1104
1275
934
1136
1071
1136
1086
1255
935
1330
936
1285
1077
1144
1092
1143
1078
1179
1078
1281
931
1147
944
1281
1077
1281
1098
1283
947
1141
1136
1141
940
1470
1121
1145
1073
1434
952
1281
1049
1279
1073
1136
1077
1270
1081
1430
950
1289
1082
1284
940
1432
944
1138
939
1317
933
1283
933
1252
942
1147
1240
1431
945
1295
941
1145
1083
1136
1120
1236
1076
1142
1106
1143
1074
1286
941
1233
1122
1280
946
1141
949
1284
943
1143
934
1137
1070
1430
945
1137
1118
1193
1116
1139
1061
1135
947
1139
1082
1145
942
1140
1230
1275
942
1260
935
1142
933
1146
1080
1236
943
1137
1084
1321
1076
1140
943
1144
943
1129
1077
1281
933
1136
1074
1329
1119
1293
939
1147
1081
1258
937
1236
944
1139
1134
1139
1086
1132
1077
1138
1130
1285
1084
1139
941
1289
1081
1285
1085
1141
1088
1342
1073
1269
935
1140
1073
1136
1051
1315
943
1143
1118
1275
1096
1139
1125
1322
937
1147
933
1136
1101
1294
1290
1242
950
1142
1089
1275
1082
1334
949
1288
942
1145
937
1147
940
1136
1078
1280
1071
1251
1111
1404
1054
1138
943
1280
1079
1141
1074
1280
1087
1139
1054
1327
1071
1143
1072
1257
1077
1138
943
1136
1074
1281
939
1417
1082
1139
1081
1145
1075
1278
1070
1437
1126
1143
941
1355
939
1147
933
1274
1046
1278
941
1288
1083
1142
940
1276
937
1137
1072
1237
1082
1147
937
1279
1125
1287
1084
1280
941
1136
1125
1432
945
1271
938
1140
1115
1275
1073
1436
1138
1286
938
1239
941
1143
1126
1287
1121
1139
1083
1286
1076
1133
1077
1310
1119
1276
1077
1474
937
1137
937
1282
1056
1349
1079
1299
938
1137
935
1316
1072
1135
937
1241
943
1281
938
1135
939
1285
1079
1286
1078
1287
1079
1279
1133
1131
1135
1425
956
1289
1074
1143
1123
1234
1096
1149
1080
1140
1132
1291
1077
1281
1089
1142
1067
1134
1048
1139
941
1333
1061
1278
940
1284
1046
1276
940
1285
934
1137
1070
1144
1077
1151
1135
