11175
1338
1251
1818
1271
1493
1571
1245
1397
1668
1748
1655
1308
1236
1554
1254
1349
1537
1585
1757
1741
1734
1955
1660
1706
1642
1710
1686
1696
1674
1835
1766
1595
1536
1829
1799
1712
1730
1738
1762
1597
1550
1848
1869
1635
1561
1883
1676
1742
1652
1720
1738
1598
1695
1874
1906
1634
1543
1853
1820
1625
1639
1734
1743
1636
1717
1888
1722
1616
1710
1855
1702
1706
1647
1895
1678
1702
1505
1792
1755
1746
1543
1748
1795
1714
1703
1837
1653
1597
1574
1946
1827
1708
1662
1884
1724
1739
1654
1844
1759
1840
1611
1713
1781
1740
1541
1713
1670
1657
1644
1897
1782
1704
1661
1771
1663
1695
1608
1710
1727
1707
1672
1729
1819
1723
1713
1727
1801
1593
1667
1842
1808
1736
1537
1831
1719
1619
1593
1893
1753
1598
1597
1860
1895
1770
1656
1777
1706
1742
1667
1880
1741
1847
1556
1731
1692
1785
1610
1793
1712
1800
1728
1875
1712
1737
1608
1832
1807
1729
1597
1716
1652
1726
1698
1858
1780
1747
1546
1866
1771
1611
1763
1730
1774
1761
1748
1770
1703
1751
1719
1833
1791
1708
1669
1741
1876
1746
1595
1717
1712
1666
1718
1846
1778
1608
1667
1783
1782
1748
1666
1763
1686
1649
1716
1894
1820
1722
1579
1839
1829
1741
1634
1899
1826
1757
1654
1879
1709
1726
1804
1844
1841
1765
1559
1577
1761
1709
1642
1780
1791
1756
1643
1836
1828
1713
1656
1776
1753
1710
1698
1865
1658
1709
1639
1832
1832
1755
1580
1763
1785
1682
1739
1944
1854
1701
1759
1748
1807
1603
1728
1859
1687
1585
1883
1829
1786
1710
1613
1833
1717
1733
1630
1849
1818
1734
1606
1861
1777
1673
1646
1834
1790
1747
1652
1813
1646
1707
1588
1880
1770
1729
1617
1883
1903
1735
1587
1783
1673
1743
1674
1828
1663
1793
1615
1913
1835
1691
1662
1784
1809
1586
1673
1755
1764
1588
1681
1868
1672
1642
1647
1828
1851
1768
1603
1728
1749
1750
1880
1913
1741
1605
1616
1846
1748
1612
1696
1859
1703
1598
1687
1865
1764
1907
1622
1833
1663
1668
1727
1905
1716
1644
1599
1728
1722
1749
1576
1893
1757
1745
1636
1718
1948
1654
1600
1784
1696
1666
1613
1769
1773
1728
1727
1834
1815
1667
1707
1740
1714
1749
1649
1915
1786
1739
1673
1769
1761
2235
2148
2320
2320
2176
2171
2322
2309
2285
2211
2372
2440
2252
2231
2542
2284
2303
2214
2288
2364
2276
2250
2289
2380
2267
2330
2319
2384
2289
2160
2402
2344
2284
2263
2404
2430
2342
2300
2513
2487
2293
2309
2552
2532
2405
2344
2469
2563
2460
2423
2504
2599
2436
2428
2592
2565
2505
2441
2548
2588
2444
2428
2676
2629
2489
2506
2690
2641
2392
2366
2604
2567
2579
2460
2706
2567
2452
2343
2671
2690
2526
2558
2665
2509
2594
2598
2742
2699
2520
2491
2656
2649
2590
2562
2735
2778
2561
2647
2715
2687
2539
2444
2708
2731
2409
2663
2760
2840
2523
2686
2853
2757
2673
2767
2851
2669
2641
5512
6342
6211
7050
5850
6299
6226
5829
5547
6570
6342
5785
3459
1613
1110
1550
1426
1154
1184
1106
1136
1205
1145
1138
1156
1182
1137
1126
1383
1569
1232
1151
1127
1183
1544
1491
1474
1114
1551
1221
1391
1152
1234
1573
1310
1165
1550
1169
1144
1108
1110
1158
1112
1621
1515
1437
1441
1118
1245
1143
1196
1176
1512
1111
1490
1150
1585
1129
1134
1115
1501
1163
1127
1575
1215
1133
1146
1209
1143
1444
1105
1112
1166
1580
1454
1157
1190
1167
1509
1115
1551
1215
1236
1106
1140
1443
1391
1568
1683
1550
1427
1591
1118
1108
1438
1579
1155
1440
1108
1169
1566
1224
1427
1641
1570
1119
1451
1577
1506
1570
2063
2208
2196
2116
2037
2156
2150
2025
2068
2206
2182
2048
2044
1841
2224
2230
2213
2050
2312
2200
2105
2234
2179
2064
2077
2824
2311
2473
2461
2357
2295
2110
2431
2382
2258
2344
2409
2378
2359
2253
2454
2399
2406
2247
2075
2446
2524
2197
2289
2461
2484
2256
2247
2377
2366
2243
2242
2370
2345
2174
2361
2590
2558
2370
2644
2523
2474
2270
2318
2525
2460
2857
2341
2583
2575
2465
2716
2582
2444
2517
2846
2560
2688
2508
2441
2639
2706
2539
2392
2719
2447
2500
2497
2696
2720
2698
2796
2844
2720
2670
2612
2620
2671
2646
2469
2672
2747
2685
2481
2714
2821
2627
2516
2770
2899
2529
2558
2678
2656
2500
2592
2749
2549
2663
2643
2752
2749
2640
2765
2734
2801
2585
2632
2879
2892
2566
2705
2834
2820
2703
2851
2910
2926
2648
2637
2893
2885
2934
2694
2777
2956
2947
2830
2838
2824
2669
5482
6257
6151
5783
6328
6291
5814
5483
5580
6344
6917
5894
1886
1544
1183
1449
1513
1657
1492
1513
1341
1657
1173
1535
1494
1203
1480
1457
1440
1797
1580
1529
1300
1165
1603
1110
1598
1773
1580
1231
1179
1130
1405
1432
1169
1179
1156
1169
1182
1638
1621
1452
1500
1813
1569
1682
1543
1223
1680
1620
1445
1611
1920
1501
1480
1470
1808
1178
1476
1162
1551
1515
1213
1158
1166
1129
1501
1455
1614
1508
1363
1633
1447
1637
1193
1162
1492
1607
1440
1618
1562
1489
1369
1185
1542
1647
1159
1599
1549
1469
1151
1647
1550
1513
1428
1466
1629
1218
1464
1170
1169
1165
1190
1139
1472
1294
1452
1475
1467
1108
2084
2652
2192
2053
1973
2146
2060
2019
2445
2229
2112
2289
2041
2239
2267
2604
2156
2556
2188
2171
2037
2205
2127
2546
2305
2307
2177
2404
2462
2397
2427
2242
2195
2310
2362
2568
2291
2393
2310
2262
2654
2588
2289
2227
2206
2595
2417
2289
2277
2457
2499
2335
2309
2385
2691
2649
2328
2495
2448
2631
2610
2599
2490
2708
2700
2453
2400
2484
2819
2492
2889
3079
2423
2543
2602
2700
2430
2680
2510
2400
2548
2545
2574
3175
2793
2525
2613
2749
2363
2785
2721
2036
