6487
1544
720
696
1707
1597
1706
1585
1445
1700
1598
1337
1719
1534
1859
1470
1322
1743
1620
1395
1664
1430
1749
1559
1466
1731
1600
1442
1674
1459
1831
1560
1565
1755
1596
1446
1636
1327
1756
1447
1246
1543
1418
1249
1601
1268
1604
1427
1175
1517
1473
1222
1568
1507
1737
1622
1178
1695
1593
1312
1519
1593
1785
1588
1513
1638
1636
1338
1587
1601
1610
1520
1398
1779
1562
1446
1662
1501
1802
1541
1517
1750
1618
1430
1686
1517
1253
1460
1427
1485
1476
1379
1472
1480
1828
1574
1519
1728
1564
1471
1582
1279
1731
1566
1272
1585
1645
1257
1603
1480
1780
1628
1363
1757
1326
1458
1622
1550
1668
1239
1422
1724
1571
1390
1633
1280
1156
1423
1444
1700
1553
1468
1673
1385
1720
1642
1463
1727
1516
1424
1607
1478
1756
1645
1503
1684
1557
1440
1604
1471
1833
1606
1327
1723
1492
1475
1512
1599
1717
1531
1289
1682
1651
1467
1633
1596
1805
1577
1295
1684
1297
1441
1528
1533
1702
1250
1273
1675
1665
1416
1633
1490
1775
1658
1485
1728
1561
1413
1605
1472
1860
1550
1450
1506
1503
1254
1651
1602
1568
1474
1455
1288
1644
1456
1619
1482
1791
1635
1460
1546
1547
1377
1291
1497
1832
1632
1444
1751
1559
1480
1505
1295
1684
1643
1483
1711
1595
1426
1637
1468
1705
1542
1469
1547
1246
1354
1290
1252
1704
1548
1439
1789
1583
1501
1597
1594
1806
1558
1541
1732
1289
1291
1235
1604
1716
1651
1482
1727
1283
1368
1660
1502
1774
1547
1472
1780
1598
1423
1727
1546
1810
1603
1535
1781
1556
1505
1511
1480
1772
1600
1515
1646
1298
1454
1632
1524
1812
1641
1265
1704
1556
1429
1720
1553
1238
1432
1408
1791
1507
1456
1658
1603
1752
1557
1543
1785
1294
1463
1725
1594
1807
1226
1297
1669
1637
1461
1599
1284
1730
1537
1480
1815
1618
1308
1288
1266
1762
1576
1541
1732
1608
1421
1690
1532
1737
1678
1495
1666
1523
1405
1602
1482
1266
1245
1445
1571
1577
1482
1667
1282
1691
1510
1417
1740
1283
1356
1633
1506
1762
1626
1513
1786
1588
1450
1703
1526
1296
1556
1510
1740
1536
1484
1532
1602
1804
1631
1296
1523
1667
1469
1612
1590
1827
1641
1452
1707
1658
1436
1612
1470
1756
1618
1492
1738
1562
1497
1602
1606
1750
1546
1463
1730
1277
1284
1612
1494
1765
1546
1492
1752
1618
1452
1593
1586
1252
1676
1485
1777
1655
1484
1506
1493
1752
1259
1398
1694
1555
1454
1626
1462
1279
1607
1569
1250
1593
1455
1575
1545
1753
1235
1499
1557
1497
1377
1700
1459
1819
1579
1513
1741
1304
1361
1740
1552
1796
1666
1489
1665
1561
1408
1657
1502
1821
1576
1554
1679
1514
1244
1653
1494
1711
1579
1447
1773
1291
1276
1298
1525
1788
1623
1447
1804
1621
1412
1653
1520
1800
1594
1252
1670
1578
1401
1674
1511
1776
1255
1495
1769
1551
1455
1691
1499
1810
1585
1548
1765
1628
1361
1676
1549
1775
1571
1544
1706
1314
1426
1598
1283
1727
1651
1504
1699
1547
1418
1586
1511
1843
1602
1554
1749
1609
1387
1689
1487
1735
1544
1469
1749
1557
1453
1631
1579
1790
1260
1512
1738
1639
1445
1575
1474
1710
1452
1406
1712
1602
1421
1701
1295
1735
1599
1508
1768
1354
1366
1465
1505
1751
1630
1480
1754
1546
1513
1605
1472
1867
1585
1267
1790
1549
1465
1702
1302
1690
1636
1458
1714
1564
1399
1602
1601
1828
1541
1477
1725
1284
1351
1668
1560
1784
1603
1476
1695
1525
1397
1698
1480
1831
1571
1532
1743
1569
1416
1255
1247
1722
1538
1448
1819
1585
1402
1258
1556
1816
1577
1447
1730
1563
1485
1501
1288
1739
1532
1499
1749
1640
1484
1604
1505
1725
1644
1500
1763
1557
1425
1252
1592
1783
1581
1525
1660
1643
1448
1697
1288
1690
1545
1465
1720
1632
1465
1631
1476
1773
1555
1456
1295
1640
1292
1641
1501
1297
1233
1418
1674
1542
1508
1569
1484
1825
1556
1559
1537
1499
1405
1676
1587
1751
1246
1500
1790
1294
1300
1742
1518
1786
1633
1461
1135
1541
1397
1737
1582
1828
1620
1291
1785
1543
1500
1593
1571
1832
1583
1448
1676
1294
1380
1734
1532
1808
1659
1500
1670
1548
1423
1736
1528
1746
1597
1506
1724
1538
1393
1698
1505
1731
1528
1472
1748
1581
1436
1715
1602
1840
1680
1295
1578
1272
1339
1723
1524
1789
1616
1497
1696
1531
1462
1270
1239
1804
1576
1537
1713
1301
1456
1587
1309
1727
1242
1316
1712
1648
1448
1642
1501
1827
1651
1464
1697
1517
1419
1688
1556
1798
1634
1279
1761
1534
1301
1293
1244
1771
1587
1441
1767
1593
1461
1605
1481
1817
1570
1561
1751
1567
1496
1595
1585
1809
1572
1298
1702
1649
1463
1606
1595
1798
1237
1478
1671
1557
1388
1713
1506
1797
1577
1497
1774
1575
1297
1662
1304
1738
1538
1435
1749
1663
1428
1605
1502
1780
1610
1461
1724
1542
1462
1622
1598
1822
1650
1252
1643
1639
1492
1601
1298
1740
1628
1484
1562
1518
1345
1734
1503
1307
1217
1287
1283
1508
1284
1624
1600
1765
1661
1486
1721
1313
1342
1688
1460
1780
1582
1466
1748
1574
1290
1636
1271
1713
1568
1541
1714
1659
1452
1723
1507
1754
1586
1485
1772
1571
1427
1677
1511
1246
1599
1561
1217
1616
1415
1652
1603
1802
1650
1466
1712
1310
1344
1298
1584
1818
1679
1514
1778
1606
1491
1601
1462
1826
1611
1568
1751
1556
1279
1641
1595
1265
1267
1305
1668
1663
1454
1608
1471
1757
1656
1454
1777
1545
1412
1683
1496
1826
1560
1482
1731
1559
1325
1645
1595
1846
1568
1490
1585
1293
1461
1625
1580
1781
1673
1498
1748
1557
1427
1748
1537
1778
1578
1489
1725
1574
1489
1594
1287
1705
1541
1501
1749
1644
1231
1657
1607
1731
1651
1495
1741
1294
1370
1631
1458
1759
1581
1557
