10749
747
729
720
871
1049
768
1033
763
714
725
831
1043
852
849
730
972
762
710
736
737
755
717
706
1124
715
1214
1175
722
1044
717
733
753
741
719
1144
720
978
1039
1036
789
726
758
754
749
737
992
1083
710
710
1029
1156
725
730
749
1066
1069
736
712
722
1058
753
728
786
1051
1108
1060
1076
1176
736
1228
727
730
744
1040
757
717
737
1072
1108
1077
714
710
761
738
736
753
759
784
746
1023
726
749
738
743
760
873
744
797
1108
742
1032
1191
1065
801
1177
1046
1148
1163
1076
704
938
1179
891
1021
1112
793
726
1046
1149
1237
1095
1128
1115
713
880
1094
762
1165
1204
869
1093
1103
730
792
704
1094
814
1025
826
1109
730
778
1043
725
1098
1098
738
788
773
1037
790
907
772
724
1162
1101
1163
1137
711
1042
743
1056
1156
1111
1085
1199
885
1071
741
799
744
1052
721
1037
1108
1023
835
814
713
1037
754
796
754
1026
848
751
770
776
754
1052
748
809
702
854
947
1064
759
832
767
747
1067
842
705
846
1031
843
850
722
1054
720
842
762
764
729
921
824
1139
1023
739
731
723
719
746
1032
731
1121
1123
1087
1023
907
737
1003
757
1023
1080
736
735
753
733
745
760
761
735
728
776
796
1051
730
1108
1036
994
1043
1117
745
733
735
732
741
739
1028
772
734
727
754
723
728
733
801
770
1082
743
747
1054
763
739
743
746
1087
999
1049
1048
727
725
1055
759
897
1079
762
767
1122
1034
715
1056
1054
748
1046
724
743
740
755
760
860
734
739
1098
735
722
735
703
1081
1050
772
726
776
756
1064
751
786
934
760
1070
787
1029
735
747
739
727
755
782
1062
771
1057
1110
767
1037
735
1046
766
735
745
1066
1075
927
728
1026
761
736
742
1073
755
742
759
775
759
738
734
742
734
769
725
1051
748
758
748
735
1145
751
1116
1024
1028
1092
1036
765
718
938
735
739
735
1036
756
742
733
752
748
1046
1110
727
1020
737
714
792
736
1128
3879
3900
3865
3637
3927
3695
3761
3862
3757
3624
3814
3735
3702
3664
3609
3460
3663
3711
3669
3689
3611
3469
3690
3672
3683
3639
3776
3720
3626
3631
3725
3731
3649
3708
3704
3622
3653
3565
3443
3673
3594
3602
3651
3708
3645
3644
3585
3570
3324
3416
3632
3635
3591
3632
3757
3655
3719
3274
3700
3861
3731
3664
3800
3595
3777
3608
3658
3598
3706
3774
3666
3437
3682
3663
3758
3798
3753
3584
3224
3586
3650
3516
3592
3617
3569
3576
3663
3708
3578
3559
3345
3665
3635
3571
3691
3709
3550
3624
3732
3755
3560
3664
3721
3424
3767
3804
3377
3290
3691
3681
3606
3654
3639
3609
3608
3642
3691
3804
3543
3551
3295
3618
3701
3584
3486
3598
3533
3365
3727
3677
3653
3652
3620
3405
3624
3719
3381
3474
3563
3661
3678
3701
3603
3507
3616
3566
3631
3604
3432
3609
3675
3615
3661
3554
3389
3698
3690
3663
3686
3764
3309
3457
3545
3498
3374
5987
3541
3636
3386
3516
3641
3782
3661
3332
3657
3614
3669
5652
3546
3390
3330
3695
3573
3745
3454
3584
3598
3409
3586
6049
3629
3661
3666
3686
3614
5537
3419
3589
3524
3102
3502
5573
3552
3636
3608
3544
3627
5875
3640
3680
3696
3537
3509
5326
3687
3584
3551
3591
3633
5463
3578
3552
3526
3564
3539
4836
3493
3525
3570
3479
3651
5383
3595
3580
3496
3566
3642
5499
3584
3085
3414
3495
3643
5176
3583
3351
3660
3326
3574
4864
3606
3616
3539
3271
3625
5130
3674
3519
3513
3535
3513
4832
3686
3364
3532
3508
3563
3930
3573
3639
3724
3695
3606
4843
3548
3564
3603
3610
3597
5002
3657
3605
3470
3624
3582
4378
3572
3581
3604
3511
3501
4427
3444
3517
3612
3629
3592
4546
3549
3496
3610
3496
3608
4189
3581
3325
3483
3654
3615
3776
3843
3561
3660
3631
3528
4030
2932
3455
3540
3540
3549
4442
3717
3616
3600
3604
3552
4053
3592
3488
3485
3185
3523
4159
3687
3710
3627
3592
3619
4116
3393
3537
3522
3270
3529
3943
3578
3329
3361
3438
3679
3869
3729
3386
3677
3568
3570
3332
3617
3654
3598
3531
3448
3867
3615
3524
3582
3607
3598
2724
3603
3606
3641
3600
3558
3901
3617
3554
3474
3402
3575
3480
3000
3331
3556
3200
3259
3680
3536
3278
3552
3246
3529
3434
3440
3159
3592
3554
3596
3612
3548
3374
3553
3594
3603
3539
3520
3530
3476
2863
3398
3582
3579
3434
3575
3457
3272
3382
3522
3511
3371
3598
3186
3623
3514
3529
3483
3602
3395
3441
4097
3604
3380
3694
2931
3582
3768
3656
3586
3767
3781
3736
4248
1785
1741
1788
1747
1661
1581
1622
1755
1788
1620
1788
2242
1796
1811
1791
1723
1825
1583
1664
1795
1768
1854
1818
2256
1749
1693
1695
1731
1739
1559
1630
1700
1781
1608
1723
1661
1551
1207
1714
1132
1637
1692
1682
1744
1725
1197
1682
1477
1329
1805
1815
1773
1705
1678
1756
1642
1627
1856
1802
1660
1672
1737
1715
1784
1668
1699
1707
1541
1698
1690
1753
1628
1661
1865
1681
1801
1817
1795
1305
1726
1800
1770
1606
1828
1826
1582
1773
1803
1844
1838
1678
1777
1565
1757
1663
1697
1677
1751
1236
1932
1725
1721
1073
1665
1612
1801
1787
1739
5193
4658
4704
4136
4224
4135
4226
4116
4319
4150
4273
4018
4162
4104
3968
4004
3989
3947
4047
4123
3901
4032
3992
4078
3994
3988
3972
3948
3950
3871
3982
3910
3883
3996
3994
3771
3922
3870
3803
3842
3946
3883
3886
3893
4000
3944
3400
3935
3874
3867
3745
3795
3824
3787
3829
2378
