6784
944
890
1681
1965
1987
1651
1690
1735
1790
1830
1959
1936
2002
1647
1684
1735
1779
1825
1888
1958
1838
1640
1678
1730
1780
1886
1884
1934
1987
1649
1697
1733
1624
1759
1890
1941
1987
1642
1476
1742
1801
1844
1880
1931
1834
1635
1684
1734
1794
1831
1888
1932
1985
1492
1698
1740
1786
1832
1446
1935
1996
1641
1686
1744
1780
1842
1895
1938
1994
1634
1679
1729
1836
1834
1893
1939
1982
1634
1682
1747
1798
1833
1891
1942
1986
1477
1697
1731
1799
1828
1884
1931
1997
1638
1549
1760
1776
1844
1896
1941
1994
1631
1681
1764
1789
1851
1889
1942
1992
1655
1517
1740
1792
1826
1895
1939
1910
1638
1688
1733
1790
1835
1720
1963
1994
1636
1691
1586
1795
1840
1884
1939
1982
1626
1680
1732
1793
1842
1902
1941
1825
1648
1684
1738
1786
1834
1892
1940
1988
1627
1696
1600
1773
1834
1879
1965
1997
1635
1691
1742
1777
1833
1886
1933
1989
1509
1685
1735
1793
1855
1879
1936
2039
1643
1700
1729
1785
1826
1718
1947
1991
1474
1679
1728
1794
1845
1881
1941
1984
1636
1535
1759
1797
1828
1883
1805
1987
1639
1695
1756
1797
1833
1889
1934
1985
1629
1683
1757
1783
1835
1918
1946
1990
1634
1677
1732
1788
1825
1887
1938
1981
1640
1694
1728
1776
1836
1942
1961
1996
1636
1684
1730
1782
1694
1877
1933
2004
1636
1684
1733
1794
1850
1893
1939
1985
1633
1683
1803
1797
1851
1720
1935
1988
1628
1549
1728
1780
1836
1886
1931
2057
1632
1680
1732
1781
1850
1890
1962
2001
1633
1687
1580
1795
1821
1878
1955
1989
1639
1686
1734
1783
1674
1883
1960
1992
1462
1702
1740
1779
1833
1727
1933
1989
1631
1681
1753
1795
1835
1885
1934
1987
1638
1691
1747
1792
1837
1888
1932
1992
1619
1697
1757
1798
1834
1882
1933
1989
1631
1700
1743
1777
1864
1893
1942
1985
1634
1522
1575
1810
1891
1744
1952
2004
1636
1687
1728
1781
1831
1942
1958
1990
1639
1696
1750
1793
1828
1890
1927
1976
1633
1677
1733
1781
1830
1884
1777
2021
1647
1700
1733
1783
1828
1882
1941
1982
1641
1542
1760
1784
1838
1897
1939
1990
1631
1682
1740
1791
1851
1881
1927
1999
1632
1682
1733
1795
1848
1899
1936
1990
1638
1680
1726
1785
1826
1881
1930
1990
1637
1677
1736
1782
1836
1887
1950
1986
1632
1685
1735
1789
1826
1905
1995
1987
1634
1681
1730
1780
1826
1883
1934
1982
1633
1679
1733
1636
1854
1884
1943
1829
1656
1689
1728
1775
1836
1882
1949
1986
1635
1684
1737
1789
1820
1876
1936
1991
1631
1681
1735
1780
1829
1894
1934
1990
1635
1679
1574
1781
1826
1882
1934
1983
1643
1683
1735
1782
1834
1885
1961
1985
1635
1715
1729
1784
1859
1882
1935
1987
1478
1687
1752
1781
1834
1890
1937
1987
1640
1682
1731
1777
1824
1895
1957
1989
1640
1683
1741
1655
1839
1899
1795
1996
1654
1693
1736
1784
1832
1892
1932
1987
1629
1682
1746
1785
1831
1884
1929
1982
1483
1693
1734
1786
1837
1902
1935
1989
1628
1689
1722
1642
1836
1887
1926
1992
1650
1689
1723
1781
1833
1887
1935
1991
1647
1692
1790
1783
1832
1736
1954
1985
1633
1688
1732
1781
1836
1883
1948
1998
1647
1680
1731
1849
1844
1897
1956
1995
1473
1722
1729
1777
1838
1885
1939
2066
1660
1698
1570
1790
1830
1886
1939
1989
1501
1698
1734
1795
1851
1882
1939
2050
1638
1684
1736
1787
1822
1884
1937
2008
1632
1691
1726
1789
1896
1892
1931
1981
1642
1692
1732
1779
1909
1894
1928
1979
1642
1681
1761
1769
1830
1874
1941
1990
1628
1685
1747
1772
1845
1890
1934
1992
1645
1698
1752
1787
1841
1885
1944
2000
1635
1696
1735
1779
1852
1897
1927
1991
1493
1534
1770
1792
1834
1891
2006
1997
1645
1697
1750
1782
1832
1907
1947
1989
1630
1677
1752
1797
1833
1883
1935
1986
1471
1687
1736
1781
1832
1885
1945
1985
1759
1685
1757
1795
1864
1894
1941
1994
1642
1698
1725
1776
1832
1898
1963
1992
1637
1681
1736
1787
1828
1750
1960
1999
1632
1686
1762
1793
1837
1960
1946
1999
1631
1696
1752
1778
1838
1906
1926
1987
1631
1682
1757
1788
1842
1885
1933
1858
1637
1691
1739
1796
1850
1892
1935
1986
1492
1694
1747
1780
1838
1889
1933
2114
1635
1683
1735
1789
1831
1873
1928
1988
1687
1540
1754
1796
1860
1894
1960
1982
1633
1693
1733
1796
1848
1894
1955
1996
1636
1687
1738
1781
1848
1882
1940
1857
1635
1681
1751
1800
1853
1888
1943
1996
1639
1683
1735
1786
1831
1885
1938
1990
1644
1692
1727
1802
1845
1883
1938
1981
1633
1555
1743
1793
1857
1890
1934
1985
1629
1676
1593
1788
1853
1896
1958
1988
1642
1681
1731
1787
1833
1888
1939
1981
1632
1689
1635
1793
1855
1881
1934
1983
1629
1693
1758
1799
1849
1903
1936
1997
1631
1691
1739
1658
1840
1898
1930
2005
1636
1682
1745
1797
1837
1883
1933
1989
1634
1690
1740
1780
1850
1902
1939
1985
1626
1681
1747
1784
1867
1884
1949
1992
1629
1686
1732
1779
1677
1889
1933
1991
1637
1684
1731
1794
1826
1879
1933
2000
1642
1689
1730
1786
1827
1888
1928
2052
1632
1683
1734
1796
1836
1895
1939
1982
1633
1700
1758
1793
1837
1885
1934
2047
1647
1716
1735
1784
1857
1891
1953
2000
1629
1688
1730
1797
1834
1890
1954
1986
1633
1524
1740
1784
1851
1886
1790
2001
1630
1683
1741
1778
1897
1748
1943
1989
1483
1721
1723
1772
1831
1885
1942
1843
1671
1698
1737
1793
1836
1891
1945
1987
1625
1684
1726
1780
1829
1887
1934
1986
1643
1687
1729
1795
1834
1890
1938
1985
1635
1679
1736
1842
1831
1884
1937
1989
1646
1697
1725
1788
1825
1878
2041
1986
1632
1686
1737
1796
1848
1890
1946
1983
1467
1765
1808
