11429
1329
1266
1261
1437
1263
1741
1417
1607
1398
1735
1506
1252
1546
1274
1576
1590
1398
1869
1816
1710
1695
1868
1649
1730
1767
1745
1656
1756
1717
1887
1871
1723
1556
1851
1786
1720
1624
1752
1758
1688
1579
1821
1827
1814
1585
1863
1714
1874
1599
1964
1884
1640
1623
1868
1879
1872
1667
1851
1805
1737
1661
1903
1820
1786
1652
1787
1907
1694
1618
1792
1881
1629
1638
1726
1859
1758
1657
1853
1757
1894
1747
1815
1766
1701
1618
1838
1803
1732
1660
1761
1844
1649
1652
1839
1762
1784
1616
1837
1793
1670
1614
1898
1740
1729
1543
1845
1872
1607
1636
1873
1863
1667
1619
1818
1860
1683
1640
1881
1687
1701
1626
1836
1834
1709
1614
1856
1688
1726
1712
1731
1708
1703
1621
1577
1726
1746
1659
1835
1666
1709
1634
1789
1675
1702
1649
1810
1691
1761
1620
1843
1809
1716
1644
1919
1755
1751
1796
1838
1750
1991
1541
1759
1662
1645
1566
1740
1848
1735
1709
1770
1694
1685
1638
1825
1802
1693
1598
1920
1666
1811
1712
1914
1865
1756
1804
1845
1746
1648
1700
1814
1768
1701
1664
1911
1772
1796
1654
1755
1806
1661
1745
1890
1884
1612
1648
1896
1799
1766
1649
1801
1769
1789
1860
1873
1670
1860
1812
1853
1681
1711
1605
1892
1873
1722
1586
1841
1790
1775
1777
1853
1826
1613
1594
1865
1786
1755
1675
1769
1845
1712
1802
1771
1739
1935
1665
1723
1788
1601
1650
1850
1749
1794
1651
1862
1893
1732
1676
1711
1750
1598
1746
1703
1715
1725
1758
1826
1800
1716
1675
1720
1681
1835
1637
1787
1717
1698
1729
1899
1879
1709
1687
1820
1723
1672
1639
1851
1767
1695
1622
1727
1879
1741
1642
1843
1711
1602
1638
1688
1909
1778
1569
1752
1866
1643
1797
1818
1731
1610
1663
1786
1870
1815
1598
1780
1707
1809
1557
1836
1530
1723
1703
1885
1790
1737
1723
1732
1890
1767
1768
1867
1665
1705
1597
1721
1718
1749
1658
1884
1742
1680
1579
1869
1661
1775
1717
1827
1766
1737
1607
1744
1766
1735
1664
1967
1756
1595
1789
1743
1723
1770
1531
1761
1674
1738
1585
1875
1769
1701
1665
1786
1676
1717
1640
1813
1768
1666
1595
1927
1774
1722
1656
1815
1716
1662
1606
1776
1870
1745
1733
1711
1694
1749
2167
2397
2339
2220
2243
2297
2703
1973
2231
2455
2237
2240
2264
2314
2382
2173
2299
2395
2394
2274
2257
2470
2390
2359
2333
2461
2405
2391
2312
2496
2346
2267
2378
2440
2488
2352
2342
2521
2477
2315
2318
2550
2520
2449
2476
2471
2602
2509
2469
2563
2569
2472
2545
2482
2649
2668
2442
2394
2583
2480
2483
2666
2551
2443
2518
2636
2698
2497
2581
2631
2706
2586
2546
2710
2692
2468
2569
2539
2631
2569
2634
2562
2723
2596
2421
2719
2614
2600
2422
2743
2697
2494
2644
2778
2733
2640
2615
2726
2717
2586
2577
2660
2682
2647
2597
2807
2813
2660
2624
2778
2821
2591
2621
2738
2835
2646
2606
2768
6116
5706
5396
6187
6253
5919
5351
6181
6163
5440
5633
6169
1778
1553
1407
1174
1523
1546
1108
1128
1116
1503
1377
1109
1144
1520
1489
1143
1173
1479
1376
1557
1623
1435
1464
1168
1184
1164
1449
1110
1587
1141
1120
1622
1183
1144
1514
1135
1547
1156
1165
1119
1180
1490
1122
1567
1619
1115
1387
1639
1148
1217
1162
1616
1538
1534
1176
1140
1173
1160
1171
1138
1574
1111
1185
1124
1655
1564
1124
1131
1222
1517
1435
1557
1586
1493
1513
1573
1199
1140
1174
1116
1519
1497
1158
1564
1606
1508
1389
1131
1171
1191
1179
1133
1135
1568
1479
1572
1117
1183
1121
1147
1173
1148
1326
1133
1569
1437
1163
1119
2200
2000
2079
2151
2106
2067
2072
2267
2159
1986
2198
2241
2210
2143
2095
2339
2179
2231
2073
2283
2259
2281
1981
2276
2258
2140
2091
2244
2250
2156
2166
2291
2540
2243
2121
2257
2316
2166
2140
2371
2443
2236
2204
2320
2321
2255
2237
2261
2338
2337
2275
2424
2341
2304
2173
2413
2406
2252
2204
2391
2438
2359
2271
2391
2491
2344
2261
2492
2447
2317
2323
2479
2385
2374
2540
2523
2550
2357
2309
2508
2509
2352
2450
2503
2522
2767
2298
2559
2599
2492
2453
2647
2654
2533
2491
2457
2637
2640
2462
2657
2600
2643
2561
2679
2675
2550
2496
2673
2745
2636
2484
2614
2683
2633
2507
2657
2683
2555
2457
2730
2628
2504
2610
2738
2858
2602
2612
2680
2721
2599
2464
2704
2779
2693
2591
2623
2784
2586
2670
2778
2837
2702
2589
2698
2710
2690
2694
2793
2813
2615
2582
2820
2854
2689
2725
2876
6153
5821
5367
6005
5639
5595
5502
6205
6084
5464
5437
6253
1599
1480
1154
1132
1141
1109
1494
1156
1567
1442
1154
1207
1221
1568
1186
1134
1111
1521
1466
1110
1130
1487
1397
1131
1606
1450
1169
1674
1537
1199
1447
1126
1576
1550
1203
1143
1568
1132
1228
1119
1552
1597
1464
1587
1194
1548
1211
1134
1197
1143
1183
1617
1129
1102
1284
1570
1249
1151
1517
1613
1210
1141
1429
1128
1124
1565
1417
1173
1120
1173
1438
1655
1575
1545
1549
1126
1177
1142
1461
1109
1552
1113
1467
1690
1124
1521
1416
1131
1212
1112
1454
1104
1121
1500
1131
1187
1567
1538
1436
1678
1135
1122
1192
1507
1128
1110
1224
1111
2144
2012
2031
2140
2180
2097
2060
2248
2151
2127
2046
2145
2134
2058
2036
2285
2161
2232
2054
2176
2192
2042
2331
2325
2304
2102
2167
2271
2374
2153
2165
2147
2277
2207
2566
2311
2232
2186
2118
2342
2334
2250
2127
2341
2354
2262
2219
2401
2331
2289
2263
2335
2370
2247
2216
2335
2323
2242
2123
2409
2284
2346
2296
2476
2457
2298
2433
2478
2529
2403
2422
2497
2558
2462
2435
2578
2315
2407
2367
2499
2567
2404
2420
2582
2650
2561
2391
2475
2486
2491
2481
2509
2575
2008
