14644
9178
9209
10214
10720
10070
9984
10275
10213
10064
9953
10278
10164
10064
9967
10264
10963
10081
9983
10270
10183
10079
9987
10687
10184
10090
10215
10250
10177
10083
9990
11286
10177
10074
9985
10270
10157
10066
9983
10264
10161
10066
9988
10268
10151
10071
9981
10269
10156
10085
10005
10257
10174
10080
9972
10271
10150
10084
9971
10518
10158
10081
9982
10268
10165
10075
9985
10254
10167
10089
9974
10268
10179
10086
9957
10270
10164
10079
9981
10277
10163
10091
9984
10483
10174
10088
9968
10265
10177
10087
9979
10273
10169
10086
9962
10278
10185
10061
9988
10257
10159
10091
9986
10276
10154
10074
9991
10272
10162
10066
9999
10256
10154
10092
9990
10275
10181
10076
9976
10285
10166
10079
9990
10260
10172
10080
9953
10272
10178
10063
9988
10263
10182
10078
9998
10273
10171
10058
9997
10283
10172
10072
10000
10272
10146
10076
9987
10249
10174
10078
9983
10289
10164
10065
9981
10249
10162
10088
9979
10269
10176
10088
9983
10259
10163
10057
9984
10275
10175
10088
9985
10265
10156
10083
9970
10277
10169
10083
9964
10258
10175
10064
10214
10271
10170
10056
9990
10269
10160
10070
9986
10287
10168
10072
9990
10252
10167
10081
9974
10246
10157
10081
9967
10240
10176
10052
9960
10486
10154
10064
9967
10262
10151
10068
9967
10270
10152
10058
9976
10248
10156
10067
9956
10252
10154
10054
9957
10244
10166
10058
9965
10246
10149
10057
9959
10242
10156
10056
9962
10232
10145
10053
9963
10258
10159
10062
9978
10258
10170
10050
9959
10249
10163
10060
9959
10244
10154
10066
9973
10254
10128
10053
9941
10242
10148
10063
9971
10243
10171
10054
9947
10237
10138
10055
9962
10243
10607
10070
9967
10234
10155
10057
9971
10238
10145
10056
9967
10242
10141
10045
9954
10252
10145
10065
9968
10247
10148
10063
9951
10248
10160
10052
9964
10243
10151
10061
9969
10256
10160
10278
10192
10238
10151
10053
9972
10236
10151
10051
9957
10242
10149
10050
9947
10249
10152
10055
9967
10233
10177
10055
9966
10260
10144
10058
9958
10254
10154
10064
9966
10249
10143
10057
10189
10236
10158
10040
9967
10251
10172
10059
9955
10242
10164
10049
9965
10227
10171
10052
9968
10237
10170
10059
9976
10246
10163
10059
9964
10239
10149
10062
9968
10250
10150
10058
9969
10251
10149
10070
9964
10252
10150
10034
9953
10246
10158
10058
9955
10263
10123
10063
9961
10254
10162
10062
9955
10255
10149
10061
9972
10486
10145
10051
9970
10256
10152
10070
9959
10264
10153
10067
9954
10254
10144
10058
9962
10249
10154
10052
9959
10249
10152
10057
9968
10241
10133
10060
9947
10249
10162
10060
9973
10246
10162
10058
10222
10255
10192
10090
9952
10286
10150
10055
9952
10236
10146
10055
9970
10255
10164
10050
9969
10246
10143
10057
9954
10260
10152
10066
9958
10245
10167
10063
9969
10253
10157
10057
9965
10248
10156
10062
9953
10280
10158
10078
9951
10253
10143
10066
9950
10249
10160
10051
9967
10229
10157
10287
9970
10252
10152
10059
9961
10256
10149
10061
9957
10254
10152
10066
9970
10228
10149
10056
9953
10248
10150
10048
10195
10242
10147
10055
9968
10247
10149
10055
9952
10254
10164
10052
9969
10251
10149
10067
9966
10244
10375
10070
9966
10251
10155
10050
9976
10251
10148
10077
9957
10256
10153
10055
9969
10264
10154
10057
9963
10251
10148
10056
9961
10238
10400
10066
9963
10257
10137
10284
9963
10247
10163
10056
9950
10262
10159
10066
9962
10265
10162
10056
9971
10246
10158
10051
9965
10259
10165
10057
9972
10266
10138
10049
9971
10244
10151
10284
9989
10266
10166
10049
9962
10226
10148
10067
9970
10251
10148
10047
9956
10251
10162
10055
9945
10257
10148
10052
9962
10252
10152
10285
9961
10245
10161
10062
9957
10257
10152
10317
9959
10253
10149
10060
9962
10250
10150
10044
9952
10254
10182
10070
9972
10246
10151
10057
9973
10244
10159
10062
9969
10243
10160
10065
9976
10256
10152
10085
9957
10251
10148
10056
9969
10233
10144
10072
9966
10240
10180
10060
9961
10263
10157
10052
9945
10248
10157
10052
9961
10246
10154
10063
9967
10246
10153
10068
9960
10273
10144
10069
9960
10246
10135
10046
9955
10247
10157
10047
9958
10262
10157
10049
9967
10262
10385
10056
10192
10252
10154
10074
9964
10237
10145
10058
9957
10495
10143
10062
10197
10253
10172
10056
9954
10258
10163
10037
9956
10503
10162
10059
9968
10249
10161
10057
9969
10256
10146
10066
9952
10245
10146
10048
9950
10234
10153
10055
9967
10242
10154
10067
9963
10260
10164
10082
9961
10244
10150
10056
9961
10242
10168
10053
9971
10247
10161
10062
9968
10246
10156
10075
9972
10252
10166
10053
9970
10251
10152
10050
9940
10256
10162
10060
9952
10245
10157
10066
10171
10238
10149
10053
9943
10249
10133
10061
9965
10248
10153
10052
9957
10252
10388
10055
9962
10253
10150
10046
9982
10267
10159
10069
9990
10241
10172
10063
9952
10243
10154
10058
9976
10255
10166
10062
9959
10260
10155
10061
10189
10256
10151
10060
9962
10517
10152
10062
9985
10249
10138
10059
9951
10248
10142
10058
9974
10246
10402
10062
9960
10233
10149
10058
9960
10256
10175
10051
9965
10254
10137
10067
9955
10242
10147
10073
9937
10244
10143
10072
9980
10253
10175
10058
9954
10241
10154
10048
9951
10235
10148
10066
9960
10501
10143
10048
9981
10253
10160
10050
9968
10244
10139
10288
9967
10243
10159
10059
9964
10246
10165
10061
9955
10231
10156
10052
9970
10257
10149
10051
9978
10279
10187
10083
9993
10270
10152
10083
10210
10264
10140
10089
9985
10258
10192
10068
9989
10271
10177
10081
9985
10308
10176
10044
10001
10254
10183
10053
9984
10277
10165
10094
9972
10272
10176
10077
9976
10284
10175
10078
9998
10293
10167
10068
9995
10271
10183
10076
9982
10254
10174
10079
9960
10264
10172
10064
9969
10264
10174
10074
9982
10252
10162
10080
9990
10272
10172
10089
10007
11555
10176
10088
9946
10292
10172
10080
9983
10279
10177
10057
9990
10256
10144
10081
9986
10277
10163
10066
9974
10238
10176
10085
9985
10271
10180
10081
9982
10267
10163
10090
9985
10282
10199
10088
9981
10511
10145
10088
9964
10263
10126
