12867
4620
3072
3782
3841
3826
3886
3584
3316
3583
3322
3578
3357
3373
3330
3370
3359
3314
3313
3372
3309
3310
3347
3305
3560
3530
3531
3519
3379
3378
3308
3316
3303
3351
3549
3317
3525
3368
3313
3297
3304
3312
3359
3311
3295
3554
3584
3339
3319
3304
3355
3303
3300
3314
3536
3522
3309
3310
3314
3600
3362
3318
3312
3366
3317
3300
3301
3560
3520
3730
3369
3527
3504
3528
3848
3519
3518
3360
3372
4190
3595
3521
3377
3524
3577
3291
3315
3304
3364
3299
3310
3403
3572
3366
3549
3518
3378
3371
3346
3554
3306
3523
3372
3519
4156
3518
3360
3576
3306
3295
3298
3525
4370
3323
3297
3320
3374
3303
3307
3312
3351
3302
3316
3349
3310
3372
3315
3304
3307
3350
3345
3366
3311
3543
3357
3583
3303
3347
3303
3560
3316
3298
3306
3360
3303
3345
3306
3360
3308
3298
3303
3356
3308
3353
3310
3309
3359
3310
3345
3354
3317
3358
3556
3353
3314
3558
3309
3309
3315
3550
3318
3538
3344
3373
3315
3366
3315
3308
3329
3359
3309
3325
3307
3356
3515
3301
3309
3302
3363
3297
3300
3361
3320
3354
3313
3303
3305
3357
3314
3305
3311
3355
3374
3307
3310
3308
3362
3367
3358
3311
3333
3356
3309
3307
3306
3353
3310
3317
3309
3571
3347
3313
3312
3306
3309
3362
3303
3310
3291
3370
3301
3309
3300
3351
3299
3312
3312
3355
3299
3301
3552
3571
3302
3324
3305
3552
3529
3356
3353
3524
3373
3312
3308
3299
3355
3303
3315
3307
3358
3302
3315
3304
3306
3352
3302
3312
3307
3360
3309
3298
3303
3308
3358
3320
3305
3308
3321
3383
3306
3310
3316
3346
3308
3350
3312
3311
3304
3351
3308
3297
3304
3358
3346
3309
3545
3312
3357
3335
3336
3553
3321
3366
3312
3296
3353
3315
3368
3353
3327
3331
3300
3313
3357
3322
3297
3302
3358
3298
3306
3341
3367
3313
3302
3310
3359
3304
3303
3303
3315
3309
3360
3311
3308
3313
3314
3363
3304
3294
3307
3365
3314
3308
3320
3584
3304
3305
3309
3553
3515
3313
3301
3304
3571
3310
3308
3311
3300
3362
3316
3316
3310
3333
3599
3299
3549
3302
3300
3310
3373
3306
3315
3343
3351
3322
3355
3326
3307
3303
3356
3306
3308
3310
3565
3516
3514
3314
3310
3360
3307
3311
3301
3358
3358
3365
3347
3314
3369
3315
3314
3321
3570
3559
3357
3296
3306
3374
3535
3569
3350
3358
3307
3527
3311
3298
3522
3516
3312
3309
3313
3551
3317
3309
3312
3362
3525
3315
3309
3301
3357
3373
3319
3296
3306
3364
3548
3526
3346
3583
3341
3323
3529
3362
3341
3317
3304
3368
3304
3306
3309
3364
3298
3305
3567
3356
3354
3314
3307
3357
3368
3306
3315
3539
3322
3312
3363
3359
3349
3359
3364
3519
3295
3358
3314
3324
3347
3312
3308
3312
3355
3298
3548
3367
3368
3311
3303
3317
3302
3354
3548
3306
3306
3313
3351
3311
3308
3303
3304
3533
3309
3322
3310
3312
3576
3318
3301
3326
3299
3355
3363
3362
3320
3371
3308
3302
3551
3515
3355
3309
3509
3366
3313
3362
3310
3315
3534
3579
3309
3306
3309
3563
3361
3361
3306
3534
3311
3317
3309
3307
3574
3341
3355
3550
3509
3590
3348
3314
3312
3344
3318
3357
3302
3305
3297
3348
3315
3319
3301
3356
3308
3304
3321
3302
3307
3352
3299
3308
3305
3360
3303
3548
3310
3319
3524
3316
3315
3302
3348
3312
3301
3547
3356
3305
3342
3321
3301
3355
3302
3309
3299
3351
3310
3312
3309
3312
3348
3555
3350
3346
3366
3315
3304
3295
3357
3313
3320
3321
3359
3305
3548
3353
3323
3356
3357
3359
3317
3375
3314
3301
3297
3298
3366
3312
3313
3315
3371
3306
3304
3307
3349
3307
3313
3307
3356
3306
3308
3312
3355
3322
3306
3314
3364
3561
3349
3341
3310
3360
3306
3303
3306
3359
3558
3343
3309
3358
3311
3315
3306
3352
3313
3318
3313
3592
3306
3316
3309
3362
3298
3295
3345
3364
3378
3354
3313
3365
3310
3311
3305
3358
3308
3310
3306
3342
3310
3303
3316
3331
3565
3578
3332
3304
3302
3364
3308
3307
3308
3362
3310
3304
3315
3322
3579
3353
3306
3315
3304
3304
3366
3308
3306
3306
3373
3310
3294
3303
3361
3300
3314
3300
3361
3302
3304
3310
3351
3295
3302
3311
3364
3300
3300
3316
3312
3361
3313
3314
3310
3370
3334
3355
3297
3303
3348
3306
3358
3314
3360
3366
3356
3313
3349
3309
3351
3316
3299
3311
3360
3318
3313
3313
3326
3563
3312
3294
3307
3347
3319
3310
3304
3364
3320
3348
3305
3306
3375
3299
3349
3318
3578
3301
3311
3312
3351
3300
3303
3308
3361
3319
3312
3315
3346
3303
3305
3303
3358
3307
3363
3319
3351
3368
3300
3314
3317
3358
3324
3308
3297
3358
3303
3310
3298
3305
3357
3350
3319
3298
3359
3308
3308
3304
3345
3353
3302
3308
3360
3314
3345
3336
3321
3346
3581
3347
3368
3308
3581
3308
3302
3305
3577
3295
3312
3304
3303
3364
3364
3305
3309
3359
3305
3301
3355
3309
3367
3313
3295
3310
3359
3312
3547
3313
3291
3346
3308
3304
3302
3339
3371
3564
3327
3312
3354
3326
3305
3307
3564
3305
3310
3348
3306
3368
3302
3309
3303
3359
3304
3315
3308
3357
3309
3296
3309
3319
3299
3364
3310
3312
3294
3344
3371
3309
3316
3307
3359
3317
3329
3301
3316
3602
3344
3367
3310
3373
3307
3310
3305
3365
3309
3315
3313
3310
3324
3358
3310
3302
3314
3312
3301
3350
3303
3311
3560
3359
3556
3566
3304
3305
3307
3331
3316
3364
3314
3357
3316
3353
3308
3307
3307
3356
3312
3308
3348
3311
3360
3313
3302
3300
3365
3312
3314
3295
3364
3299
3307
3342
3366
3309
3320
3350
3362
3301
3316
3314
3355
3306
3301
3301
3571
3306
3309
3344
3343
3586
3323
3311
3301
3306
3304
3370
3307
3313
3352
3303
3359
3318
3307
3304
3350
3307
3312
3315
3344
3308
3367
