10552
825
787
966
826
801
977
1105
984
764
765
1037
1107
786
923
1098
1043
768
1122
1351
1064
754
1070
1309
1147
836
769
818
885
753
1138
1201
762
774
1068
791
767
761
764
776
1090
867
765
836
1183
1231
1119
868
1139
781
1124
1297
1150
811
808
1275
1111
1283
769
921
1164
1215
757
754
772
1252
1088
1251
784
882
1121
780
1076
1234
988
988
1150
1249
1068
860
1139
1240
1160
1326
755
1217
808
802
805
750
1127
1245
1110
1214
1111
826
843
1146
798
755
1011
801
1112
765
762
851
1081
773
805
770
856
803
1065
769
794
809
1119
769
1130
775
847
815
771
766
1132
759
1168
1130
1224
810
1114
1230
1080
1301
1206
753
1207
870
774
770
1074
946
1081
875
1175
1206
1085
824
826
1303
1132
892
1233
848
852
870
1089
815
1078
755
780
1223
1137
1245
1177
828
1133
777
1195
840
842
1198
819
807
870
826
1238
1231
963
1284
806
1221
1134
768
768
1239
1078
955
1125
1285
750
1256
851
1251
764
765
1081
1209
1064
1341
1114
771
803
862
1077
780
869
1293
869
777
1078
871
763
846
1188
1282
790
1258
828
1257
1139
801
756
1219
1101
1265
1188
1215
766
751
1063
1209
1180
768
872
836
1010
1262
775
871
1154
757
1124
842
774
1187
1111
1207
1105
866
857
1277
1120
924
1143
1277
887
1225
943
836
758
834
856
1377
817
1327
1081
1286
758
833
1130
763
1083
1310
1088
1202
1098
1268
837
1270
1199
1238
763
1322
1133
1214
1113
1263
1158
1263
1207
1222
1083
1237
1091
781
903
824
1087
885
1075
1327
1168
1321
1084
782
1218
1280
768
860
1028
1282
1091
847
865
1323
801
1342
837
765
1092
1238
1155
1271
1096
1254
1108
1209
1073
1278
1099
1283
779
1227
1098
1375
1161
1254
766
851
1082
1244
845
1267
781
978
1090
1355
1151
1307
765
867
1148
1245
1159
1257
787
1214
1085
1205
1199
1271
1067
1291
792
1294
1132
1266
769
768
1160
1260
763
1287
825
779
807
869
845
1291
1025
951
1175
1311
756
1317
1120
881
779
861
1091
1358
1074
767
1111
843
765
842
844
861
1108
1301
4383
5127
4346
4816
4285
5301
1500
1691
1535
1656
1508
1641
1486
1690
1554
1008
1402
1613
1491
1760
1165
1763
1076
1645
1532
1747
1128
1691
1539
1056
1607
1760
1626
1761
1684
1680
1734
1860
1651
1842
1625
1741
1743
1714
1628
1390
1624
1744
1753
1974
1735
1997
1795
1964
1779
1780
1172
1960
1666
1939
1799
1934
1825
2028
1843
1260
4197
5256
4299
5003
4095
4930
4554
5055
4272
5052
4139
5173
1227
1376
1275
1453
1197
1475
1204
885
842
873
1299
1418
1208
1426
1238
950
987
945
1287
914
897
1415
1252
1476
910
848
858
992
883
1346
1301
1459
1279
1418
1251
1402
882
842
1235
874
1210
1337
860
1446
928
1445
881
1447
1281
1466
1259
1412
864
893
874
1441
1285
1400
1275
1473
967
1473
903
951
897
846
893
1364
1205
1332
864
1416
1279
923
1272
1416
872
1460
1221
1393
901
1416
914
954
845
1423
913
977
1224
1426
864
900
880
1424
1210
1437
986
1450
1257
1448
853
1402
1280
909
852
911
891
1760
4300
5192
4458
5252
4382
5216
4408
5235
4474
5148
4309
5060
1288
1024
1377
1578
1393
1411
997
1513
1338
1485
907
1425
1409
1528
1294
1531
1292
1023
992
1505
929
1514
1409
1370
1363
1474
1323
1468
1292
1563
945
1451
950
1464
1360
1559
924
936
1296
1416
946
1489
923
1035
1054
994
979
1034
986
919
1407
1475
1352
1418
1301
1446
1401
1429
1322
1501
1350
1445
937
1406
1364
1538
1352
1532
1292
943
931
1017
936
931
920
1517
1348
1511
1346
1546
1393
1587
1337
1447
930
1576
961
932
914
1543
1430
1428
1297
1609
1394
1554
1453
1474
1278
1405
1004
1576
907
1419
1300
1023
1353
1948
4591
5402
4545
5192
4464
5316
4517
5127
4504
5334
4451
5299
1389
1657
1452
1486
1015
1570
1401
1565
1399
956
1341
1575
964
1545
1426
1580
1400
1599
1392
1501
1005
1564
1054
959
1345
993
1397
1526
1555
1632
1447
1549
1323
1475
1006
1520
958
1597
1426
1664
1052
1648
1432
1627
964
1573
1441
1605
946
1539
1406
1577
1005
960
1404
1522
1393
1131
1014
1098
1167
1125
951
961
1427
1532
1393
1646
1007
1624
1452
1587
1464
1552
1378
1581
1336
1575
1343
1620
1394
1606
1413
1547
1410
1595
1351
1536
1413
1583
1378
1585
1031
1551
1444
1113
1013
1588
1430
1583
1345
1572
1458
1549
1335
1614
1344
2331
2171
2238
2116
2301
2180
2105
2105
2249
2057
2252
2157
2385
2172
2363
2111
2355
2015
2336
2118
2343
2271
2365
2089
5435
4604
5400
4656
5489
4595
5441
4631
5295
4482
5499
4616
3096
1623
1650
1445
1628
1024
1709
1558
1242
1021
1744
1543
1770
1645
1811
1096
1724
1600
1166
1665
1755
1514
1807
1647
1647
1675
1733
1580
1875
1604
1838
1630
1825
1703
1728
1614
1020
1755
1774
1578
1729
1647
1750
1161
1816
1497
1823
1605
993
1493
1771
1634
1824
1638
1775
1549
1734
1654
1776
1533
2016
1603
1837
1588
1852
1589
1910
1581
1821
1578
1815
1636
1784
1622
1763
1697
1806
1488
1870
1621
1824
1602
1754
1618
1847
1609
1665
1590
1693
1030
1680
1627
1820
1486
1808
1505
1731
1588
1624
1136
1694
1563
1830
1641
1833
1642
1807
1622
5429
4548
5112
6132
5504
4603
5486
4646
5482
4673
5413
4645
2096
1594
1835
1656
1163
1559
1840
1550
1840
1646
1697
1603
1831
1560
1711
1688
1011
1510
