7022
900
817
1626
1339
1575
1533
1650
1472
1438
1552
1645
1326
1441
1548
1637
1328
1416
1592
1641
1323
1415
1524
1781
1351
1418
1527
1623
1323
1417
1531
1635
1322
1419
1545
1631
1318
1484
1535
1639
1333
1417
1525
1641
1320
1422
1546
1641
1329
1408
1551
1644
1321
1419
1542
1633
1321
1418
1522
1446
1350
1419
1524
1648
1358
1419
1585
1643
1321
1422
1523
1636
1330
1420
1525
1777
1347
1417
1527
1631
1330
1412
1544
1645
1320
1417
1538
1646
1328
1419
1525
1622
1320
1421
1521
1649
1337
1414
1529
1633
1371
1422
1529
1649
1328
1417
1521
1642
1319
1480
1540
1644
1328
1409
1549
1642
1329
1482
1539
1635
1332
1416
1525
1624
1346
1419
1519
1624
1400
1425
1535
1631
1327
1421
1550
1636
1315
1414
1622
1638
1326
1423
1546
1644
1319
1411
1540
1633
1329
1414
1523
1628
1323
1421
1529
1631
1321
1420
1549
1641
1338
1419
1534
1634
1319
1444
1582
1624
1320
1417
1526
1648
1331
1421
1523
1647
1336
1571
1523
1645
1328
1420
1520
1646
1317
1415
1527
1779
1486
1432
1522
1625
1319
1411
1525
1649
1328
1425
1520
1646
1318
1416
1582
1641
1348
1425
1525
1716
1320
1413
1620
1786
1361
1416
1526
1634
1333
1412
1523
1623
1326
1421
1545
1645
1322
1477
1547
1630
1333
1423
1614
1631
1319
1422
1526
1639
1335
1428
1513
1633
1319
1417
1535
1641
1333
1419
1524
1635
1401
1445
1521
1714
1318
1432
1515
1631
1328
1417
1521
1626
1327
1429
1526
1648
1322
1421
1613
1630
1346
1419
1522
1649
1322
1413
1527
1644
1339
1424
1524
1790
1323
1417
1529
1639
1343
1429
1547
1648
1325
1424
1546
1643
1340
1423
1557
1639
1328
1413
1550
1638
1330
1413
1535
1646
1320
1416
1546
1782
1319
1423
1568
1643
1472
1442
1529
1624
1321
1575
1542
1642
1333
1416
1547
1646
1326
1419
1524
1642
1343
1407
1525
1633
1315
1483
1536
1643
1334
1440
1524
1627
1323
1428
1528
1644
1344
1415
1523
1628
1321
1415
1528
1644
1325
1438
1528
1642
1344
1573
1526
1646
1329
1412
1550
1642
1321
1425
1524
1631
1318
1417
1524
1638
1342
1422
1519
1631
1324
1570
1551
1643
1327
1420
1520
1800
1326
1419
1525
1644
1322
1417
1544
1643
1331
1413
1524
1643
1322
1418
1522
1640
1334
1417
1526
1645
1342
1475
1527
1640
1338
1412
1525
1624
1321
1544
1519
1636
1345
1425
1544
1629
1321
1417
1517
1635
1329
1417
1526
1631
1322
1418
1521
1644
1325
1416
1546
1628
1341
1419
1524
1636
1343
1589
1522
1629
1320
1422
1524
1644
1331
1418
1525
1649
1323
1421
1524
1628
1323
1411
1549
1638
1341
1425
1529
1642
1330
1421
1527
1647
1340
1416
1528
1646
1330
1411
1548
1630
1318
1426
1520
1633
1324
1412
1521
1640
1320
1415
1524
1645
1326
1417
1550
1636
1316
1410
1527
1636
1331
1415
1523
1641
1341
1418
1523
1645
1341
1410
1527
1631
1324
1420
1517
1643
1340
1421
1583
1644
1343
1422
1517
1630
1410
1425
1516
1768
1328
1449
1526
1632
1329
1420
1547
1645
1320
1413
1522
1641
1347
1418
1528
1639
1323
1420
1531
1652
1351
1411
1536
1631
1317
1419
1525
1645
1338
1422
1526
1626
1321
1422
1526
1639
1325
1416
1530
1628
1327
1416
1537
1645
1319
1416
1547
1626
1339
1417
1528
1628
1328
1413
1547
1625
1324
1473
1524
1634
1338
1423
1523
1629
1338
1421
1527
1639
1341
1417
1532
1631
1326
1418
1547
1627
1326
1414
1526
1637
1327
1416
1539
1632
1328
1414
1528
1630
1322
1425
1532
1637
1344
1421
1525
1620
1323
1421
1525
1643
1324
1420
1544
1798
1327
1423
1522
1644
1341
1417
1534
1632
1341
1490
1522
1633
1322
1418
1531
1644
1318
1410
1527
1628
1329
1419
1546
1628
1323
1420
1523
1640
1318
1419
1522
1642
1323
1417
1523
1632
1328
1419
1549
1623
1324
1420
1526
1626
1318
1417
1528
1639
1341
1416
1515
1641
1323
1416
1550
1637
1322
1414
1523
1628
1327
1413
1547
1629
1318
1481
1532
1645
1326
1412
1527
1637
1319
1417
1524
1629
1324
1411
1523
1648
1346
1592
1522
1636
1330
1414
1525
1641
1334
1412
1532
1645
1325
1417
1523
1641
1324
1481
1539
1648
1324
1413
1549
1634
1340
1425
1521
1776
1337
1425
1524
1631
1343
1472
1526
1633
1333
1417
1620
1630
1319
1421
1531
1649
1326
1416
1530
1640
1342
1477
1526
1638
1344
1413
1530
1640
1345
1476
1524
1646
1343
1414
1528
1646
1340
1415
1523
1642
1343
1417
1527
1621
1315
1483
1621
1647
1341
1421
1525
1623
1324
1416
1530
1645
1333
1416
1554
1640
1322
1418
1529
1644
1340
1417
1523
1632
1343
1422
1614
1647
1329
1412
1544
1624
1317
1477
1542
1631
1329
1421
1564
1646
1326
1426
1520
1634
1494
1440
1579
1620
1329
1422
1548
1647
1327
1572
1529
1643
1321
1414
1525
1651
1340
1416
1584
1636
1341
1415
1528
1650
1335
1410
1528
1637
1322
1441
1516
1625
1345
1415
1526
1650
1318
1421
1525
1640
1343
1420
1525
1786
1317
1419
1533
1647
1333
1412
1541
1637
1317
1587
1561
1631
1314
1429
1527
1642
1342
1426
1525
1782
1347
1429
1527
1639
1331
1575
1528
1644
1324
1431
1520
1644
1328
1427
1524
1634
1321
1432
1551
1630
1323
1427
1525
1643
1320
1433
1526
1640
1338
1423
1532
1633
1390
1434
1529
1628
1329
1413
1525
1634
1322
1429
1527
1628
1331
1423
1513
1634
1340
1433
1530
1637
1343
1418
1522
1642
1317
1427
1528
1634
1318
1427
1522
1648
1328
1435
1528
1628
1326
1425
1545
1634
1413
1448
1535
1644
1331
1423
1547
1639
1316
1437
1694
1637
1341
1422
1524
1637
1317
1430
1523
1770
1329
1428
1519
1639
1329
1420
1593
1641
1347
1421
1545
1641
1325
1451
1550
1643
1323
1425
1615
1650
1490
