11132
1285
1306
1439
1233
1543
1331
1599
1833
1259
1920
1632
1398
1640
1364
1680
1595
1815
1584
1851
1585
2138
1983
1779
1694
1712
1542
1894
1996
1734
1845
1830
1610
1866
2008
2212
1807
1821
1672
1735
1824
1975
2073
1711
1676
1729
1724
1727
1536
1858
1791
1823
1599
1670
1552
1754
1679
1686
1670
1835
1573
1691
1583
2052
1598
1794
1557
1694
1704
1709
1603
1717
1703
1840
1662
2091
1735
1842
1588
1695
2046
2157
2016
1706
1730
1868
1996
1728
1773
1715
1871
1829
1553
1726
1612
2148
1646
1929
1612
2158
2004
2142
1605
1965
1668
1821
1943
1733
1740
1703
1723
2086
2051
1926
2047
1823
1586
1982
1544
1850
1607
1808
1961
2046
1586
1721
1673
1888
1589
2213
1757
1708
1691
1806
1713
2165
1805
1746
1704
1848
1683
1683
1666
1785
1658
1801
1692
1742
2033
1739
1550
1869
1661
1827
1593
1886
1785
1691
1608
2106
1733
1753
1746
1855
1675
1813
1961
1724
1541
1742
1795
2094
1982
1801
2015
2128
1691
1748
1618
1686
1679
1719
1610
1859
2032
1907
1618
1875
2046
1827
1575
1792
1619
1856
1619
1830
1768
1708
1998
2097
1630
1977
2023
1770
1659
1727
1982
1794
1952
1705
1570
1954
1846
1777
1540
1829
1605
1692
1651
1709
1574
1779
1810
1868
1784
1762
1546
2169
1928
1746
1745
1857
1959
2085
1806
1776
1583
1716
1702
1812
1727
1705
1658
1734
1692
1710
1966
1687
2017
2091
1954
1971
1620
1736
1587
1736
1980
1829
1684
1885
1961
1706
1774
2140
1804
2158
1570
1734
1839
1730
1589
1700
1696
1803
1661
1918
1657
1661
1590
1795
1582
2151
1749
1822
1565
1675
1596
1855
1572
1689
1695
1929
1610
1706
1781
1838
1599
1833
1675
2159
1583
1776
1698
1667
1551
1757
1679
1901
1552
1957
1964
1814
1793
2083
1550
1706
1692
1733
1651
1781
2010
1772
1981
2073
1702
1692
1534
1712
1602
1951
1771
2144
1559
1710
1589
1819
1590
1794
1696
1711
1554
1913
1595
1719
1585
1738
1650
2119
1597
1744
2014
1827
2022
1769
1588
1854
1824
1791
1759
2191
1685
1712
1783
2176
1765
1809
1985
2213
1749
1727
1822
1822
1624
1727
1940
1803
1847
1791
2036
2153
1904
1798
2669
2593
2403
2626
2514
2621
2869
2696
2534
2604
2405
2570
2401
2635
2394
2686
2465
2976
2415
2764
2570
2669
2581
2683
2465
2635
2480
2689
2537
5987
5814
6565
5809
6532
5800
6573
5815
6524
5754
6542
5793
1520
1570
1798
1996
1751
1601
1688
1687
1695
1560
2157
1528
1935
1967
1976
1861
1708
1535
1833
1567
1867
1634
1829
1634
1741
1664
1847
1552
1851
1635
1822
1563
1733
1634
1767
1636
1774
1759
1863
1754
1704
1503
1675
1552
1692
1940
2107
1520
1699
1698
1635
1539
2123
1738
1779
1549
1708
1690
1737
1517
1903
1695
1851
1579
1694
1625
1679
1667
1806
1661
1783
1971
2126
1576
1661
1672
1732
1944
1736
1594
1784
1654
1687
1536
1768
1551
1737
1681
1700
1516
1754
1943
1721
1574
1813
1532
2159
1781
1738
2105
1742
1682
2127
1879
1674
1669
1665
1517
2579
2579
2677
2424
2589
2587
2569
2339
2568
2358
2599
2425
2892
2441
2725
2478
2663
2824
2456
2409
2650
2468
2808
2441
2766
2495
2702
2530
2762
2640
2697
2542
2754
2550
2700
2445
6571
5850
6431
5729
6532
5863
6518
5666
6595
5780
6523
5770
1876
1722
1693
1592
1740
1597
2114
2043
1703
1626
1795
1567
1702
1567
1757
1598
1830
1571
1801
1939
1674
1547
1735
1613
1761
1615
1844
1558
1840
1733
1862
1597
1695
1673
1754
1603
1656
1763
2212
1752
2102
1717
1755
1974
1730
1572
1669
1641
1820
1647
1876
2041
1713
1584
1855
1953
1836
2013
1709
1593
1709
1597
1675
1576
2166
1885
1850
1643
1810
1648
1722
1536
1746
1577
1773
1915
1721
1795
1697
2042
1787
1969
1725
1592
1831
1824
1730
1862
1650
1561
1681
1779
1763
1846
1800
1604
1695
1557
1780
1526
1802
1938
1834
2025
1822
1710
1784
1603
2700
2419
2656
2720
2604
2718
2749
2809
2463
2665
2657
2456
2722
2621
2672
2461
2685
2670
2663
2920
2467
2596
2609
2706
2792
2660
2783
2524
2740
2697
2612
2452
2763
2502
2829
2505
2810
2560
2728
2811
2731
2545
2784
2691
2891
3123
2960
3159
2922
2518
3005
2953
2865
2880
3234
2923
2790
3057
2885
3138
2983
2831
3051
2802
2946
2738
2995
2759
2946
2787
3108
3485
3126
3025
2984
2664
3010
3001
2956
2750
2952
2822
2853
2998
3099
2934
3054
2862
3158
2895
3126
2838
2963
2852
3038
3028
6625
6104
6826
6000
6800
6075
6804
6138
6820
6074
6667
5830
2078
2083
1919
1733
1916
1728
1832
2114
1949
1706
2004
1716
1954
1871
1873
1750
2039
1750
2036
1869
1929
2256
2162
1725
1836
1911
1929
1865
1884
2119
1939
2176
2296
1759
1872
1699
1883
1711
1992
1877
2118
1953
2184
1827
2062
1852
1928
2208
1843
2131
1891
2106
1986
2102
1977
1729
1884
1746
2324
1782
1912
1972
1939
1989
2025
1970
1847
1769
2128
2116
1934
1727
2360
2164
2239
1934
1953
1848
1885
1769
1901
1786
1884
1745
1888
1748
1937
2072
2073
1823
1879
1856
2052
2063
1965
1863
1868
2193
2362
2171
1871
1799
1875
1812
1929
2115
2052
1904
2846
2801
2744
2559
2728
2569
2792
2730
2761
2558
2753
2943
2939
2998
2814
2602
2784
2590
2804
2477
2950
2622
2822
2614
2856
2613
2825
2580
2761
2645
3047
2852
2821
2623
2853
2891
2936
2737
2949
2952
3081
2742
3041
2805
3004
3221
2949
2782
3013
2805
2962
2844
3143
3012
3011
2701
3234
3003
3474
2893
3060
2675
3152
3172
3051
2981
3032
2839
3062
3099
3129
2918
3198
2891
3154
2919
3096
2928
3097
2842
3112
2883
3078
2903
3015
3032
3163
3049
3324
3088
3088
3034
3098
2925
3059
2934
3191
2220
