14028
8509
7017
8093
6666
6323
6231
6487
6395
6286
6209
6678
6401
6309
6200
6498
6401
6308
6200
6493
6397
6319
6190
6486
6395
6313
6233
6484
6372
6301
6205
6461
6404
6281
6713
6468
6420
6554
6223
6988
6895
6296
6183
6484
6409
6788
6216
6485
6405
6286
6197
6588
6422
6295
6204
6535
6391
6298
6199
6781
6406
6295
6224
6518
6398
6255
6195
6475
6411
6292
6205
6507
6409
6310
6200
6490
6402
6280
6183
6471
6386
6277
6221
6480
6397
6265
6229
6504
6384
6321
6201
6497
6409
6295
6199
6489
6376
6283
6199
6487
6409
6318
6205
6482
6377
6539
6200
6474
6374
6310
6202
6502
6371
6280
6208
6491
6362
6317
6215
6488
6397
6321
6195
6498
6401
6306
6218
6470
6403
6318
6210
6474
6383
6317
6218
6504
6404
6301
6191
6510
6393
6319
6209
6467
6406
6303
6202
6498
6398
6576
6208
6485
6395
6316
6195
6468
6404
6294
6199
6473
6402
6272
6177
6515
6399
6285
6222
6527
6371
6311
6218
6504
6391
6304
6195
6482
6405
6296
6204
6495
6398
6303
6198
6483
6400
6312
6195
6482
6395
6280
6202
6487
6397
6298
6202
6505
6395
6320
6203
6504
6389
6295
6217
6494
6390
6306
6206
6475
6406
6306
6233
6506
6392
6303
6175
6495
6405
6303
6168
6479
6397
6309
6217
6500
6382
6272
6191
6494
6380
6303
6211
6472
6398
6285
6201
6501
6391
6320
6191
6503
6377
6286
6195
6499
6396
6278
6184
6482
6380
6297
6209
6477
6398
6279
6200
6509
6382
6317
6196
6495
6381
6275
6197
6511
6385
6303
6202
6482
6377
6315
6204
6482
6392
6311
6202
6494
6400
6312
6183
6528
6418
6310
6241
6540
6379
6285
6237
6521
6435
6317
6217
6507
6450
6318
6210
6503
6432
6319
6248
6483
6432
6297
6233
6487
6412
6343
6218
6528
6416
6318
6244
6528
6422
6274
6210
6525
6374
6313
6218
6519
6422
6330
6223
6513
6413
6307
6232
6490
6372
6312
6259
6506
6412
6292
6238
6502
6403
6321
6205
6524
6412
6329
6202
6515
6402
6323
6212
6520
6423
6314
6233
6510
6425
6304
6233
6537
6444
6327
6205
6478
6381
6300
6199
6516
6413
6314
6243
6509
6405
6303
6228
6510
6405
6314
6221
6478
6409
6306
6218
6503
6404
6324
6197
6511
6385
6325
6233
6508
6420
6326
6188
6505
6400
6319
6236
6515
6444
6331
6217
6497
6380
6333
6227
6499
6395
6315
6213
6481
6396
6326
6243
6521
6380
6313
6224
6509
6371
6306
6213
6497
6430
6277
6219
6496
6417
6346
6184
6443
6438
6312
6206
6520
6412
6294
6221
6536
6383
6326
6231
6525
6387
6333
6240
6497
6407
6317
6220
6498
6430
6308
6228
6507
6403
6323
6225
6534
6405
6288
6192
6525
6393
6345
6208
6498
6411
6312
6215
6536
6417
6307
6193
6491
6408
6316
6515
6794
6658
6340
6195
6522
6679
6550
6212
6475
6681
6320
6468
6804
6381
6318
6213
6507
6474
6330
6464
6471
6406
6279
6241
6501
6624
6315
6228
6528
6434
6284
6217
6504
6394
6333
6228
6513
6431
6289
6214
6533
6404
6325
6201
6503
6430
6346
6244
6502
6429
6286
6244
6515
6415
6304
6216
6478
6393
6310
6231
6496
6642
6311
6196
6493
6427
6297
6212
6496
6392
6327
6246
6483
6422
6339
6234
6498
6416
6311
6213
6489
6401
6292
6183
6506
6386
6279
6189
6484
6378
6277
6212
6478
6390
6311
6196
6516
6408
6287
6202
6505
6411
6301
6200
6501
6388
6288
6192
6482
6387
6320
6197
6513
6401
6295
6194
6475
6623
6294
6191
6499
6389
6297
6215
6491
6396
6290
6198
6488
6394
6315
6229
6468
6390
6315
6191
6506
6386
6297
6205
6504
6398
6289
6196
6504
6413
6242
6197
6482
6413
6315
6209
6469
6379
6308
6206
6474
6416
6283
6220
6479
6385
6320
6222
6476
6399
6300
6209
6493
6395
6289
6192
6512
6382
6303
6207
6502
6386
6291
6228
6493
6382
6325
6205
6503
6370
6300
6204
6445
6389
6276
6218
6518
6386
6287
6201
6489
6385
6295
6193
6485
6376
6302
6194
6497
6396
6302
6270
6479
6407
6304
6192
6474
6401
6297
6213
6514
6388
6290
6188
6485
6387
6308
6203
6499
6406
6313
6192
6470
6402
6274
6197
6494
6394
6303
6202
6504
6395
6314
6184
6510
6393
6299
6205
6520
6391
6293
6189
6520
6402
6299
6198
6487
6384
6332
6179
6482
6413
6293
6197
6504
6394
6292
6225
6468
6387
6311
6221
6485
6415
6328
6201
6494
6410
6315
6217
6510
6378
6305
6195
6517
6393
6290
6213
6498
6403
6326
6190
6489
6408
6284
6201
6439
6395
6321
6193
6499
6416
6312
6193
6483
6388
6290
6189
6521
6398
6320
6188
6479
6383
6301
6195
6484
6410
6318
6203
6497
6393
6297
6188
6478
6395
6347
6195
6490
6389
6303
6201
6472
6373
6291
6205
6493
6395
6296
6219
6516
6411
6280
6216
6501
6405
6299
6198
6484
6398
6294
6213
6487
6383
6290
6202
6492
6395
6291
6205
6498
6391
6291
6183
6492
6380
6297
6193
6486
6396
6311
6172
6496
6406
6300
6227
6479
6376
6273
6200
6487
6408
6302
6204
6496
6404
6289
6194
6477
6423
6281
6179
6499
6392
6326
6214
6480
6424
6301
6195
6491
6373
6303
6192
6488
6396
6300
6224
6485
6407
6287
6212
6495
6415
6297
6209
6473
6432
6305
6216
6499
6405
6302
6195
6490
6379
6289
6207
6492
6383
6294
6193
6490
6378
6279
6217
6482
6387
6295
6195
6467
6383
6296
6221
6488
6373
6295
6199
6483
6404
6512
6188
6479
6392
6305
6225
6483
6396
6301
6193
6492
6390
6289
6187
6493
6387
6302
6194
6477
6392
6304
6199
6473
6389
6274
6206
6522
6414
6289
6198
6479
6382
6300
6214
6504
6401
6285
6209
6476
6372
6290
6207
6485
6406
6304
6188
6500
6364
6290
6179
6502
6428
6319
6200
6506
6384
6313
6215
6476
6384
6316
6205
6481
6392
6296
6184
6518
6393
6283
6213
6480
6384
6294
6210
6512
6385
6293
6189
6488
6370
