11142
1393
1433
1399
1385
1511
1724
1731
1420
1741
1391
2158
1655
1896
1671
1843
1731
1875
1837
1837
1874
1960
1818
1994
2030
1954
1898
1980
1782
2035
1864
1956
1851
1998
1858
1916
1901
1890
1771
1986
1912
1970
1765
1921
1835
2010
1790
1902
1834
1917
1848
2065
1832
1945
1782
2040
1836
1957
1825
2068
1839
1907
1829
1914
1783
1997
1868
2002
1840
1931
1817
1958
1975
1985
1791
1846
1774
1950
1808
1949
1784
2016
1827
1972
1842
1940
1811
1990
1816
1965
1929
1879
1811
1883
1809
1912
1841
1965
1824
1887
1735
1873
1849
1950
1805
1928
1879
1917
1837
1906
1835
2021
1895
1969
1780
1962
1752
1891
1752
1899
1919
2001
1799
1945
1828
1946
1832
1916
1837
1894
1784
1975
1828
1973
1800
1889
1919
1893
1830
1906
1835
1871
1788
2066
1829
1979
1905
2048
1772
1983
1842
1894
1722
1942
1949
2024
1783
1808
1767
2004
1926
1906
1713
1967
1751
2020
1897
1964
1838
1995
1827
2107
1729
1878
1790
2007
1887
1793
1927
1970
1844
1973
1889
1992
1913
2071
1916
1978
1833
2060
1906
1879
1727
1918
1787
1948
1934
1952
1779
2074
1897
2026
1726
1942
1866
1922
1711
2032
1722
1843
1755
2057
1761
1894
1951
1887
1940
1971
1723
2071
1912
1956
1915
2019
1725
1907
1842
1900
1793
2053
1821
1939
1946
1896
1807
1985
1826
1964
1860
1868
1799
1912
1825
2085
1774
1909
1796
1924
1772
1890
1871
1953
1754
1920
1888
1938
1797
1881
1834
1898
1776
1938
1837
2058
1809
1959
1900
2076
1774
1871
1955
1837
1727
2111
1796
2053
1855
1924
1835
1970
1925
1947
1801
1969
1836
1921
1803
1976
1899
2126
1915
1966
1814
1912
1869
1984
1778
1955
1828
2046
1778
2011
1833
2053
1982
1947
1902
1876
1777
1931
1795
1906
1953
2023
1885
1932
1908
1990
1824
1936
1844
1962
1789
1836
1950
1882
1825
1969
1802
1904
1838
1870
1909
1960
1845
1969
1793
2064
1769
1981
1875
2040
1755
1960
1719
1992
1958
2267
1887
1960
1935
1846
1774
1953
1890
1905
1975
1988
1773
2015
1859
1933
1725
1891
1800
1921
1766
2078
1800
1986
1978
1949
1738
1908
1816
1929
1775
2041
1795
1843
1935
1879
1729
1928
1843
1956
1867
1932
1804
1920
1942
1935
1777
1989
1939
1908
2484
2658
2573
2763
2707
2699
2624
2816
2696
2802
2589
2763
2681
2791
2712
2774
2644
2807
2688
2764
2773
2870
2664
2862
2747
2749
2713
3081
2717
2845
2724
2923
2783
2871
2862
2931
2817
2915
2790
3000
2749
2771
2821
7604
7084
7643
6980
7541
7022
7617
7059
7800
7115
7303
7120
1901
1728
1707
1719
1677
1637
1797
1689
1782
1635
1745
1589
1856
1571
1919
1669
1774
1574
1795
1608
1758
1686
1843
1668
1773
1669
1810
1705
1743
1682
1842
1669
1892
1636
1741
1651
1753
1634
1745
1692
1769
1647
1781
1661
1782
1667
1796
1764
1947
1437
1685
1661
1816
1674
1604
1703
1665
1542
1888
1722
1963
1839
1843
1631
1803
1649
1870
1647
1739
1548
1771
1669
1857
1792
1819
1722
1893
1588
1701
1609
1743
1658
1728
1643
1930
1655
1771
1737
1954
1657
1898
1745
1795
1606
1763
1718
1789
1721
1858
1612
1668
1731
1771
1628
1788
1621
2587
2473
2538
2479
2441
2510
2434
2457
2466
2578
2524
2416
2564
2571
2644
2483
2981
2619
2607
2444
2683
2620
2614
2587
2843
2724
2755
2552
2696
2646
2778
2607
2716
2508
2729
2722
2853
2792
2854
2791
2799
2796
2817
2813
2890
2507
3102
2794
2935
2810
2872
2878
2848
2809
2956
2828
2934
2866
2815
2810
2982
2814
2829
2801
2789
2910
2931
2848
2879
2869
2945
2667
3080
2897
3055
3028
3038
2987
3042
2893
3001
2958
2888
2952
3000
2945
2927
2883
3003
3029
3010
2920
3046
2972
2988
3042
3002
3011
3063
2940
3079
3039
3028
2886
3082
3058
3045
3012
3118
2939
3038
2883
3150
2993
3114
3058
3051
3096
3091
3098
7631
7128
7763
7256
8430
7259
7500
7307
7732
7084
8248
7368
2034
1724
1869
1748
1905
1747
1866
1746
1947
1723
1976
1783
1899
1720
2030
1755
1919
2001
1794
1765
1875
1722
1765
1568
1935
1740
1758
1802
1759
1664
1875
1754
1915
1690
1879
1699
1919
1658
1854
1718
2083
1741
1936
1712
1942
1718
1943
1653
2003
1769
1820
1727
1870
1977
1958
1704
1837
1744
1828
1781
1898
1751
1958
1719
1909
1723
1830
1677
1926
1712
1911
2017
1956
1567
1880
1766
1954
1746
1897
1801
1925
2147
1809
1708
1932
1714
1941
1834
2024
1693
1841
1664
1808
1707
1878
1719
1909
1849
2077
1761
1923
1727
1808
1774
1942
1778
1805
1828
2724
2541
2714
2635
2659
2570
2592
2475
2647
2582
2696
2566
2725
2678
2785
2654
2718
2630
2742
2758
2788
2674
2642
2658
2716
2640
2838
2788
2731
2688
2872
2622
2799
2711
2704
2723
2812
2870
2931
2738
2894
2851
2955
2725
2970
3009
2945
2892
2909
2629
2955
2938
2928
2939
2835
2797
2962
2814
2957
2733
2989
2914
2898
2743
2914
2895
2955
2884
2995
2873
2901
2816
3055
3023
3084
2960
3059
2994
3049
2996
3103
2794
2845
2986
3120
2983
3151
3018
3067
2885
3076
2985
3079
2992
3044
3041
3101
3033
3178
2993
3125
3469
3171
3114
3184
3107
3061
3098
3144
3062
3126
3090
3074
3124
3242
3094
3181
3127
3142
2844
3182
3001
3255
3184
3181
3110
3225
3121
3235
3156
3220
3203
3275
3017
3191
3173
3290
3233
3253
3179
3265
3262
3264
3141
3351
3193
3263
3261
3185
3355
3347
3267
3365
3214
3357
3293
3173
3284
3312
3317
3373
3270
3344
3334
3450
3330
3424
3339
7858
7048
7809
7536
7983
9677
8222
7536
7865
7337
7933
7490
2044
1860
1959
1867
2014
1942
1936
1916
1878
1792
1927
1808
1960
1950
2280
1894
2221
2005
1924
1927
1949
1790
2060
2417
