11426
1792
1746
1865
1879
1817
2136
1820
1980
1765
1730
1987
2280
1776
2423
1960
2034
1977
2325
2599
2170
2130
2279
2183
2151
2147
2289
2417
2295
2182
2499
2230
2147
2115
2280
2310
2145
2229
2576
2341
2233
2144
2261
2326
2483
2152
2302
2195
2304
2135
2418
2334
2287
2239
2335
2278
2151
2125
2276
2842
2496
2357
2321
2181
2156
2521
2326
2349
2165
2610
2265
2641
2333
2186
2248
2205
2507
2135
2294
2227
2169
2467
2317
2277
2168
2264
2431
2164
2143
2131
2392
2387
2264
2434
2304
2334
2419
2203
2452
2281
2487
2515
2471
2267
2134
2250
2289
2264
2191
2317
2296
2338
2575
2480
2298
2376
2374
2082
2325
2273
2483
2097
2323
2544
2514
2246
2366
2335
2135
2509
2288
2314
2387
2315
2332
2358
2387
2135
2290
2428
2070
2137
2284
2225
2550
2347
2309
2194
2208
2083
2316
2814
2550
2497
2275
2318
2482
2490
2729
2301
2174
2473
2318
2197
2544
2120
2293
2250
2125
2072
2714
2355
2361
2160
2464
2432
2361
2365
2350
2258
2137
2155
2297
2310
2569
2451
2408
2245
2199
2202
2262
2276
2172
2183
2475
2261
2188
2012
2269
2219
2129
2090
2270
2617
2553
2107
2273
2235
2180
2159
2730
2263
2296
2444
2345
2375
2221
2089
2470
2239
2122
2229
2310
2299
2253
2161
2323
2173
2217
2163
2260
2404
2526
2159
2327
2310
2475
2104
2389
2308
2455
2613
2384
2305
2485
2158
2280
2244
2678
2095
2258
2245
2184
2136
2292
2298
2456
2480
2386
2279
2273
2442
2342
2351
2206
2131
2367
2455
2178
2521
2257
2358
2136
2116
2287
2247
2431
2567
2282
2372
2482
2235
2426
2445
2152
2101
2331
2215
2428
2122
2249
2194
2152
2135
2382
2265
2467
2133
2265
2289
2576
2424
2286
2329
2187
2083
2275
2255
2648
2486
2370
2322
2141
2425
2358
2336
2247
2207
2406
2294
2221
2208
2348
2282
2166
2120
2390
2255
2251
2219
2446
2298
2322
2251
2292
2266
2162
2317
2322
2277
2209
2134
2394
2221
2125
2163
2305
2275
2241
2105
2359
2335
2145
2155
2811
2743
2580
2619
2728
2741
2649
2592
2754
2745
2619
2714
2736
2795
2750
2678
2881
2811
2682
2704
2848
2853
2635
2621
2745
2797
2706
2881
2818
2862
2730
2756
2739
2823
2720
2722
2808
2835
2695
2699
2940
2775
2696
2715
2804
2836
3019
2774
2949
2860
2736
2730
2836
2911
2815
2824
3003
3048
3025
2900
3028
2983
3003
2932
3210
3114
2980
2923
3039
3028
2901
2924
3183
3008
3002
3222
3289
3099
3054
2924
3124
3084
3097
2973
3072
3077
3059
2914
3180
3089
3140
3006
3150
3141
3137
2986
3242
3158
3151
2982
3282
3293
3305
3117
3343
3125
3167
2972
3305
3201
3074
3264
3512
3181
3138
3144
3406
3275
3245
3148
3410
3279
3141
3078
3176
3228
2944
3144
3401
3266
3153
3102
3168
3266
3275
3175
3266
3244
3514
3114
3333
3249
3127
3083
3408
3304
3301
3112
3328
3306
3195
3142
3264
3211
3309
3113
3434
3397
3308
3246
3358
3320
3348
3060
3508
3304
3360
3423
3396
3334
3227
3213
3437
3336
3327
3234
3384
3365
3436
3135
3472
3379
3269
3231
3436
3343
3355
3172
3548
3395
3337
3256
3463
3422
3291
3281
3420
3359
3260
3252
3514
3419
3385
3284
3410
3341
3405
3251
3459
3291
3407
3305
3402
3244
3377
3254
3542
3715
3393
3104
3442
3395
3422
3291
3578
3279
3459
3201
3600
3377
3456
3288
3659
3503
3393
3423
3498
3463
3416
3313
3586
3514
3467
3315
3408
3328
3435
3305
3623
3495
3407
3269
3522
3483
3506
3405
3637
3465
3348
3316
3668
3503
3517
3397
3656
3491
3495
3379
3563
3384
3373
3263
3642
3535
3374
3316
3577
3467
3338
3345
3582
3449
3408
3322
3535
3390
3494
3283
3517
3748
3527
3328
3606
3509
3526
3330
3519
3397
3446
3258
3544
3495
3637
3329
3622
3532
3466
3470
3542
3552
3486
3344
3692
3573
3621
3455
3532
3568
3604
3404
3682
3640
3507
3440
3497
3543
3462
3297
3732
3630
3592
3442
3570
3598
3443
3394
3715
3576
3594
3406
3713
3564
3629
3449
3694
3555
3561
3367
3515
3563
3597
3551
3749
3373
3570
3391
3597
3619
3573
3459
3558
3720
3654
3586
3714
3500
3642
3518
3747
3650
3627
3412
3736
3588
3721
3505
3600
3539
3640
3493
3741
3683
3546
3463
3651
3646
3753
3424
3781
3598
3583
3551
3809
3474
3654
3454
3724
3621
3667
3653
3677
3583
3706
3598
3790
3546
3637
3480
3761
3622
3632
3464
3710
3595
3444
3387
4000
9287
8808
8231
10269
7605
9191
10172
8969
8777
8938
1861
2144
2116
1945
2193
2276
2111
2043
2037
2161
2115
2026
2047
2117
2040
2088
2064
2157
2185
2051
1977
2176
2121
1961
1986
2211
2027
1927
2073
2230
2073
2083
1983
2097
2154
2099
2090
2163
2209
1954
2074
2179
2040
2078
1960
2174
2105
1993
2099
2070
2102
2081
1922
2193
2032
1948
1971
2170
2107
2007
2034
2172
2170
2101
1989
2187
2104
2031
2014
2152
2046
1986
1970
2139
2182
1980
1996
2257
2025
2064
1935
2170
2040
2112
1994
2171
2126
1994
1997
2057
2237
2072
2060
2184
2129
2147
2009
2193
2196
1919
1983
2166
2069
2098
2050
2148
2095
2365
2449
2741
2520
2463
2437
2719
2545
2517
2451
2528
2546
2569
2483
2694
2533
2543
2594
2573
2613
2542
2635
2592
2573
2585
2503
2718
2616
2521
2470
2803
2638
2631
2597
2678
2647
2573
2521
2759
2627
2513
2587
2802
2737
2633
2573
2867
2702
2674
2599
2736
2723
2691
2596
2754
2734
2676
2720
2818
2693
2608
2629
2886
2778
2799
2664
2793
2735
2727
2639
2745
2757
2779
2692
2861
2820
2820
2685
2836
2812
2780
2761
2812
2833
2752
2639
2908
2775
2694
2726
2900
2873
2778
2752
2831
2808
2784
2786
2937
2868
2741
2743
2871
2808
2813
2744
2940
2782
3121
2947
3063
3058
2812
