10277
3611
2318
4102
3536
3439
3361
3639
3555
3443
3574
3630
4036
3498
3338
3645
4036
3437
3337
3649
3554
3483
3352
3890
3551
3431
3355
3692
3557
3434
3349
3675
3530
3431
3348
3622
3542
3441
3343
3627
3538
3442
3339
3627
3539
3440
3350
3648
3525
3431
3342
3616
3507
3451
3359
3631
3540
3435
3344
3942
3539
3416
3342
3645
3549
3404
3350
3622
3546
3433
3351
3625
3540
3449
3334
3643
3541
3451
3335
3629
3566
3415
3345
3621
3523
3434
3356
3635
3539
3444
3326
3633
3545
3443
3342
3594
3526
3433
3332
3635
3540
3444
3347
3626
3536
3418
3350
3641
3528
3436
3357
3618
3537
3453
3342
3633
3538
3455
3363
3638
3537
3414
3347
3633
3553
3438
3345
3631
3553
3441
3345
3633
3527
3442
3361
3630
3534
3426
3353
3621
3536
3417
3356
3622
3513
3429
3365
3635
3531
3447
3368
3635
3527
3436
3355
3652
3533
3431
3355
3633
3519
3437
3347
3592
3526
3441
3342
3640
3534
3431
3340
3630
3538
3435
3343
3631
3555
3409
3353
3655
3500
3430
3332
3634
3547
3438
3341
3631
3538
3447
3326
3634
3554
3453
3343
3631
3548
3435
3356
3635
3542
3406
3344
3649
3536
3434
3349
3651
3763
3446
3350
3621
3533
3449
3645
3646
3547
3444
3332
3640
3539
3433
3331
3640
3531
3456
3350
3634
3558
3435
3336
3607
3544
3443
3354
3640
3542
3453
3351
3635
3538
3457
3337
3626
3524
3414
3349
3627
3541
3437
3361
3649
3547
3416
3351
3634
3522
3429
3351
3633
3547
3445
3344
3643
3541
3446
3319
3631
3533
3433
3351
3641
3535
3446
3372
3857
3533
3452
3355
3635
3533
3434
3338
3633
3556
3452
3337
3650
3537
3647
3358
3641
3550
3442
3366
3638
3538
3434
3359
3642
3541
3437
3356
3636
3560
3438
3352
3876
3539
3444
3356
3627
3583
3452
3362
3620
3551
3455
3358
3860
3531
3449
3344
3640
3544
3435
3362
3639
3556
3426
3354
3637
3543
3477
3349
3640
3521
3446
3366
3636
3534
3432
3318
3650
3552
3447
3355
3862
3536
3451
3355
3638
3543
3451
3333
3616
3526
3453
3412
3640
3533
3459
3350
3644
3504
3452
3346
3657
3531
3431
3371
3654
3551
3445
3354
3650
3537
3444
3360
3641
3553
3451
3342
3641
3552
3425
3331
3629
3563
3454
3343
3646
3527
3459
3346
3620
3551
3453
3361
3629
3779
3444
3340
3645
3539
3452
3346
3643
3539
3426
3372
3639
3538
3427
3343
3629
3544
3426
3333
3622
3549
3429
3361
3639
3551
3443
3338
3660
3545
3444
3364
3635
3532
3459
3361
3646
3533
3438
3360
3635
3549
3442
3349
3630
3542
3451
3352
3643
3537
3455
3334
3634
3551
3440
3358
3646
3544
3454
3357
3646
3537
3446
3342
3646
3540
3455
3353
3649
3556
3446
3342
3645
3534
3641
3359
3646
3536
3435
3344
3636
3553
3439
3331
3655
3521
3448
3328
3625
3532
3454
3338
3653
3540
3446
3357
3638
3556
3445
3346
3641
3542
3465
3353
3640
3545
3440
3364
3670
3536
3422
3341
3646
3517
3442
3359
3628
3584
3429
3340
3632
3538
3451
3351
3643
3535
3451
3334
3653
3536
3439
3336
3650
3542
3452
3350
3631
3544
3456
3358
3616
3544
3462
3344
3639
3526
3397
3353
3647
3518
3422
3349
3883
3539
3439
3328
3652
3532
3437
3364
3647
3532
3437
3364
3634
3540
3442
3349
3637
3557
3452
3355
3630
3529
3450
3365
3621
3539
3453
3348
3643
3558
3440
3339
3624
3549
3428
3348
3648
3530
3472
3346
3658
3528
3452
3352
3904
3545
3445
3338
3628
3546
3458
3345
3645
3528
3454
3354
3626
3531
3456
3354
3641
3550
3458
3342
3633
3543
3464
3348
3620
3543
3456
3348
3650
3545
3440
3333
3648
3538
3438
3341
3653
3549
3438
3358
3643
3538
3444
3347
3644
3557
3427
3340
3628
3525
3432
3348
3632
3555
3442
3359
3652
3524
3445
3344
3635
3542
3451
3345
3635
3535
3458
3360
3633
3544
3461
3362
3661
3539
3440
3330
3642
3555
3436
3349
3648
3551
3432
3376
3615
3543
3437
3331
3633
3546
3445
3342
3627
3542
3440
3358
3630
3549
3349
3876
4255
2829
3429
3354
3863
3541
3689
3354
3633
3531
3451
3335
3632
4216
3439
4030
3627
4212
3227
3104
4339
3530
4053
3290
4721
3265
3444
3339
3630
3132
3422
4415
3535
4046
3260
3234
3598
3455
3415
3299
4313
3510
4510
3272
4326
3485
3417
3126
3453
3292
3448
4543
3605
4247
3263
2577
4010
3347
2364
2405
4296
3374
4125
3157
3334
3386
3221
4016
3426
4211
3357
3918
3145
3553
3447
2405
4236
3037
4119
3176
4277
3475
3041
3279
3242
2588
3180
2611
3968
4083
3201
3892
3602
3476
3213
3338
3642
3550
3458
3348
3643
3542
3481
3361
3636
3556
3454
3372
3633
3531
3447
3354
3855
3535
3427
3355
3881
3542
4131
3960
4319
3466
4095
3173
4650
4195
3123
3942
3473
4131
3337
4011
3249
3555
3441
3368
3635
3555
3663
3558
3654
3536
3581
2623
3654
3082
3520
3148
3628
4318
3288
3274
3589
3493
3199
3334
4410
3521
4121
3320
3576
3124
2834
3116
3535
4204
3387
4036
3602
3501
3390
3230
3618
3531
3455
3339
3638
3739
3438
3340
3625
3556
3447
3335
3658
3535
3466
3341
3633
3547
3456
3564
3879
3550
3446
3355
3631
3537
3431
3358
3639
3533
3458
3362
3640
3545
3442
3358
3643
3531
3440
3343
3643
3533
3436
3389
3625
3532
3657
3374
3933
3551
3452
3343
3631
3551
3448
3355
3629
3546
3451
3362
3635
3549
3434
3346
3647
3556
3439
3331
3620
3556
3427
3352
3860
3547
3442
3361
3635
3546
3434
3341
3860
3536
3441
3344
3659
3544
3437
3341
3632
3539
3446
3338
3884
3546
3654
3560
3637
3551
3469
3349
3643
3538
3431
3345
3647
3546
3436
3363
3633
3555
3436
3350
3644
3552
3436
3343
3640
3550
3438
3379
3954
3845
3679
3368
3631
3548
3443
3344
3627
3540
3664
3348
3645
3517
