6699
1008
969
2040
1877
2095
1743
1798
1662
1883
1929
2040
2038
2092
1745
1828
1837
1883
1785
1819
2047
2075
1740
1789
1833
1876
1934
1981
2031
2077
1728
1788
1831
1884
1936
1983
2046
2100
1744
1782
1831
1885
1928
2001
2048
2105
1721
1586
1829
1895
1931
1981
2036
2084
1729
1612
1869
1886
1930
1737
2037
2086
1730
1779
1835
1937
1929
1975
2044
2082
1730
1777
1830
1877
1936
1983
2030
2074
1727
1777
1668
1883
1945
1997
2039
2083
1733
1838
1833
1871
1927
1986
2032
2097
1743
1786
1841
1877
1931
1986
2041
2077
1743
1770
1828
1764
1930
1984
2037
2101
1729
1783
1888
1727
1944
1983
2023
2084
1732
1645
1834
1903
1941
1991
2030
2082
1732
1779
1834
1897
1941
1977
2029
2149
1729
1792
1836
1891
1942
1982
2035
1923
1575
1803
1849
1876
1946
1979
2031
2083
1731
1780
1834
1885
1929
1985
2040
2094
1742
1603
1830
1888
1778
1981
2036
2088
1728
1789
1837
1897
1930
1979
2035
2155
1732
1791
1845
1879
1927
1848
2031
2085
1726
1776
1828
1888
1928
1991
2035
2085
1729
1774
1849
1892
1955
1985
2031
2085
1736
1782
1832
1877
1986
1988
2030
2083
1735
1798
1654
1875
1917
1976
2029
2080
1725
1780
1832
1882
1981
1990
2042
2079
1728
1773
1830
1881
1929
1980
2037
2082
1723
1775
1833
1883
1942
1982
2034
2087
1728
1778
1902
1884
1930
1977
2034
2098
1737
1778
1831
1883
1943
1983
2042
2102
1740
1782
1826
1884
1925
1835
2039
2102
1731
1786
1845
1897
1947
1988
2033
1942
1734
1777
1832
1879
1914
1989
2038
2086
1729
1775
1906
1889
1939
1985
2025
2083
1715
1780
1886
1883
1933
1989
2044
2078
1732
1794
1824
1885
1945
1981
2034
2084
1730
1784
1830
1876
1928
1983
2031
2101
1740
1778
1830
1877
1945
1986
2030
2080
1731
1789
1849
1879
1929
1983
2031
2087
1731
1779
1826
1880
1927
1989
2047
2103
1731
1783
1830
1881
1931
1814
2063
2098
1741
1784
1832
1891
1926
1811
1911
2088
1734
1780
1839
1878
1929
1981
1892
2098
1739
1797
1844
1876
1771
2026
2046
2099
1734
1825
1655
1882
1926
1993
2041
2102
1742
1606
1837
1881
1938
1812
2034
2100
1736
1783
1825
1887
1942
1995
2028
2080
1727
1598
1842
1889
1935
1982
2034
2090
1728
1778
1823
1874
1939
1978
2032
2080
1721
1632
1843
1888
1933
1985
1893
2127
1735
1780
1835
1870
1926
2045
2034
2100
1733
1784
1831
1710
1938
1977
2033
2085
1732
1790
1842
1895
1927
1975
2033
2081
1727
1775
1835
1881
1932
1841
2043
2105
1739
1607
1835
1952
1931
1990
2039
2083
1727
1777
1845
1880
1926
1980
2035
1955
1738
1775
1827
1887
1771
2018
2038
2101
1733
1783
1844
1874
1924
1992
2028
2083
1723
1787
1831
1879
1931
1975
2045
2109
1740
1777
1850
1882
1935
1974
2024
2084
1726
1794
1843
1897
1927
1977
2032
2078
1726
1793
1842
1897
1936
1991
2038
2084
1732
1787
1890
1882
1943
1991
2044
2093
1726
1779
1843
1902
1930
1987
2041
2103
1723
1783
1849
1884
1940
1987
2043
1930
1738
1776
1830
1877
1935
1847
2037
2101
1743
1798
1826
1944
1936
1983
2035
2099
1741
1789
1856
1873
1921
1982
1874
2087
1751
1796
1838
1890
1986
1988
2034
2083
1580
1785
1835
1879
1929
1976
2034
2082
1732
1789
1841
1897
1929
1977
2033
2087
1733
1789
1832
1892
1933
1997
2041
2098
1744
1614
1832
1884
1765
1836
2045
2101
1734
1839
1825
1875
1929
1984
2026
2081
1725
1781
1893
1876
1931
1998
2040
2083
1728
1776
1845
1878
1926
2054
2034
2101
1737
1800
1824
1877
1799
1987
2030
2083
1732
1612
1881
1907
1938
1976
2030
1921
1725
1776
1828
1886
1941
2001
2031
2082
1580
1779
1844
1880
1933
1977
2027
2085
1729
1781
1834
1903
1931
1975
2026
2084
1736
1781
1834
1880
1927
2004
2030
2091
1740
1768
1829
1749
1931
1997
2039
2080
1732
1779
1839
1884
1942
2006
2034
2078
1555
1790
1844
1872
1930
1819
2036
2086
1726
1780
1827
1889
1922
1984
2035
2082
1723
1777
1662
1902
1930
1981
2048
2092
1732
1789
1828
1888
1931
1990
2031
2106
1735
1778
1829
1878
1930
2004
2027
2083
1726
1780
1832
1882
1928
1974
2026
2086
1588
1606
1845
1895
1945
1980
2028
1937
1733
1789
1841
1883
1933
1983
2107
2084
1741
1789
1845
1878
1927
1983
2091
2092
1733
1784
1829
1889
1927
1999
2043
2148
1759
1781
1845
1942
1934
1981
2033
2086
1731
1779
1828
1719
1954
2001
2036
2089
1732
1777
1831
1739
1933
1984
2044
2084
1728
1777
1836
1893
1926
1794
2033
2086
1725
1785
1831
1888
1942
2003
2042
2097
1720
1605
1835
1890
1929
1999
2031
2082
1734
1770
1829
1881
1931
1995
2037
2080
1734
1842
1837
1892
1943
1977
2034
2082
1731
1794
1836
1867
1922
1985
2033
2086
1735
1778
1829
1873
1939
1981
2033
2081
1732
1777
1825
1881
1765
2014
2033
2083
1732
1780
1844
1887
1944
2000
2031
2148
1592
1802
1844
1902
1939
2001
2031
2083
1578
1783
1844
1897
1944
1997
2027
2076
1729
1780
1838
1875
1930
2006
2042
2091
1726
1772
1827
1889
1934
1993
2035
2094
1733
1776
1824
1883
1944
1992
2044
2082
1728
1787
1829
1739
1923
1983
2034
2087
1735
1778
1836
1895
1941
1984
2030
2081
1796
1791
1829
1890
1948
2003
2033
2084
1734
1776
1844
1902
1932
1987
2031
2081
1732
1774
1856
1889
1945
1999
2046
2079
1735
1776
1829
1882
1998
1992
2033
2085
1731
1607
1841
1710
1931
1998
2043
2088
1736
1846
1838
1886
1941
1996
2033
2088
1731
1793
1832
1876
1933
1980
1899
2092
1725
1835
1843
1879
1928
1978
2034
2089
1733
1834
1680
1903
1938
1975
2034
2085
1563
1785
1824
1901
1938
1995
2038
2085
1734
1796
1904
