8159
742
678
905
1035
1103
1411
1191
1118
1175
1099
1392
1098
1092
1387
1284
1136
1091
1422
1400
1397
1190
1119
1206
1110
1197
1190
1185
1181
1100
1246
1067
1220
1050
1404
1094
1159
1089
1083
1191
1418
1110
1349
1138
1061
1204
1182
1102
1407
1104
1171
1119
1367
1103
1103
1082
1181
1354
1126
1273
1090
1195
1107
1216
1118
1067
1175
1128
1060
1188
1086
1188
1102
1091
1127
1169
1170
1097
1112
1180
1191
1198
1188
1157
1084
1114
1110
1105
1094
1397
1108
1187
1325
1416
1110
1389
1192
1086
1371
1208
1379
1099
1433
1394
1105
1106
1167
1115
1070
1403
1105
1116
1127
1105
1215
1193
1146
1115
1106
1097
1106
1353
1101
1202
1065
1110
1183
1185
1056
1106
1419
1183
1159
1117
1215
1199
1176
1388
1105
1179
1093
1085
1396
1101
1105
1374
1400
1119
1349
1115
1121
1207
1115
1176
1130
1412
1339
1099
1427
1106
1323
1170
1100
1249
1016
1385
1167
1104
1099
1194
1183
1193
1143
1182
1391
1139
1409
1108
1104
1095
1076
1172
1090
1029
1077
1126
1418
1186
1146
1192
1101
1182
1136
1428
1438
1417
1086
1394
1106
1410
1407
1084
1176
1121
1066
1148
1113
1182
1100
1199
1095
1113
1353
1391
1094
1372
1192
1107
1080
1132
1151
1115
1188
1116
1109
1219
1104
1377
1151
1193
1091
1415
1108
1110
1091
1388
1160
1099
1113
1403
1105
1194
1180
1177
1148
1092
1096
1419
1108
1110
1380
1109
1094
1403
1100
1109
1126
1411
1203
1420
1077
1130
1414
1102
1389
1117
1361
1105
1336
1102
1428
1202
1358
1413
1106
1217
1161
1218
1204
1114
1359
1413
1404
1086
1384
1090
1420
1202
1099
1101
1089
1341
1077
1105
1410
1108
1217
1174
1192
1092
1344
1109
1348
1365
1126
1401
1186
1121
1384
1105
1103
1199
1164
1363
1362
1397
1328
1187
1377
1101
1109
1081
1409
1374
1330
1082
1102
1452
1191
1379
1181
1208
1078
1123
1219
1105
1188
1112
1088
1426
1338
1085
1086
1097
1087
1379
1373
1436
1364
1213
1360
1118
1363
1341
1107
1121
1064
1097
1421
1428
1401
1101
1409
1381
1155
1381
1177
1180
1198
1410
1185
1188
1368
1164
1105
1366
1079
1437
1109
1099
1208
1121
1182
1111
1416
1164
1110
1116
1382
1424
1110
1188
1429
1103
1090
1105
1150
1390
1101
1412
1191
1405
1413
1158
1355
1107
1184
1105
1097
1085
1119
1197
1069
1407
1325
1039
1388
1358
1187
1113
1085
1204
1106
1217
1387
1327
1111
1161
1083
1109
1409
1096
1394
1360
1408
1374
1138
1120
1130
1106
1222
1193
1121
1385
1099
1180
1172
1095
1419
1379
1193
1181
1078
1402
1412
1110
1426
1396
1397
1187
1062
1174
1211
1113
1210
1096
1181
1352
1098
1205
1089
1188
1057
1108
1179
1119
1342
1190
1100
1101
1423
1102
1428
1111
1071
1420
1360
1102
1399
1431
1184
1180
1352
1204
1191
1483
1174
1109
1177
1107
1088
1332
1103
1094
1172
1098
1173
1405
1152
1133
1427
1180
1116
1210
1185
1110
1379
1111
1107
1416
1189
1105
1434
1099
1359
1100
1117
1109
1112
1099
1160
1042
1243
1126
1106
1091
1407
1407
1090
1105
1151
1366
1347
1104
1372
1378
1198
1410
1134
1157
1388
1120
1358
1104
1354
1406
1143
1115
1107
1415
1105
1398
1396
1120
1394
1104
1370
1415
1366
1179
1104
1113
1075
1183
1416
1115
1107
1211
1344
1107
1385
1179
1099
1122
1129
1440
1426
1188
1063
1439
1105
1177
1105
1372
1198
1095
1165
1100
1362
1119
1124
1205
1191
1380
1086
1359
1108
1096
1108
1106
1365
1089
1381
1408
1095
1199
1089
1109
1110
1197
1064
1182
1216
1089
1101
1368
1102
1118
1190
1194
1114
1379
1078
1356
1120
1076
1254
1105
1187
1382
1104
1093
1108
1186
1052
1186
1099
1386
1136
1104
1354
1390
1070
1112
1116
1120
1193
1379
1096
1183
1076
1091
1352
1112
1105
1179
1111
1098
1371
1084
1119
1116
1109
1120
1115
1104
1149
1178
1188
1401
1403
1201
1176
1384
1107
1111
1095
1091
1112
1408
1204
1390
1248
1387
1402
1376
1116
1105
1103
1408
1074
1192
1102
1103
1384
1091
1092
1122
1173
1112
1122
1175
1199
1194
1197
1115
1379
1101
1104
1097
1113
1444
1155
1116
1064
1425
1191
1192
1106
1194
1109
1163
1075
1350
1105
1349
1183
1106
1109
1418
1389
1121
1392
1111
1109
1114
1188
1140
1146
1107
1431
1137
1098
1100
1420
1399
1076
1093
1387
1390
1403
1392
1371
1419
1135
1190
1191
1173
1111
1387
1087
1111
1068
1418
1414
1444
1176
1411
1106
1126
1403
1111
1378
1201
1414
1185
1171
1102
1227
1346
1370
1100
1404
1116
1099
1401
1143
1356
1107
1212
1194
1133
1426
1183
1081
1109
1080
1380
1346
1346
1103
1370
1072
1105
1345
1092
1188
1124
1110
1401
1050
1183
1130
1102
1404
1101
1109
1377
1378
1099
1385
1110
1355
1123
1118
1118
1144
1135
1186
1419
1103
1091
1390
1107
1075
1377
1398
1377
1087
1103
1416
1117
1085
1110
1116
1118
1182
1179
1132
1301
1478
1528
1506
1290
1276
1278
1270
1313
1265
1522
1308
1298
1301
1295
1331
1314
1288
1552
1306
1322
1313
1294
1289
1292
1248
1525
1296
1295
1305
1281
1286
1303
1254
1322
1306
1535
1300
1294
1292
1297
1480
1521
1508
1284
1262
1321
1555
1295
1505
1540
1271
1290
1292
1290
1287
1192
1263
1538
1297
1288
1273
1288
1517
1280
1377
1228
1273
1517
1274
1276
1297
1300
1263
1306
1534
1509
1278
1291
1426
1284
1479
1533
1293
1271
1315
1299
1540
1260
1253
1532
1320
1536
1285
1292
1298
1555
1265
1299
1549
1324
1320
1323
1544
1335
1307
1311
1314
1315
1559
1545
1539
1297
1252
1307
1304
1542
1550
1536
1322
1308
1262
1298
1293
1286
1317
1552
1234
1254
1477
1283
1293
1286
1293
1298
1296
1305
1268
1534
1287
1297
1231
