8214
1531
1522
2615
2249
2589
2384
2608
2355
2454
2361
2570
2359
2573
2351
2571
2362
2562
2360
2561
2346
2554
2362
2565
2226
2557
2369
2390
2065
2273
2064
2268
2075
2263
2065
2266
2061
2281
1969
2270
2067
2267
2068
2259
2061
2267
2065
2271
2066
2259
2079
2137
2067
2267
2071
2270
2071
2261
2070
2277
2062
2261
2068
2274
2065
2257
2073
2260
2079
2282
2076
2264
2071
2295
2062
2276
2058
2255
2060
2268
1960
2313
1944
2150
1952
2278
2069
2257
2058
2264
2047
2269
2059
2261
2070
2258
2054
2261
2072
2257
2066
2275
2067
2253
2055
2268
2066
2258
2065
2271
2057
2276
2056
2264
2088
2266
2048
2269
2092
2265
2063
2274
2062
2256
2053
2266
2068
2270
2058
2274
2117
2281
1934
2256
2091
2268
2057
2271
2073
2279
2066
2255
2077
2257
2072
2274
2064
2265
2051
2283
2071
2289
2072
2271
2067
2260
1963
2287
2066
2266
2088
2274
2057
2279
2077
2265
2063
2274
2067
2275
2056
2264
2073
2264
2078
2262
2064
2266
2061
2250
2075
2269
2049
2264
2068
2252
2070
2267
2065
2274
2064
2265
2073
2148
2066
2266
2070
2249
2063
2278
2078
2274
2068
2263
2075
2247
2052
2272
2080
2265
2062
2261
2059
2258
2060
2258
2066
2255
2077
2270
2059
2259
2062
2269
2078
2259
2059
2277
2070
2271
2062
2272
2057
2281
2066
2267
2104
2272
2052
2276
2067
2269
2062
2277
2076
2258
2062
2272
2060
2268
2067
2259
2064
2270
2063
2253
2063
2254
2072
2269
2072
2270
2059
2257
2068
2250
2066
2264
2060
2251
1944
2264
2076
2276
2072
2261
2074
2277
2066
2263
2066
2282
2060
2269
2055
2271
1933
2288
2066
2264
2061
2256
2072
2264
2057
2266
2072
2280
2061
2264
2078
2306
2052
2271
2057
2264
2059
2272
2078
2261
2071
2273
2072
2261
2058
2267
2077
2275
2069
2274
2082
2270
2058
2271
2098
2261
2053
2266
1973
2273
2073
2261
2082
2264
2064
2275
2071
2139
2080
2278
2092
2259
2074
2268
2081
2260
2058
2264
2079
2282
2076
2275
2082
2273
2077
2265
2085
2257
2076
2270
2074
2266
2060
2287
2081
2256
2068
2270
2080
2288
2074
2277
2094
2254
2065
2268
2080
2262
2054
2268
2085
2271
2065
2277
2075
2272
2055
2258
2078
2263
2078
2259
2077
2262
2072
2269
2079
2273
2059
2268
2080
2274
2063
2281
2070
2272
2053
2265
2072
2272
2071
2270
2089
2257
2070
2251
2069
2267
2073
2272
2095
2253
2070
2277
2090
2261
2062
2259
2092
2260
2068
2265
1938
2282
2059
2270
2084
2263
2059
2265
2091
2286
2076
2276
2080
2259
2081
2269
2128
2271
2062
2264
2079
2265
2079
2278
2076
2281
2062
2269
2078
2265
2074
2268
2088
2262
2061
2267
2084
2257
2075
2273
2076
2264
2077
2280
2089
2266
2069
2279
2091
2306
2074
2147
2075
2272
2064
2272
2087
2271
2061
2280
2088
2257
2074
2280
2091
2268
2082
2258
2081
2265
2065
2275
2084
2262
2057
2263
2079
2259
2068
2271
2093
2259
2072
2263
2087
2273
2075
2291
2082
2275
2068
2267
2081
2261
2070
2266
2090
2259
2051
2285
2087
2272
2061
2273
2099
2284
2075
2264
2086
2273
2061
2266
2077
2266
2069
2266
2088
2260
2064
2262
2080
2273
2076
2280
2095
2259
2065
2262
2090
2284
2055
2273
2082
2268
2056
2274
2079
2276
2074
2276
2075
2276
2062
2262
2082
2287
1946
2280
2073
2268
2070
2285
2098
2270
2071
2258
2102
2277
2062
2274
2096
2271
2068
2266
2076
2249
2070
2270
2099
2275
2059
2279
2103
2268
2080
2274
2085
2280
2067
2278
2073
2267
2069
2270
2069
2265
2066
2276
2069
2276
2057
2269
2079
2130
2077
2265
2091
2259
2056
2284
2092
2262
2068
2277
2093
2268
2082
2265
2091
2288
2075
2261
2105
2258
2071
2265
2093
2261
2070
2280
2069
2269
2062
2262
2076
2266
2057
2267
2085
2253
2054
2265
2097
2277
2078
2282
2093
2276
2057
2290
2078
2272
2081
2277
2096
2253
2070
2277
2081
2274
1947
2279
2080
2276
2064
2271
2070
2266
2060
2271
2079
2251
2069
2274
2080
2261
2066
2272
2090
2266
2080
2281
2078
2272
2077
2266
2079
2268
2068
2274
2084
2266
2069
2252
2104
2271
2074
2271
2079
2264
2079
2273
2068
2281
2063
2262
2084
2277
2074
2274
2097
2268
2063
2274
2079
2263
2061
2275
2089
2259
2068
2278
2070
2278
2061
2280
2083
2245
2067
2258
2085
2266
2075
2264
2096
2267
2073
2278
2065
2267
2082
2278
2084
2265
2057
2263
2077
2139
2064
2287
2100
2255
2075
2276
2079
2261
2070
2265
2070
2267
2073
2272
2096
2258
2068
2278
2091
2270
2075
2275
2083
2273
2065
2266
2080
2281
2065
2264
2067
2265
2063
2266
2080
2273
2065
2265
2087
2248
2058
2276
2107
2263
2068
2275
2077
2270
2052
2273
2085
2334
1949
2298
2529
2332
1948
2279
2069
2269
2082
2283
2070
2270
2070
2266
2066
2250
2074
2292
2063
2277
2068
2290
2077
2270
2076
2284
2069
2259
2074
2314
2078
2267
2081
2293
2065
2276
2066
2291
2082
2261
2080
2275
2079
2269
2070
2310
2082
2283
2104
2288
2063
2267
2079
2278
2053
2263
2063
2305
2059
2262
2056
2282
2054
2267
2086
2274
2079
2271
2065
2294
2061
2259
2056
2293
2067
2277
2064
2285
2059
2252
2074
2278
2074
2258
2070
2275
2073
2253
2066
2282
1930
2281
2067
2289
2060
2260
2061
2282
2052
2286
2072
2300
2062
2251
2092
2289
2067
2257
2062
2298
2065
2255
2059
2292
2055
2280
2079
2268
2077
2268
2074
2287
2068
2259
2057
2293
2067
2275
2061
2290
2090
2256
2053
2291
2061
2255
2078
2280
2068
2266
2068
2304
2061
2280
2062
2294
2070
2277
2069
2277
2069
2266
2064
2289
2065
2275
2068
2305
2057
2265
2073
2295
2051
2274
2053
2284
2067
2273
2065
2298
2071
2253
2062
2278
2063
2255
2069
2279
2180
