8308
2418
2362
3636
3380
3439
3319
3642
3549
3674
3344
3623
4304
3425
3390
3597
3535
3402
3354
3626
3535
3900
3320
3617
3530
3404
3353
4112
3506
3433
3349
5086
3761
3381
3347
3613
3530
3468
3341
3618
3522
3438
3358
3634
3518
3431
3339
3853
3522
3443
3353
3615
3559
3430
3353
3622
3507
3412
3355
3885
3537
3412
3340
3620
3526
3435
3348
3631
3537
3423
3336
3628
3527
3440
3317
3624
3534
3443
3349
3633
3533
3419
3339
3610
3546
3413
3323
3599
3557
3399
3337
3655
3532
3418
3352
3626
3507
3439
3368
3627
3529
3403
3351
3603
3527
3436
3336
3622
3525
3449
3346
3850
3522
3413
3354
3633
3527
3421
3403
3604
3513
3419
3310
3590
3554
3416
3350
3649
3535
3409
3313
3604
3518
3439
3330
3578
3521
3417
3377
3640
3543
3423
3355
3623
3748
3423
3328
3635
3521
3433
3340
3607
3533
3423
3333
3641
3537
3422
3335
3630
3755
3435
3350
3623
3533
3424
3329
3633
3529
3443
3369
3603
3540
3437
3362
3618
3528
3655
3345
3596
3530
3426
3351
3635
3542
3405
3351
3632
3539
3415
3313
3619
3529
3426
3338
3644
3512
3422
3354
3629
3756
3438
3333
3614
3526
3434
3345
3633
3528
3660
3330
3652
3549
3424
3345
3640
3549
3420
3318
3623
3778
3421
3346
3625
3556
3415
3339
3612
3529
3424
3369
3601
3524
3437
3347
3606
3533
3448
3351
3623
3536
3428
3350
3619
3509
3876
3342
3645
3528
3421
3332
3608
3525
3420
3349
3628
3532
3417
3328
3637
3503
3417
3353
3635
3538
3423
3347
3614
3538
3425
3329
3850
3495
3454
3329
3627
3521
3436
3330
3608
3528
3659
3335
3607
3532
3430
3344
3621
3522
3428
3351
3622
3527
3426
3318
3624
3519
3435
3338
3630
3534
3401
3362
3636
3536
3407
3330
3861
3501
3405
3335
3626
3518
3445
3331
3671
3539
3391
3348
3602
3525
3409
3338
3622
3554
3430
3322
3632
3522
3651
3345
3606
3746
3431
3344
3639
3554
3654
3338
3640
3543
3416
3324
3632
3514
3417
3344
3619
3494
3642
3322
3639
3524
3419
3316
3634
3536
3442
3338
3631
3527
3444
3346
3628
3524
3446
3325
3625
3531
3424
3370
3637
3541
3416
3346
3634
3532
3402
3318
3872
3521
3444
3363
3611
3511
3431
3350
3619
3538
3424
3348
3638
3532
3437
3349
3621
3517
3409
3343
3621
3543
3444
3358
3634
3541
3426
3333
3622
3503
3664
3334
3634
3532
3442
3343
3583
3544
3426
3338
3625
3537
3411
3370
3605
3533
3431
3346
3633
3542
3433
3326
3638
3535
3432
3348
3639
3538
3444
3322
3613
3550
3395
3324
3599
3559
3415
3342
3622
3523
3444
3351
3649
3535
3415
3359
3630
3502
3457
3332
3634
3518
3424
3338
3626
3538
3646
3315
3624
3535
3420
3332
3642
3524
3449
3340
3619
3535
3429
3346
3622
3539
3445
3323
3621
3525
3428
3354
3641
3536
3437
3339
3626
3519
3436
3333
3625
3530
3421
3322
3641
3523
3651
3345
3634
3532
3431
3324
3613
3513
3478
3330
3617
3520
3442
3334
3635
3550
3427
3330
3589
3516
3411
3331
3657
3507
3650
3333
3616
3509
3430
3352
3621
3524
3417
3556
3617
3520
3431
3345
3634
3529
3434
3335
3635
3557
3435
3319
3625
3526
3429
3341
3625
3529
3425
3339
3613
3549
3405
3339
3625
3490
3433
3328
3648
3520
3660
3326
3642
3519
3441
3345
3601
3524
3417
3330
3619
3546
3433
3329
3611
3576
3429
3339
3612
3530
3410
3340
3842
3513
3436
3345
3626
3537
3423
3337
3583
3544
3419
3328
3627
3533
3418
3322
3600
3523
3441
3332
3603
3535
3405
3323
3621
3526
3415
3326
3609
3526
3427
3323
3617
3510
3446
3319
3616
3548
3438
3332
3622
3523
3420
3341
3608
3522
3625
3330
3622
3526
3419
3346
3629
3505
3425
3329
3604
3508
3422
3333
3622
3533
3403
3316
3631
3528
3420
3330
3629
3531
3422
3327
3619
3767
3426
3336
3625
3501
3416
3327
3610
3533
3424
3358
3603
3524
3427
3327
3595
3493
3420
3305
3606
3522
3422
3341
3598
3511
3412
3352
3603
3519
3435
3335
3617
3524
3422
3327
3632
3744
3438
3338
3617
3543
3425
3346
3585
3526
3434
3333
3631
3523
3409
3345
3614
3526
3421
3341
3614
3537
3433
3355
3628
3523
3406
3338
3618
3522
3412
3334
3625
3533
3427
3331
3623
3523
3423
3326
3624
3531
3422
3340
3607
3489
3426
3310
3641
3523
3412
3341
3603
3529
3443
3341
3613
3541
3429
3347
3621
3530
3434
3323
3587
3539
3418
3547
3618
3512
3401
3317
3609
3531
3441
3330
3612
3509
3416
3325
3606
3527
3413
3349
3634
3525
3402
3347
3607
3542
3432
3328
3627
3516
3416
3341
3635
3504
3418
3323
3622
3511
3413
3341
3621
3535
3417
3310
3622
3519
3404
3325
3608
3517
3428
3341
3634
3527
3421
3337
3621
3522
3422
3348
3602
3525
3416
3326
3618
3515
3424
3344
3634
3735
3426
3338
3632
3533
3404
3320
3622
3531
3411
3302
3617
3531
3422
3334
3631
3522
3403
3332
3614
3541
3403
3316
3622
3495
3407
3339
3621
3533
3426
3360
3615
3533
3417
3326
3610
3517
3440
3312
3608
3520
3417
3347
3625
3552
3436
3354
3639
3529
3439
3336
3614
3517
3426
3338
3639
3546
3437
3360
3614
3537
3410
3357
3621
3516
3426
3337
3635
3520
3408
3314
3604
3532
3646
3335
3625
3531
3429
3338
3618
3515
3424
3340
3603
3536
3416
3330
3626
3523
3412
3338
3627
3532
3415
3337
3600
3517
3424
3377
3630
3527
3407
3315
3841
3536
3440
3349
3609
3528
3429
3327
3601
3561
3411
3332
3641
3525
3423
3345
3616
3528
3424
3564
3625
3506
3433
3350
3619
3541
3415
3346
3606
3550
3431
3331
3624
3524
3422
3304
3624
3517
3434
3350
3621
3534
3427
3560
3605
3519
3441
3319
3613
3608
3423
3544
3611
3524
3411
3332
3630
3531
3654
3330
3624
3510
3424
3318
3604
3509
3410
3338
3628
3492
