7265
402
429
355
591
461
457
429
367
409
330
386
425
465
406
458
438
378
418
438
433
445
458
442
456
412
434
445
311
342
441
418
434
402
348
381
432
443
427
452
442
418
441
438
417
438
364
344
446
416
428
356
451
448
425
443
455
400
421
434
447
470
444
459
433
419
430
437
432
444
446
319
374
414
375
420
413
453
436
423
424
419
435
437
433
444
418
448
426
441
418
442
456
437
323
404
438
417
432
446
427
439
441
438
436
423
442
441
420
426
419
434
433
439
439
423
453
430
437
427
447
423
445
443
447
471
456
350
489
359
427
372
390
469
371
414
438
337
350
410
413
424
450
418
442
413
418
422
436
438
428
462
443
434
437
449
314
397
444
426
451
401
441
433
434
428
456
433
479
404
440
437
447
467
455
437
406
404
443
441
436
427
418
422
437
400
445
309
364
385
395
449
438
459
435
459
435
358
420
349
400
423
466
425
351
391
423
444
447
384
433
446
447
306
360
431
430
430
423
439
461
418
429
423
412
408
439
436
423
436
431
433
345
390
430
417
412
428
440
365
398
423
448
442
364
410
380
381
354
381
436
433
432
419
438
442
452
398
443
428
406
450
443
454
432
414
422
466
435
436
420
447
431
381
449
343
374
374
403
446
443
417
357
400
420
452
424
458
430
363
378
383
372
425
456
382
391
421
449
423
599
453
420
439
439
399
438
420
310
337
393
429
368
348
425
429
447
440
458
453
447
332
390
372
399
439
421
424
457
361
449
429
431
450
444
443
445
419
446
450
442
423
449
423
417
389
428
438
431
438
434
448
446
430
445
423
411
413
417
415
435
384
432
457
416
457
424
424
379
415
344
396
466
445
436
429
466
361
436
416
426
340
393
447
425
411
435
431
440
433
325
415
371
372
433
418
430
428
368
388
433
365
406
414
432
437
432
456
438
419
435
356
405
393
387
391
401
391
422
448
434
413
435
452
445
429
447
442
445
444
444
452
440
405
442
434
362
399
434
433
409
420
438
448
433
447
499
439
407
375
318
403
426
426
430
426
450
398
414
453
348
378
442
450
435
415
443
418
356
399
407
428
440
406
457
441
398
434
440
356
400
415
445
444
325
389
412
381
402
412
452
416
439
432
429
427
349
365
440
448
442
372
375
389
432
410
388
379
426
442
432
357
377
357
382
442
468
425
369
405
364
370
386
400
386
399
436
391
396
367
389
439
426
433
420
427
360
360
392
405
414
426
435
441
438
360
392
434
418
426
435
429
426
422
431
462
351
392
420
429
420
418
427
450
433
425
420
350
395
363
450
429
450
455
443
436
397
416
431
445
420
459
420
477
416
413
420
435
431
443
434
431
460
362
487
435
442
425
427
443
433
405
431
473
432
419
446
425
461
411
446
433
446
408
389
452
436
438
417
434
416
436
447
478
423
419
440
448
436
307
415
428
437
413
433
445
450
434
387
434
351
355
425
442
440
441
438
419
386
384
449
418
448
415
473
329
388
389
453
447
427
440
465
429
438
317
374
439
405
433
430
448
444
422
431
442
451
432
442
443
444
412
447
441
434
427
445
430
412
417
420
439
411
443
368
435
458
420
447
317
401
405
396
407
430
434
430
435
430
431
430
453
447
384
429
446
407
428
424
415
438
423
432
430
412
445
328
412
413
399
452
427
453
436
467
445
441
420
438
418
427
418
436
330
380
416
419
439
411
436
438
437
433
437
437
421
426
328
410
417
440
412
443
435
439
428
452
453
446
442
437
446
398
420
461
439
448
416
417
441
333
361
430
357
399
432
436
449
367
393
381
389
435
409
443
373
416
384
394
416
423
382
443
447
428
354
387
431
437
420
365
392
438
426
423
441
444
412
430
344
365
452
453
430
429
445
444
433
442
455
367
404
444
412
439
417
369
368
438
444
429
384
449
431
437
437
438
338
380
407
439
434
394
327
329
355
460
394
468
508
579
619
599
604
615
601
621
622
620
594
607
517
604
593
654
623
625
605
620
641
620
573
611
630
618
669
646
625
505
566
591
600
628
602
500
589
625
599
638
621
612
623
596
530
564
562
545
585
583
603
630
612
619
557
620
560
582
566
624
624
666
638
597
612
636
628
630
563
597
559
629
630
670
618
659
624
639
580
575
618
612
624
635
647
610
616
619
621
617
654
647
643
562
505
649
657
660
625
666
652
646
586
645
653
571
597
632
685
636
535
618
626
636
638
664
658
655
604
649
632
621
636
529
631
605
570
629
636
634
645
705
639
661
610
659
651
655
647
629
650
454
