10615
875
849
897
1022
1063
1208
1247
1192
1070
1058
834
853
838
982
1293
1193
1186
876
1314
860
875
994
906
1457
827
832
1303
1278
1243
1303
1454
1361
1313
859
1282
1208
1175
1367
830
864
1444
1307
902
1255
1305
1187
954
1282
1261
1226
1232
1252
1259
1613
1315
1272
1200
1317
906
833
1186
1368
1297
835
1385
1572
1274
1239
911
1216
1369
903
1195
896
1297
850
1170
1300
1294
1228
1217
902
1282
1223
1265
900
879
890
1285
1376
1321
1231
1225
1381
1254
1178
1182
1331
953
896
1236
1485
889
1185
879
1347
1309
1391
1390
900
1278
1233
1148
1185
859
1213
1141
1346
1290
1230
1183
1355
1290
1393
1177
1571
1297
1366
1131
1486
1427
1276
1119
1344
1296
1470
1278
1323
1306
1212
1166
1301
1326
1259
1154
1319
1168
1199
1103
854
1247
1188
1311
864
1208
1195
1240
1342
1310
1134
1211
1554
839
1228
1235
909
1316
1170
1173
1126
1305
899
1185
1465
928
837
1231
1373
1267
1222
1193
1295
1294
1145
888
881
882
883
1178
1391
1387
1277
966
1542
1258
1182
859
1181
1305
1172
1247
1346
1279
877
983
1332
1269
1262
1247
910
1447
877
1182
1514
1752
944
982
1216
1780
1222
1297
1673
1313
864
1178
1325
1390
1225
895
1299
1267
1195
1175
1637
1256
1185
1448
1369
1373
1247
1223
1261
1289
1181
1141
1053
1333
907
1158
1144
1316
915
1337
879
1706
1188
914
862
1191
1341
1378
871
932
892
1319
1431
1332
836
919
859
848
1247
1394
890
1287
1204
1525
1246
1803
1229
1370
1365
1229
1410
1218
1311
985
1293
1168
1337
1284
1238
1347
1478
836
1292
1216
1349
1327
1244
1214
1826
1275
1393
1304
1399
1750
1206
877
934
1770
1292
1244
898
1247
1213
1202
1378
1364
1191
882
1313
853
1219
1207
1174
952
917
1363
1143
1740
1417
1340
1278
1417
1330
1166
1210
1247
886
1267
865
1390
1121
1222
880
1221
892
1225
1381
1231
1282
1267
1311
1343
1262
851
841
1333
1181
1833
1922
2144
1868
1892
1998
1581
1929
2022
1833
2045
1879
1835
2028
1990
1869
1865
1984
2005
1834
2197
2039
1993
2112
1873
2020
2052
1986
2024
2090
2306
2068
2136
2002
2067
2175
2444
2019
2145
1971
2007
2188
2264
2008
2423
2238
2116
4323
4452
5001
5088
4515
4423
5204
4974
4467
4462
5161
5143
841
896
1418
1088
1258
1279
867
902
1181
1149
1130
1166
1138
1138
1198
1298
1143
1115
1506
865
1089
1047
1437
1409
1389
1079
1253
811
863
1109
823
858
835
1196
1074
1123
1389
1064
1484
1266
831
1181
1254
1233
926
855
805
824
964
802
821
1271
791
1121
841
1180
1114
1086
1176
1483
820
800
1319
869
843
1147
863
1187
1129
1225
792
833
1431
833
1309
884
871
1091
1275
1215
836
801
1188
1248
1140
1328
1210
1328
1118
1197
1241
1134
1215
1093
831
819
1247
791
1241
858
1170
821
1252
1237
855
1211
1934
1899
1795
1667
1757
1960
1458
2015
1875
1954
1735
1904
1950
2007
2001
2101
1950
2128
1874
2133
1918
1957
1799
1800
2294
2044
1827
1838
2102
1997
1903
2080
2032
1928
1939
1839
2041
1895
1851
1874
2013
2021
2024
2257
2011
2015
2112
2300
2145
1945
1838
2006
1921
2113
2522
2005
2187
2174
2026
2290
5086
4906
4469
4393
5099
4594
4432
4299
5109
4943
4435
4311
1377
1176
1181
1228
802
798
811
1190
1152
1300
834
1148
809
1266
820
1264
823
1195
789
1174
1107
1355
826
1132
1390
1242
1199
1139
856
1175
1067
1292
1297
1317
1266
1284
1311
1136
1317
1030
1166
1290
826
843
1266
1218
1153
1025
1204
802
1120
823
1264
1274
1153
1183
1360
1119
1581
1124
1291
842
872
806
1278
1188
837
1162
1521
1235
805
1161
891
1053
1159
1175
826
836
1232
895
1291
1239
1166
1059
1312
1253
1120
1100
1236
866
1510
891
1374
1342
798
873
886
819
1162
1174
1380
1331
888
961
807
1250
1156
1767
1881
1939
1620
1826
1987
1927
2128
1751
1530
1703
1846
1844
2075
1953
1893
2176
1962
1981
2090
2088
1904
1941
1796
1814
1904
1979
2198
2194
2029
2116
2054
2261
2303
1986
2045
1767
2066
2130
1898
2095
2014
2005
2060
2128
1976
1983
1838
1719
1958
2127
1862
2125
2023
2036
2074
2197
2166
2032
2095
2419
2265
2244
2406
2218
2271
2270
2045
1832
2240
2206
2064
4363
5118
4927
4531
4348
4985
4930
4485
4305
5176
5001
4350
3701
1344
1352
1483
1279
1219
959
1397
866
1341
1256
841
1250
1253
1241
1289
1148
842
803
1271
1145
1524
905
1196
1271
1322
1285
869
1341
857
812
1302
1159
1335
1266
1191
1129
1261
1254
1181
1271
1273
1252
1164
837
1325
1242
1156
1126
1270
873
1194
1280
1553
1035
890
1142
1277
1242
1169
1182
1258
1158
1233
1271
1201
1531
848
1173
1259
1263
1193
1192
1216
1235
804
1152
1337
847
1093
1348
848
1354
1096
1110
1321
1251
1120
1111
858
1290
1150
1379
1102
1159
1163
1105
1278
1167
1093
1165
1269
1230
1151
1091
1313
1226
1132
2144
1904
1899
1803
1781
1879
1891
1496
1828
1390
1944
1806
2079
1839
2044
2030
2094
2281
1970
1941
2119
2144
1918
2233
2005
2334
1999
1889
1872
2048
1893
1960
2078
1884
2297
2072
2182
2266
2054
1896
1929
2050
2219
2228
1981
2130
2079
1939
2087
2206
2192
2015
1974
2065
2165
2060
2047
2275
2155
2048
4344
4655
4826
4800
4634
5126
5029
4491
4394
5392
5037
4416
2948
819
1283
847
885
862
1269
834
857
1285
842
1146
939
1310
1249
1168
841
1211
1267
1205
1361
1434
1614
1179
1202
1515
1298
1154
1264
1312
854
1550
