6977
1224
1976
2069
1865
2059
1908
2332
1841
1842
1844
1882
1857
1852
1893
1894
1888
1861
1827
1885
1878
2308
2121
1890
2054
2044
2354
2056
2055
2051
1927
1875
1840
2069
2046
1849
1909
1848
1835
2091
1854
1857
1821
2083
2367
2060
1853
2071
1841
1840
1838
1891
1840
1863
1885
1832
2345
1903
2085
2120
1842
2063
1857
1957
2507
1846
2113
1865
1859
2056
1858
1884
1843
1855
1856
2051
2043
1852
1844
1899
2061
1840
1858
1861
1859
2063
2059
1858
1860
2055
1897
1833
1870
1851
1845
2045
2051
1898
1868
1855
2077
1848
1850
1847
1837
2076
2047
1828
1853
2106
2053
1884
1845
1841
2114
1868
1850
1850
2060
1825
1835
1841
1860
1849
2064
1832
1838
1842
1836
2078
2047
1886
2091
1896
1846
1844
1885
1856
2081
1850
1839
1828
1842
2121
1890
1864
1829
1828
2099
1873
1884
1846
1894
1909
1851
1833
1848
1867
1840
1842
1858
1850
2050
1890
1880
1843
1840
2068
1855
1857
2060
1843
1871
1844
1836
1841
1853
1870
1890
1853
1872
1850
1871
1896
1865
1837
2056
1857
2052
1847
1848
2053
2052
1839
1893
1842
1835
1862
1853
2109
1841
1854
2057
2057
2050
1839
1853
1848
1861
2053
2048
1865
1861
1848
2063
1873
1853
1834
1859
1883
2069
1840
1837
1857
2049
1858
2050
1886
1881
1902
1852
2088
1852
2054
1847
1849
1858
2057
1846
2053
1859
1888
2055
1910
1856
1837
2056
1843
1855
1865
1857
2055
1854
1819
1854
1887
2090
1818
1849
1843
1860
1869
1850
1848
1862
1896
1838
1888
1848
1852
1827
2110
1859
1848
2044
2043
1882
1851
2056
2036
1837
1851
1897
1851
1836
1831
1833
2112
1868
1848
1850
2077
1858
1860
1839
1815
2105
1858
1842
1835
1849
2046
1835
1859
1842
1827
2073
1869
1849
1842
1845
2049
1869
1854
1858
1832
1845
2062
2055
1855
1896
2059
2072
1849
2051
1826
1882
1905
1886
1883
1905
2086
1837
1840
1831
1841
2090
2062
1894
2057
2051
1850
2057
2043
1841
1858
1849
2059
1846
1852
2048
1853
1842
1871
1832
1887
2065
1856
2071
1853
1835
1848
2070
2059
1874
2059
1828
2063
1851
2059
1849
1843
1839
2053
1853
1849
1841
2044
2094
2052
2049
1854
1907
1842
1862
2052
2053
1904
1821
1853
1850
1833
2062
1818
1820
1839
2118
2080
2058
1846
2060
1873
1892
1835
1904
1830
1861
1820
2055
2058
1860
2046
2048
1834
2059
1830
1846
1853
1896
2056
1844
1858
1845
2067
2055
1847
1896
2093
1850
2057
2043
1838
2050
1908
1850
1847
1864
1862
2049
1834
1839
1839
1877
1843
1865
2057
1854
1896
2051
1823
1830
1851
1864
1885
1871
2049
1846
1827
2068
1847
1820
1829
1851
1846
1899
1845
1886
1836
1886
1850
1852
2042
1847
1855
1904
2082
1886
1839
1890
1823
1836
1884
1859
1852
1892
1862
1835
1813
1859
2054
1842
1847
1836
1847
2061
2048
1890
1828
1843
2060
1857
2046
1845
2050
1893
1858
1818
1832
1840
2053
1846
1847
2041
1840
1917
1862
1826
1839
2055
2046
1840
1849
1841
2058
2053
1833
1840
1840
2112
2050
1820
1851
1846
1841
2065
1836
1855
1841
1843
1913
1833
1827
1821
1871
1865
1889
1868
1837
2099
2064
1874
1851
2044
2059
1863
1860
1858
2045
2095
1848
1822
1858
2107
1849
1846
1847
1843
2124
1858
1838
1820
1838
1877
1845
1848
2063
1878
2113
1855
1848
1889
2056
2048
1855
1853
1844
1852
1880
1836
1839
1854
2045
1847
1846
2061
2041
2052
1849
1823
1858
1835
2034
2059
2051
2054
1839
1848
1883
1845
1847
1891
1864
2078
1856
1829
2058
2063
1855
2078
2047
1880
2095
1838
2074
1837
1849
1844
2059
2056
1866
1882
1882
1842
1832
1850
1860
2059
1832
1858
2050
1841
2059
2052
1846
1844
2060
1843
1846
1859
2051
1854
1864
1823
1819
1899
1842
1849
1847
2048
2042
2049
2078
1854
1842
2052
1848
2040
1841
1859
2065
1840
2061
1853
1859
2078
1841
2049
2056
1857
1898
2050
1879
1857
1859
1905
1837
1844
1835
1830
1890
1843
1845
2047
2121
2089
2051
1838
1835
2065
1850
1841
1879
1887
1918
1839
1873
1863
1841
2053
1837
2060
1826
1898
1848
1845
1858
1850
2054
2046
1842
1863
2062
1859
1846
1862
2053
2059
2052
1855
1846
1894
1856
1837
2052
1847
1893
1850
2060
1851
1850
1846
1888
1856
1834
1828
1844
1883
1876
1865
2054
1855
1873
1831
1830
1826
1901
1844
1847
1866
2056
1893
1884
1851
1860
1823
1880
1860
1891
1841
1876
1894
1825
1821
1839
1886
2116
1872
1856
1854
1851
1876
2091
1868
1849
1851
2070
2056
1872
2050
2057
1833
2063
1844
1847
2048
2045
1837
1849
1842
2088
1842
1856
1848
1881
2077
1844
1845
2043
1836
2058
1833
1846
1848
2066
1846
2059
1854
1841
1854
2114
2049
1859
1848
1885
1860
2074
1853
1869
1851
1832
1921
1854
2054
1845
1893
1851
1855
1856
1864
2115
1882
1856
1854
2049
1828
1831
1845
1839
1856
2057
1844
1897
1842
1901
1827
1877
2054
1908
2062
2057
1851
1841
1827
1869
1824
2118
1871
1872
1886
1891
1836
1855
1853
1852
1852
2107
1849
2052
2042
1896
1839
1827
1832
1828
2081
1843
1860
2050
1838
2059
1909
1855
1853
1858
1833
2109
1852
1832
2084
1868
1892
1853
2131
1916
1918
2056
2045
1882
1835
2086
1853
1836
2081
1899
2091
1856
1842
1846
1855
1888
1843
1853
2057
1885
1857
1853
1846
1842
2049
2058
1844
1828
1839
1834
1889
2078
2040
2050
1850
2069
1853
1826
1853
1842
1866
1838
1853
1887
1875
1885
1841
1852
1890
1859
2039
1863
1833
1853
2061
1856
1854
1848
1845
2077
1836
1832
1854
2061
1860
2052
1857
1835
1866
1840
1841
1856
1856
1900
1860
1843
1835
2061
1862
1857
2051
1881
2118
1830
1873
1896
2053
1853
1825
1851
1837
1879
2045
2051
2055
2061
1919
