9561
1715
2419
2934
2582
2491
2658
2763
2439
2533
2656
2746
2438
2542
2634
2728
2409
2358
2648
2729
2401
2350
2322
2560
2233
2334
2439
2550
2237
2340
2440
2536
2231
2339
2439
2534
2237
2337
2443
2529
2089
2331
2447
2542
2065
2256
2489
2583
2238
2336
2439
2533
2097
2354
2425
2543
2239
2335
2301
2553
2255
2335
2448
2532
2238
2333
2436
2544
2076
2332
2435
2614
2240
2332
2434
2537
2246
2345
2432
2547
2228
2332
2434
2536
2237
2340
2439
2530
2235
2337
2442
2537
2232
2332
2291
2535
2230
2336
2441
2534
2242
2328
2437
2415
2234
2337
2440
2531
2242
2330
2447
2540
2086
2326
2449
2542
2228
2320
2443
2539
2237
2340
2433
2546
2230
2337
2442
2539
2221
2344
2447
2548
2236
2327
2438
2535
2234
2326
2435
2527
2303
2337
2450
2529
2224
2334
2427
2541
2241
2354
2479
2541
2238
2331
2448
2543
2231
2378
2436
2543
2233
2334
2443
2526
2234
2330
2482
2545
2242
2341
2445
2535
2241
2340
2432
2540
2229
2333
2441
2545
2234
2329
2438
2543
2234
2334
2438
2532
2232
2340
2435
2544
2233
2398
2499
2538
2228
2331
2454
2531
2256
2334
2439
2528
2230
2382
2503
2541
2229
2339
2438
2525
2230
2342
2445
2538
2231
2346
2438
2436
2233
2364
2429
2543
2240
2349
2434
2586
2100
2332
2432
2552
2237
2340
2434
2540
2227
2335
2520
2537
2243
2332
2441
2539
2227
2327
2434
2548
2239
2335
2438
2560
2228
2327
2443
2539
2242
2324
2437
2537
2232
2202
2440
2538
2236
2337
2432
2532
2231
2344
2498
2546
2237
2337
2338
2542
2234
2334
2439
2547
2237
2340
2441
2544
2238
2330
2439
2534
2233
2338
2422
2543
2090
2344
2456
2546
2238
2335
2438
2541
2234
2319
2439
2547
2235
2332
2494
2534
2230
2336
2427
2542
2230
2326
2437
2532
2239
2324
2432
2544
2238
2345
2287
2544
2233
2333
2444
2554
2293
2392
2435
2530
2230
2337
2442
2344
2234
2347
2441
2532
2238
2333
2440
2534
2225
2327
2449
2539
2229
2343
2439
2541
2236
2338
2443
2536
2228
2391
2290
2542
2233
2334
2445
2540
2235
2331
2493
2574
2227
2329
2436
2532
2236
2331
2440
2538
2228
2342
2449
2539
2228
2341
2503
2541
2235
2337
2437
2549
2233
2336
2438
2547
2233
2331
2418
2533
2231
2328
2505
2551
2232
2342
2436
2529
2232
2339
2431
2553
2235
2234
2489
2544
2225
2328
2431
2539
2247
2340
2444
2535
2226
2164
2520
2541
2225
2340
2441
2524
2236
2402
2462
2535
2245
2335
2269
2562
2241
2338
2442
2562
2234
2346
2443
2546
2087
2347
2430
2544
2233
2330
2436
2545
2249
2332
2431
2534
2232
2327
2442
2534
2075
2335
2441
2531
2241
2327
2443
2552
2235
2352
2293
2544
2236
2331
2435
2529
2233
2327
2437
2539
2226
2342
2445
2528
2238
2336
2497
2537
2230
2328
2428
2456
2228
2340
2447
2533
2233
2337
2437
2540
2095
2343
2433
2549
2220
2340
2517
2547
2242
2329
2439
2548
2247
2334
2441
2532
2232
2344
2437
2554
2231
2331
2436
2550
2226
2330
2445
2600
2238
2337
2443
2543
2045
2349
2443
2535
2224
2319
2303
2532
2240
2325
2436
2608
2243
2320
2441
2533
2238
2337
2426
2539
2235
2342
2275
2593
2232
2336
2439
2533
2236
2334
2440
2547
2294
2333
2439
2534
2235
2332
2442
2442
2282
2342
2439
2540
2238
2334
2441
2536
2294
2330
2435
2394
2243
2355
2445
2540
2251
2333
2437
2542
2233
2393
2434
2531
2226
2344
2437
2365
2238
2345
2435
2530
2246
2201
2445
2547
2232
2331
2433
2538
2244
2329
2425
2536
2239
2340
2444
2539
2235
2336
2444
2538
2236
2360
2450
2546
2230
2322
2486
2537
2231
2336
2443
2539
2237
2336
2306
2539
2229
2326
2431
2546
2232
2184
2438
2537
2232
2336
2431
2538
2237
2327
2436
2543
2216
2372
2293
2586
2231
2341
2443
2539
2240
2333
2438
2539
2232
2330
2439
2538
2231
2173
2432
2537
2231
2334
2434
2533
2237
2336
2434
2545
2228
2317
2481
2538
2228
2336
2435
2534
2235
2325
2441
2547
2234
2339
2429
2539
2231
2334
2440
2543
2232
2324
2439
2558
2239
2341
2434
2536
2223
2332
2440
2543
2233
2331
2436
2550
2232
2329
2444
2533
2230
2335
2441
2544
2242
2334
2445
2550
2237
2327
2438
2547
2230
2324
2440
2534
2242
2332
2439
2542
2237
2335
2440
2540
2232
2337
2420
2551
2229
2346
2441
2538
2240
2336
2434
2543
2228
2342
2447
2542
2239
2339
2432
2541
2227
2332
2301
2545
2242
2341
2443
2541
2239
2347
2434
2466
2251
2335
2437
2544
2229
2338
2300
2547
2239
2329
2437
2540
2236
2333
2418
2542
2102
2331
2433
2538
2232
2342
2439
2440
2264
2334
2443
2535
2234
2329
2500
2543
2230
2343
2431
2541
2230
2332
2441
2523
2249
2195
2442
2523
2221
2331
2438
2540
2227
2333
2431
2538
2229
2260
2306
2543
2237
2329
2439
2543
2232
2339
2448
2525
2236
2331
2444
2532
2242
2338
2296
2554
2246
2330
2439
2528
2235
2326
2437
2538
2306
2336
2431
2533
2239
2334
2534
2536
2072
2334
2429
2539
2230
2345
2442
2437
2051
2345
2449
2544
2224
2332
2437
2539
2243
2314
2445
2532
2294
2343
2434
2550
2235
2394
2433
2527
2235
2341
2442
2543
2226
2334
2301
2532
2233
2335
2434
2545
2232
2339
2448
2537
2227
2335
2432
2535
2230
2396
2436
2546
2229
2347
2447
2530
2085
2335
2450
2534
2240
2342
2507
2543
2074
2337
2444
2437
2227
2328
2444
2546
2236
2343
2428
2531
2095
2333
2425
2534
2238
2329
2437
2533
2233
2327
2442
2540
2240
2343
2440
2537
2236
2350
2444
2544
2236
2334
2433
2535
2240
2333
2438
2534
2237
2329
2439
2366
2243
2339
2443
2543
2236
2335
2439
2535
2075
2329
2438
2533
2224
2347
2439
2535
2233
2340
2439
2546
2228
2335
2446
2548
2392
