8436
2283
2280
2967
2875
3147
3256
3358
3041
3135
3259
3329
3032
2962
3045
3339
3025
3131
3241
3337
3029
3132
3234
3340
3025
3138
3239
3336
3031
3129
3227
3335
3028
3135
3229
3338
3028
3136
3292
3344
3029
3130
3238
3332
3029
2974
3238
3328
3029
3128
3240
3336
3027
3133
3251
3341
3033
3126
3231
3350
3034
3128
3302
3343
3037
3133
3238
3334
3027
3134
3234
3336
3053
3134
3233
3342
3030
3127
3231
3334
3031
3133
3240
3405
3039
2962
3237
3339
3032
3136
3232
3335
3023
3131
3236
3199
3040
3129
3235
3330
3024
3131
3238
3338
3027
3138
3238
3340
3027
3132
3231
3335
3032
3138
3235
3334
3031
3132
3235
3425
3042
3126
3232
3339
3032
3129
3233
3337
3038
2973
3239
3341
3029
3127
3238
3339
3033
3131
3236
3339
3030
3124
3079
3338
3031
2966
3262
3332
3030
3130
3237
3338
3103
3135
3241
3334
3025
2955
3235
3338
3034
3130
3234
3331
3027
3126
3234
3330
3032
3131
3235
3332
3031
3133
3235
3335
3026
3131
3235
3342
3041
3137
3232
3181
3031
3128
3232
3341
3029
3201
3238
3335
3031
3134
3068
3342
3034
3137
3234
3336
3031
3138
3243
3339
3031
3133
3230
3336
3028
3133
3236
3342
3032
3133
3237
3333
3032
3134
3255
3336
3032
3133
3241
3338
2860
3135
3232
3338
2881
3187
3242
3340
3039
3133
3230
3338
3031
3130
3237
3337
3029
3128
3230
3336
2877
3139
3236
3135
2879
3130
3236
3334
3036
3139
3234
3192
3033
3129
3232
3341
3026
3131
3235
3334
3030
3130
3231
3341
3027
3136
3234
3335
3025
3133
3237
3342
3023
3134
3108
3345
3031
3134
3237
3336
2882
3132
3234
3338
3030
3138
3232
3365
3031
3133
3239
3344
3028
3131
3235
3334
3027
3189
3240
3332
3029
3131
3235
3340
3031
3130
3234
3341
3029
3135
3086
3345
3034
3133
3243
3335
3030
3135
3242
3332
3028
3130
3241
3343
3030
3133
3235
3183
3038
3128
3237
3260
3033
3135
3083
3345
3032
3136
3246
3337
3034
3137
3241
3339
3029
2986
3237
3335
3032
3133
3303
3336
3030
3124
3235
3333
3026
3130
3231
3364
3039
3130
3232
3337
3028
3133
3230
3337
3032
2965
3237
3331
3029
3136
3237
3339
3029
3136
3237
3338
3035
3136
3236
3333
3032
3133
3236
3338
3030
3133
3237
3334
3027
3131
3233
3337
3026
3130
3236
3338
3034
3133
3236
3178
2876
3141
3236
3331
3029
3135
3234
3336
3028
3134
3232
3336
3027
3194
3242
3336
3026
3129
3235
3335
3023
3135
3235
3340
3024
3125
3237
3334
3041
3137
3240
3185
3034
3133
3236
3331
3030
2962
3242
3337
3032
3136
3243
3345
3034
3146
3239
3345
3036
3137
3235
3334
3031
3127
3236
3336
3032
3135
3240
3335
3021
3122
3234
3340
3030
3132
3238
3335
3029
3128
3064
3330
3046
3135
3235
3337
3030
3133
3235
3336
3033
3141
3233
3327
3032
3198
3238
3346
3030
3130
3234
3337
3034
3132
3230
3335
3031
3130
3235
3337
3026
3186
3265
3337
3036
3136
3239
3338
3036
2966
3241
3336
3027
3130
3231
3335
3030
3134
3234
3336
3031
3130
3231
3333
3033
3004
3237
3332
3030
3131
3295
3345
3034
3139
3234
3335
3035
3135
3236
3336
3029
3132
3233
3332
3030
3131
3237
3339
3033
3137
3233
3341
3028
3136
3236
3340
3029
3136
3232
3328
3030
3131
3240
3335
3028
3131
3239
3339
3025
3133
3237
3331
3031
3133
3254
3340
3031
3139
3224
3335
2888
3187
3235
3333
3026
3130
3081
3337
2863
3195
3251
3340
3029
3131
3243
3340
3030
3128
3237
3332
3030
3125
3238
3335
3033
3134
3225
3339
3028
3131
3236
3336
3030
3132
3240
3337
3029
3131
3236
3345
3030
3135
3239
3339
3025
3128
3232
3337
3033
2985
3231
3327
3029
3138
3235
3333
3021
3130
3237
3336
3037
3134
3300
3341
3030
3128
3236
3359
3100
3136
3233
3338
3023
3190
3239
3335
3027
3130
3236
3340
3030
3134
3251
3333
3028
3124
3234
3329
3029
3133
3234
3334
2867
2987
3235
3330
3033
3133
3230
3339
3024
3134
3308
3339
3036
3136
3237
3334
3033
3133
3230
3331
3035
3133
3236
3339
3033
3128
3235
3334
3030
3131
3236
3330
3029
3134
3087
3337
3030
3131
3232
3338
3031
3132
3235
3339
3028
3130
3233
3346
3050
3126
3236
3334
3028
3192
3238
3336
2877
3137
3239
3336
3025
3194
3237
3333
3033
3128
3237
3330
2878
3142
3233
3345
3024
3157
3240
3339
3026
3135
3232
3333
3033
3131
3234
3341
3024
3133
3240
3337
3035
3134
3240
3333
3028
3129
3237
3340
3031
3128
3302
3341
3029
3132
3235
3336
3029
3128
3236
3336
3029
3133
3234
3171
3030
3129
3234
3188
3038
3127
3235
3338
2868
3159
3236
3192
3036
2964
3238
3338
3035
3132
3229
3336
3028
3130
3239
3332
3030
3133
3240
3340
3028
3128
3236
3332
3029
3196
3234
3345
3028
3127
3234
3328
3028
3223
3245
3340
2877
3135
3241
3335
3029
3128
3237
3332
2880
3141
3238
3338
3025
3130
3092
3343
3030
3135
3236
3332
3029
3132
3236
3333
3023
3131
3228
3342
3035
3197
3241
3327
3030
3132
3232
3188
3038
3153
3237
3337
3034
3133
3093
3341
3032
3128
3238
3338
3030
3127
3232
3336
3028
3131
3235
3338
2887
3141
3236
3343
3028
3134
3234
3335
3034
3137
3239
3336
3031
3130
3230
3337
3030
3138
3232
3341
3033
3131
3236
3329
3030
3122
3237
3332
3095
3139
3240
3337
3032
3134
3241
3336
3031
3133
3234
3336
3034
3134
3241
3333
3025
3134
3232
3339
3030
3134
3237
3336
3029
3140
3060
3365
3028
3192
3239
3335
3034
3131
3237
3341
3025
3182
3239
3338
3034
3133
3233
3338
3031
3132
3233
3336
3027
3134
3235
3330
2890
3133
3238
3331
3028
3133
3233
3336
3032
3133
3230
3335
3036
3127
3088
3335
3028
3140
3238
3340
3035
3135
3232
3333
3026
3131
3233
3353
3180
