11447
1398
1407
1380
1632
1380
1814
1540
1467
1491
1788
1451
1538
1387
1395
1646
1402
1584
1484
1812
1631
1775
1964
1930
1893
1811
1957
2023
1888
1681
1966
1825
1964
1803
2046
1856
1924
1815
2063
2014
1796
1828
1973
1820
1845
1739
1865
1925
1729
1729
1922
1908
1902
1802
1970
1896
1862
1848
1998
2069
1760
1685
1980
1928
1932
1903
1858
1947
1753
1944
1904
1787
1982
1865
2062
1993
1913
1813
2045
1798
1854
1817
1970
2029
1898
1782
2046
1810
1643
1803
2023
1861
1850
1903
1968
1902
1813
1738
1924
1848
1788
1814
2014
1998
1931
1671
1991
1928
1786
1727
1994
2003
1814
1729
1905
1911
1799
1777
1965
1837
1907
1740
2077
1848
1933
1827
2003
1839
1810
1750
1876
2045
1914
1770
2006
1875
1770
1721
1945
1840
1943
1873
1997
1908
1938
1759
2055
1900
1773
1891
1983
1899
1821
1830
2041
1883
1978
1783
1970
1857
1956
1928
2084
1822
1806
1909
2019
1847
1761
1745
1946
1876
1950
1901
1994
1934
1890
1887
1985
2100
1846
1728
1968
1935
1934
1938
1890
2005
1849
1742
2034
1834
1897
1789
1966
1795
1768
1744
1888
2000
1829
1881
1977
1846
1988
1707
1865
1879
1737
1875
2004
1862
1898
1862
1980
1889
1869
1748
1956
1827
1896
1734
1849
1849
1746
1723
1963
1845
1895
1711
1904
1868
1858
1807
2026
1873
1914
1749
2025
1856
1853
1718
2039
1908
1740
1710
1910
1915
1766
1711
2012
1894
1800
1768
1900
1895
1853
1753
2010
1802
1731
1704
1900
1842
1767
1691
1850
1836
1750
1675
1994
1836
1848
1819
1899
1862
1824
1805
1906
2018
1944
1879
1975
2031
1768
1886
2009
1900
1814
1745
2061
1804
1892
1703
1914
1907
1741
1750
1940
1851
1817
1784
1920
1792
1818
1799
2023
1823
1635
1776
1893
1949
1781
1749
2024
2007
1746
1749
1999
2009
1868
1698
1970
1914
1764
1888
2074
1861
1809
1745
1961
1867
1890
1723
1918
1863
1844
1689
2134
1829
1801
1745
2030
1988
1926
1875
2012
1909
1931
1805
1869
1884
1791
1710
2017
1908
1905
1725
1998
1874
1951
1796
1936
1853
1822
1727
2040
2024
1800
1734
2030
1851
1875
1808
1844
1799
1930
1736
1939
1883
1906
1911
1967
1964
1847
1902
1974
1849
1784
1783
1928
1872
1927
2045
2011
1834
1907
1797
1856
1816
2286
2307
2384
2409
2318
2265
2472
2388
2271
2391
2541
2362
2399
2396
2512
2463
2399
2436
2536
2540
2320
2411
2485
2274
2330
2373
2592
2456
2414
2400
2503
2446
2486
2431
2907
2548
2521
2409
2662
2526
2558
2524
2701
2449
2593
2475
2690
2551
2615
2497
2735
2555
2567
2422
2655
2675
2664
2558
2774
2799
2626
2522
2687
2576
2653
2582
2828
2777
2725
2596
2784
2624
2808
2647
2907
2754
2707
2623
2817
2822
2758
2637
2955
2799
2791
2669
2804
2839
2704
2694
2920
2840
2816
2716
2840
2853
2866
2598
2933
2832
2642
2612
2918
2798
2866
2779
2957
2879
2826
2741
2923
2939
2907
2746
3001
2808
2709
2755
2957
2880
2898
2766
3003
2845
2772
2648
3010
2992
2961
2849
3078
2912
2935
2821
3025
2927
2981
2800
3149
3010
2940
2876
3116
3025
2940
2936
3051
2941
2997
3100
2894
7015
6772
6184
7186
6895
8435
6055
7226
6844
6453
5786
7103
1748
1751
1663
1788
1669
1644
1561
1728
1753
1706
1603
1749
1810
1626
1695
1793
1732
1622
1656
1840
1751
1697
1709
1727
1777
1706
1652
1827
1770
1761
1662
1873
1749
1797
1672
1839
1767
1604
1575
1713
1674
1577
1627
1873
1752
1658
1565
1773
1703
1626
1604
1869
1770
1591
1619
1723
1793
1605
1658
1838
1757
1765
1650
1744
1715
1632
1653
1893
1739
1648
1669
1748
1749
1609
1701
1881
1658
1616
1556
1750
1647
1668
1550
1695
1757
1643
1621
1728
1625
1595
1504
1722
1755
1594
1515
1732
1632
1605
1507
1750
1760
1615
1518
1832
1811
1670
1514
1694
2228
2141
2070
2291
2175
2224
2024
2256
2151
2107
2026
2179
2234
2265
2079
2219
2307
2225
2097
2283
2242
2194
2072
2337
2328
2302
2192
2431
2285
2267
2143
2327
2259
2269
2168
2362
2390
2356
2231
2488
2402
2298
2242
2431
2366
2302
2157
2363
2411
2463
2391
2502
2420
2444
2309
2506
2456
2389
2296
2498
2470
2471
2387
2461
2474
2447
2351
2623
2504
2481
2306
2559
2552
2537
2419
2650
2518
2569
2413
2477
2475
2466
2413
2666
2587
2533
2441
2686
2610
2598
2437
2772
2609
2605
2421
2705
2707
2677
2555
2834
2724
2599
2631
2833
2674
2658
2628
2766
2778
2689
2570
2777
2727
2728
2610
2624
2718
2697
2591
2789
2729
2733
2636
2861
2748
2779
2670
2721
2717
2740
2614
2902
2791
2868
2773
2976
2857
2885
2734
2738
2862
2767
2715
2942
2890
2893
2737
2876
2640
2838
2929
2937
2671
2846
2762
3013
2844
2687
2777
2866
2869
2837
2718
2875
2908
2925
2846
2880
2955
2911
2796
3049
2762
2976
2854
2925
2929
2989
2870
3068
2960
3039
2827
2875
2955
2938
2840
3152
2945
2851
2870
3472
6802
6460
6153
7163
6775
6466
6140
7249
6825
5855
6172
6921
1665
1639
1590
1847
1824
1775
1637
1876
1739
1668
1704
1858
1830
1605
1663
1740
1733
1742
1524
1699
1759
1639
1707
1720
1816
1796
1665
1671
1816
1665
1563
1825
1562
1568
1637
1779
1634
1818
1581
1825
1868
1840
1641
1815
1776
1612
1701
1779
1668
1601
1621
1845
1748
1646
1627
1913
1762
1723
1632
1795
1758
1805
1541
1903
1818
1685
1557
1743
1684
1736
1638
1801
1749
1557
1726
1773
1692
1776
1664
1745
1758
1603
1648
1837
1769
1649
1564
1781
1841
1653
1630
1819
1788
1710
1623
1688
1752
1643
1608
1734
1843
1692
1647
1775
1765
1644
1636
2333
2251
2393
2267
2270
2251
2177
2115
2315
2361
2184
2071
2392
2328
2259
2160
2406
2234
2226
