6163
888
516
498
971
781
810
888
732
836
642
864
868
706
847
838
836
861
877
855
845
856
836
714
832
702
839
828
855
860
847
842
729
722
854
700
852
879
838
868
878
867
838
861
819
896
884
655
804
807
677
876
697
836
836
850
830
710
836
705
864
851
843
837
715
865
836
838
837
704
831
822
841
859
729
873
837
819
832
708
866
835
821
820
864
805
805
846
820
686
871
857
865
859
702
829
825
682
821
748
916
856
827
754
945
845
919
832
853
867
840
841
855
821
730
838
847
840
840
710
839
830
820
856
872
880
860
862
829
839
841
816
845
840
693
846
848
669
871
734
845
828
850
836
859
858
851
845
838
709
830
815
829
818
698
825
858
841
864
706
903
845
701
728
887
873
836
839
830
705
837
845
846
836
708
841
858
838
876
716
864
826
839
846
693
865
832
858
835
711
849
839
688
858
708
840
845
835
841
863
835
872
844
831
697
866
837
835
835
704
696
747
848
827
697
847
835
861
864
671
834
824
836
862
693
875
832
857
837
702
840
865
827
858
713
864
845
864
876
684
871
837
837
836
703
856
827
864
830
715
848
839
859
849
864
860
864
830
863
704
837
835
848
817
654
838
865
841
834
716
835
863
847
835
854
696
835
835
862
716
835
846
837
840
693
858
862
886
844
863
852
874
844
830
703
838
827
841
872
703
699
833
835
835
686
872
857
845
853
853
812
783
856
753
712
811
846
845
822
847
828
835
839
847
853
818
853
839
821
698
842
835
841
826
701
822
804
865
689
683
838
828
847
846
697
861
839
838
831
861
831
843
816
834
863
825
821
836
872
683
917
851
856
851
695
829
827
849
816
704
834
838
832
839
694
841
818
829
877
851
710
859
857
842
699
841
825
817
817
692
837
833
721
864
705
856
819
810
856
710
829
846
867
854
709
847
846
837
844
699
833
854
841
871
873
874
834
855
864
694
705
722
838
704
924
881
856
843
825
832
864
704
850
866
871
853
857
830
822
734
845
694
821
820
824
828
697
835
825
848
847
882
847
863
851
847
696
872
823
850
848
696
835
849
837
840
864
870
839
838
841
703
834
833
835
847
705
845
841
832
680
748
841
812
831
835
692
851
836
837
859
715
688
849
837
837
689
849
839
839
703
706
844
860
867
870
709
871
844
841
835
726
846
843
846
857
707
836
827
832
706
679
891
839
870
834
693
826
828
841
829
703
831
843
849
831
675
850
849
824
873
858
858
873
832
859
707
870
864
818
839
701
897
878
838
842
695
836
822
882
854
697
864
828
841
842
878
843
822
864
834
703
827
841
842
845
690
851
854
880
734
726
866
837
826
856
701
856
844
830
831
709
825
873
834
867
708
861
829
829
824
725
689
853
852
853
699
848
825
835
838
865
841
861
866
859
849
841
830
829
705
720
825
828
819
841
697
840
836
837
838
862
859
851
843
845
842
845
849
832
866
714
855
842
825
825
855
834
835
872
853
734
835
707
820
856
715
850
840
840
849
724
848
828
833
848
686
859
858
859
849
707
828
863
818
848
845
865
856
842
835
703
855
835
645
872
709
847
843
840
843
699
838
816
809
901
715
804
830
829
830
681
835
835
853
877
869
853
838
851
840
698
834
842
830
866
732
881
801
883
828
862
846
855
857
836
855
815
870
860
823
704
836
844
831
836
685
849
803
829
852
719
840
830
835
826
697
840
698
825
834
701
822
844
838
847
696
852
819
831
815
702
832
826
841
847
873
838
838
861
822
708
848
836
848
875
668
901
845
836
840
698
827
821
669
866
695
843
839
840
837
711
835
845
873
875
850
841
843
857
872
709
844
858
836
840
707
848
827
843
836
714
853
850
838
834
694
857
832
849
841
712
843
833
833
847
699
845
853
847
850
714
870
850
833
839
708
848
826
828
841
843
847
849
866
845
702
861
706
860
844
701
840
839
833
872
681
867
829
838
838
850
831
841
861
851
717
855
864
830
849
703
816
843
859
817
694
844
824
856
834
703
829
866
849
850
855
837
798
857
856
861
845
839
818
705
685
850
849
862
834
707
854
869
805
842
693
841
854
842
863
709
876
865
826
846
863
844
833
729
865
850
842
831
839
864
709
841
840
834
851
714
853
842
845
852
686
843
867
720
874
709
840
839
826
847
724
863
840
842
805
681
810
823
827
873
861
848
871
851
849
696
698
844
819
815
704
850
838
836
848
707
845
836
846
839
845
701
842
851
850
859
860
865
816
877
696
832
861
844
845
863
842
872
900
831
869
836
868
853
823
