9874
2686
2770
3225
3027
3081
2937
2948
2998
3046
3076
3141
3008
3287
2880
2755
3005
2869
3075
3154
3188
3033
2681
2663
2635
2715
2732
2774
2839
2890
2533
2578
2634
2507
2565
2825
2834
2889
2541
2591
2630
2685
2732
2791
2842
2893
2385
2582
2623
2670
2727
2783
2826
2885
2541
2579
2630
2679
2798
2779
2831
2886
2526
2580
2636
2677
2732
2626
2668
2731
2569
2580
2621
2684
2736
2783
2844
2885
2536
2576
2636
2665
2724
2769
2831
2875
2529
2580
2630
2506
2731
2784
2826
2900
2523
2583
2647
2670
2722
2790
2828
2887
2525
2586
2618
2677
2721
2795
2831
2879
2521
2578
2640
2677
2571
2768
2836
2890
2527
2581
2630
2676
2561
2797
2826
2888
2524
2599
2632
2678
2723
2787
2844
2889
2584
2585
2633
2677
2741
2774
2836
2716
2525
2573
2622
2676
2740
2785
2843
2885
2536
2570
2633
2524
2737
2779
2842
2885
2550
2574
2620
2685
2730
2777
2836
2882
2536
2635
2623
2674
2726
2783
2828
2889
2538
2585
2627
2676
2737
2837
2873
2887
2540
2573
2632
2681
2740
2786
2839
2884
2535
2583
2465
2695
2732
2796
2834
2881
2531
2574
2632
2533
2740
2782
2839
2885
2523
2581
2624
2670
2726
2789
2850
2889
2522
2578
2620
2675
2733
2778
2897
2883
2544
2588
2626
2678
2738
2777
2829
2881
2530
2579
2633
2524
2730
2775
2855
2878
2535
2585
2638
2695
2770
2780
2839
2875
2526
2574
2636
2676
2734
2612
2665
2911
2521
2593
2626
2690
2730
2783
2845
2893
2513
2633
2640
2689
2735
2788
2839
2875
2539
2578
2634
2678
2734
2786
2830
2877
2525
2597
2625
2680
2733
2777
2825
2892
2523
2591
2633
2685
2781
2791
2827
2882
2531
2576
2634
2696
2732
2780
2823
2734
2532
2590
2631
2670
2732
2776
2829
2892
2528
2577
2631
2669
2538
2789
2833
2878
2543
2575
2627
2679
2736
2781
2833
2886
2540
2581
2619
2669
2737
2784
2668
2885
2520
2573
2621
2680
2740
2795
2832
2881
2522
2576
2641
2682
2746
2781
2829
2882
2524
2572
2625
2683
2734
2783
2844
2888
2537
2569
2628
2683
2553
2774
2833
2890
2541
2587
2628
2674
2747
2776
2892
2877
2537
2587
2632
2674
2733
2782
2835
2901
2515
2584
2616
2674
2727
2792
2841
2885
2516
2581
2634
2692
2745
2787
2826
2884
2605
2592
2638
2679
2727
2778
2826
2879
2542
2569
2638
2697
2737
2616
2671
2880
2529
2574
2619
2686
2731
2772
2825
2899
2530
2585
2616
2671
2726
2776
2901
2890
2522
2583
2641
2682
2735
2797
2833
2875
2541
2425
2626
2682
2724
2789
2837
2878
2519
2578
2628
2671
2734
2781
2844
2885
2537
2581
2633
2677
2804
2793
2826
2891
2541
2569
2635
2698
2743
2631
2847
2900
2534
2596
2627
2679
2720
2779
2828
2885
2531
2580
2624
2681
2721
2794
2851
2882
2529
2413
2643
2515
2742
2782
2829
2868
2514
2590
2635
2673
2737
2785
2836
2877
2522
2584
2450
2682
2722
2797
2838
2879
2528
2581
2625
2684
2720
2784
2828
2899
2522
2581
2626
2675
2723
2777
2841
2883
2534
2586
2629
2679
2736
2807
2838
2880
2521
2581
2627
2675
2721
2629
2841
2890
2529
2582
2645
2680
2722
2778
2835
2875
2531
2584
2619
2683
2729
2788
2840
2886
2527
2576
2637
2685
2724
2791
2834
2881
2543
2581
2618
2679
2715
2801
2839
2882
2382
2598
2638
2679
2713
2792
2831
2892
2535
2588
2625
2683
2736
2775
2829
2893
2532
2586
2632
2671
2736
2786
2832
2880
2533
2586
2628
2671
2729
2780
2834
2888
2514
2584
2627
2678
2791
2783
2835
2883
2542
2577
2632
2707
2728
2783
2834
2884
2536
2572
2634
2694
2739
2794
2838
2883
2528
2586
2635
2677
2731
2777
2842
2891
2526
2591
2638
2679
2727
2787
2836
2878
2534
2571
2639
2678
2733
2783
2827
2873
2369
2566
2629
2684
2722
2779
2834
2948
2539
2573
2630
2680
2727
2781
2844
2890
2536
2575
2641
2685
2720
2781
2826
2898
2531
2563
2631
2691
2738
2790
2827
2874
2533
2584
2631
2525
2753
2779
2828
2726
2532
2578
2632
2670
2721
2797
2832
2709
2531
2578
2632
2679
2729
2787
2845
2883
2530
2572
2621
2678
2729
2790
2831
2876
2540
2579
2638
2676
2749
2784
2825
2895
2529
2606
2633
2679
2724
2775
2849
2886
2533
2582
2634
2684
2733
2779
2839
2877
2528
2569
2635
2680
2558
2775
2827
2894
2530
2565
2626
2678
2739
2788
2623
2891
2528
2570
2625
2687
2749
2792
2661
2889
2518
2576
2633
2680
2722
2774
2851
2879
2363
2584
2637
2730
2747
2782
2829
2879
2533
2578
2635
2688
2741
2775
2847
2887
2539
2585
2624
2677
2729
2782
2837
2877
2525
2574
2634
2686
2726
2786
2845
2731
2541
2586
2630
2670
2723
2777
2837
2879
2537
2576
2629
2672
2727
2774
2893
2891
2535
2577
2634
2686
2745
2781
2837
2889
2533
2579
2624
2675
2731
2815
2846
2878
2543
2585
2635
2673
2729
2782
2833
2893
2529
2574
2634
2673
2724
2767
2832
2881
2532
2587
2635
2675
2727
2785
2822
2871
2533
2593
2637
2695
2721
2785
2830
2877
2540
2583
2631
2683
2740
2798
2837
2884
2535
2577
2638
2685
2543
2795
2833
2891
2592
2418
3023
2727
2793
2791
2844
2902
2529
2578
2639
2664
2721
2788
2849
2895
2536
2568
2628
2681
2723
2838
2861
2884
2535
2581
2634
2694
2723
2788
2838
2888
2524
2586
2625
2675
2724
2790
2846
2882
2533
2575
2679
2692
2749
2783
2826
2876
2529
2570
2621
2679
2732
2787
2838
2882
2533
2587
2629
2672
2720
2795
2842
2885
2533
2573
2636
2680
2733
2780
2830
2883
2526
2571
2620
2668
2725
2785
2828
2886
2525
2590
2630
2677
2727
2782
2838
2889
2521
2586
2644
2675
2789
2779
2849
2892
2529
2571
2625
2674
2726
2787
2833
2877
2538
2579
2617
2689
2733
2788
2841
2882
2538
2597
2715
