8158
2578
1756
2264
3135
3251
3227
3206
3285
3290
3418
3246
3182
3279
3225
3333
3385
3228
3201
3275
3156
2850
2953
2976
2974
2934
2986
2940
2950
2949
2934
2945
2938
2938
2958
2949
2911
2952
2967
2962
2830
2954
2960
2956
2512
2942
2933
2919
2982
2944
2966
2930
2886
2901
2937
3005
2968
1946
2897
2669
2941
2959
2965
2967
2980
2979
2944
2995
2895
2859
2970
2995
2957
2835
2848
2829
2770
3004
2929
2913
2935
3000
2933
2959
2948
2926
2955
2942
2989
2989
2958
2836
2785
2830
2963
2962
3008
2965
2951
2995
2884
2968
2945
2948
2975
2945
2946
2844
2968
2833
3000
2971
2976
2973
2951
2981
2931
2937
2958
3001
2952
2538
2971
2951
2908
2997
2963
2991
2881
2871
3002
2963
2522
2904
2174
2783
2836
2982
2945
2963
2883
2951
2952
3016
2831
2856
2978
2853
2506
2930
2962
2917
2947
2988
2950
2954
2933
2967
2986
2964
2985
2969
2966
2860
2935
2837
2968
2810
2969
2994
2961
2955
2922
2966
2967
2977
2957
2971
2906
2990
2910
2928
2958
3007
2985
2981
2973
2926
2837
2950
2931
2940
2955
2969
2956
2975
2915
2885
2994
2836
2852
2989
2849
2954
2947
2961
2925
2987
2944
2961
2955
2933
2928
2948
2970
2959
2853
2991
2844
2829
2933
2990
2959
2974
2981
2807
2965
2822
2792
2928
2972
2937
2971
2970
2829
3002
2946
3006
2972
2989
2936
2997
2934
2983
2920
2951
2977
2931
2969
2929
2943
2957
2912
2947
2963
2873
2971
2901
2996
2991
2899
2981
2930
2948
2552
2513
2990
2936
2923
2978
2943
2977
2964
2837
2954
2991
2948
3013
2956
2958
2897
2931
2966
2948
2921
2953
2967
2988
2964
2981
2840
2841
2810
2948
2854
2855
2819
2970
2946
2827
2929
2975
2943
2975
2935
2965
3001
2952
2967
2842
2962
2967
2939
3006
2934
2971
2927
2953
2953
2959
2972
2984
2974
2876
2950
2979
3011
2843
2983
2968
2942
2960
2936
2857
2948
2854
2964
2968
2978
2925
2885
2934
2974
2994
2956
2873
2951
2985
2963
2960
2976
2979
2972
2916
2965
2937
2937
2936
2955
2994
2834
2845
2980
2840
2908
2858
3008
2987
2827
2974
2963
2954
2834
2954
2955
2962
2937
2947
2856
2963
2973
2980
2941
2978
2995
2970
2928
2995
2916
2972
2976
2949
2969
2966
2959
2968
2962
2977
2973
2999
2992
2965
2996
2952
2909
2981
2938
2975
2943
2940
2963
2974
2951
2957
2858
2965
2983
2847
2958
3018
2917
3003
2943
2975
2969
2966
2998
2954
2897
2952
2961
2980
2981
2978
2980
2846
2945
2972
3000
2969
2934
2865
2895
2865
2927
2949
2957
2955
2969
2970
2979
2976
2831
2981
2971
2835
2986
2945
2849
2867
2931
2965
2919
2978
2936
2969
2960
2996
2919
2961
2969
2990
2974
2980
2954
2934
2945
2952
3004
2852
2964
2956
2912
2963
2903
2961
2924
2988
2989
3002
2990
2854
2941
2933
2977
2953
2952
2967
2964
2971
2932
2966
2949
2960
2958
2997
2985
2868
2936
2981
3005
2823
2782
2948
2887
2582
2916
2967
2958
2977
2929
2998
2941
2837
2985
2984
2972
2976
2989
2957
2783
2975
2978
2942
2957
2948
2971
2950
2956
2975
2931
2987
2956
2861
3004
2833
2979
2965
2919
2968
2967
2981
2978
2960
2976
2947
2918
2882
2966
2989
2973
2860
2970
2979
2928
2989
2938
3002
2915
2962
2972
2948
2914
2561
2968
2954
2963
2844
2984
2850
2926
2986
2990
2946
2914
2946
2845
2978
2915
2969
2962
2968
2959
2977
2960
2952
2918
2976
2970
2865
2954
2994
2986
2938
2992
2953
2925
2983
2938
2969
2945
2973
2960
2966
2972
2981
2830
2980
2959
2985
2912
2985
2961
2986
2967
2948
2950
2967
2896
2983
2973
2909
2868
2845
2993
2985
2819
2974
2955
2900
2887
2947
2975
2968
2970
2962
2966
2981
2948
2980
2966
2859
2968
2857
2527
2870
2938
2955
2942
2950
2919
2925
2962
2957
2952
2967
2939
2984
2923
2867
2946
2989
2986
2979
2982
2960
2921
2961
2952
2959
2806
2953
2969
2984
2830
2931
2993
2967
2968
2989
2971
2968
2931
2849
2975
2948
2981
2941
2962
2949
2936
2931
2950
2985
2962
3008
2987
2975
2966
2949
2964
2956
2923
2854
3001
2974
2886
2927
2969
2981
2961
2969
2976
2976
2964
3007
2854
2994
2947
2944
2956
2935
2933
2801
2977
2982
2994
2996
2959
2833
2825
2980
2990
2960
2996
2968
2969
2982
2908
2972
2941
2970
2952
2937
2974
2975
2927
2845
2836
2991
2972
2991
2985
2988
2914
2996
2943
2966
2979
2960
2853
2978
2932
2862
2818
2854
2989
2875
2927
2964
2979
2947
3015
2956
2930
2986
2954
2990
2893
2961
2954
2949
2971
2835
2981
2977
2945
3021
2977
2989
2970
2950
2947
2962
2913
2969
2950
2966
2913
2982
2939
2850
2842
2989
2852
2916
2993
2959
3012
2948
2797
2951
2959
2981
2964
2856
2968
2973
2554
2977
3006
2982
2976
2996
2841
2966
2567
2873
2802
2961
2960
2962
2944
2957
2939
2975
2981
2975
2994
2846
2849
2838
2940
2973
2955
2979
2960
2957
2941
2935
2930
2965
2969
2957
2830
2995
2996
2836
2830
2969
2925
2986
2963
2987
2922
2983
2934
2958
2988
2964
2955
2951
2950
2857
2970
2970
3004
2954
2921
2879
2944
2948
2927
2981
2878
2911
2932
2862
2962
2988
2923
2947
2972
2992
3004
2974
3003
2965
2909
2976
2944
2859
2960
2954
2977
2956
2909
2949
2959
2851
2867
3002
1673
2937
2923
3002
2949
2977
2989
2967
2960
2955
2979
2958
2951
2980
2969
2988
2842
3030
2824
2954
2997
2975
2966
2963
2966
2987
2917
2949
2974
2932
2992
2944
2995
2965
2930
2882
2830
3001
2984
2928
2975
2958
2939
2963
2965
2964
2957
2986
2972
2974
2971
2975
3012
2837
2981
2961
2985
2861
2934
2522
2934
2977
2933
2983
2957
2962
2896
2965
2969
2986
3020
2988
2844
2832
2902
2971
2947
2958
2944
