9146
1796
1534
2418
2289
2966
2523
3047
2363
3313
2502
2950
3176
2197
3326
2395
2899
2672
3106
2315
2841
2118
2868
2266
2679
2972
2010
2709
2903
2607
2387
2543
2414
2864
2772
2763
2790
2684
3038
2210
2398
2963
2181
2626
2902
1976
2680
2064
2422
2978
2173
2628
2915
2124
2684
2887
2747
2994
2198
2398
2855
1911
2668
2072
2429
2722
2874
2568
2788
2644
2855
2721
2574
2875
2686
2618
2745
2603
2850
2720
2070
2896
2181
2339
2651
2636
3012
2245
2669
2961
2027
2295
2971
2819
3009
2234
2772
2645
2189
2241
2604
2511
2922
2576
2777
2992
2821
1869
2543
2017
2621
2530
2174
2181
2254
1924
2503
2125
2599
2813
2307
2794
1999
2317
2625
2814
2597
2062
2623
2847
2209
2304
2731
1989
2967
2101
2607
2921
2013
2595
2924
2454
3049
2083
2634
2741
2430
2126
2874
1925
2616
2074
2421
2698
2811
2864
2914
1981
3021
2071
2384
2934
2022
2670
2555
2557
2974
2100
2690
2620
2015
2326
2926
2114
3052
2206
2451
2762
2781
2040
2776
2103
2661
2208
2667
2958
2027
2607
2918
2755
3110
2220
2422
2994
2794
2861
2111
2491
2930
2843
2292
2775
2795
2796
2820
2741
2988
2221
2651
2848
2837
2769
2934
1973
2663
2214
2705
2922
2189
2269
2975
2727
2404
2553
2698
2985
2007
2380
2879
2106
2731
2866
2873
2323
2851
2784
2937
2133
2762
2847
2452
3044
2148
2582
2621
2958
3020
2058
2632
2767
2811
2866
2319
2448
2784
2236
2714
2997
2182
2641
2914
2119
3010
2218
2722
2981
2039
2651
2915
2685
2368
2808
2936
2334
2498
2634
3000
2861
2937
2515
2099
2629
2503
2005
2853
1901
2726
2220
2662
3026
2183
2371
2943
2672
2223
2747
2642
3046
2173
2626
2928
2686
2710
2225
2439
2723
2732
2020
2858
2116
3029
2220
2594
2771
2819
2854
2853
2725
3053
2054
2732
3040
2158
2612
2809
2857
3040
2212
2712
2901
2825
2724
2965
1972
2964
2213
2709
2932
2010
2258
2797
2418
2963
2231
2693
2922
2720
2691
2860
2110
2884
2217
2365
3013
2156
2363
2880
2785
3008
2243
2681
2915
2778
2361
2679
2112
2821
2254
2699
2915
2830
2696
2113
2840
2964
2807
2622
2893
2729
2470
2728
2609
2924
2687
2065
2934
2161
2313
2947
1971
2670
2072
2405
3045
2176
2642
2806
2913
3028
2054
2700
2995
2014
2330
2981
2730
3102
2052
2479
3069
2155
2422
2887
2153
2701
2209
2423
2988
2001
2621
2887
2777
3094
2201
2680
2998
2024
2138
2871
2121
3056
2084
2721
2967
2164
2630
2954
2116
2996
2224
2631
2954
2022
2667
2950
2091
3064
2226
2726
2994
2172
2691
2933
2157
3004
2257
2403
3026
2007
2686
2954
2691
3018
2225
2412
2979
1952
2270
2969
2776
2983
2846
2853
2151
2863
2495
2874
2627
2941
2781
2611
2805
2199
2364
2903
1980
2993
2238
2726
2982
2004
2662
2876
2147
2997
2234
2720
2924
2811
2671
2904
2695
2377
2856
2662
2921
2832
2560
2814
2660
2932
2788
2619
2874
2653
2524
2813
2620
2956
2732
2651
2786
2656
2503
2845
2612
2892
2061
2453
2992
2688
2711
2848
2496
2989
2242
2376
3030
2022
2615
2886
2176
2965
2626
2714
2980
2169
2324
2933
2131
2995
2064
2688
3034
2193
2335
2976
2778
3073
2211
2768
2985
2164
2538
2998
2808
3126
2214
2490
2648
2178
2359
2866
2107
2962
2232
2677
2977
1999
2626
2924
2135
2722
2668
2615
2863
2724
2552
2826
2676
2943
2446
2526
2850
2666
2547
2747
2640
2937
2774
2612
2875
2678
2490
2840
1980
2817
2923
2726
2997
2014
2632
2822
2754
3104
2208
2677
2745
2698
2549
2838
2661
2934
2229
2662
2790
2914
2801
2982
1990
2956
2051
2756
2903
2819
2836
3008
3032
2222
2730
2735
2912
2839
2687
2942
2771
2948
2877
2758
2992
2187
2674
2260
2438
2980
2056
2754
2924
2185
2280
2647
2714
2948
2941
2767
2936
2008
2628
2932
2105
3006
2260
2729
2980
2183
2684
2588
2772
3019
2207
2346
3082
2172
2267
2890
2134
3069
2247
2409
2928
2810
2809
2945
1954
2718
2931
2644
3066
2811
2815
2862
2700
2962
2488
2543
2859
2716
2522
2834
2666
2948
2056
2465
2632
2780
2637
2803
2710
2693
2825
1854
2687
2523
2714
2925
2804
3032
2087
2394
2638
2041
2643
2915
2775
3044
2227
2676
2997
2003
2642
2957
2117
2757
2919
2738
2936
2870
2633
2944
1965
3049
2064
2736
2992
2010
2326
2997
2774
3003
2243
2728
2965
2161
2636
2934
2765
3014
2877
2797
2886
2841
2575
2576
2709
3023
2246
2643
2954
1943
2662
2969
2634
2231
2573
2738
2920
2767
2696
2967
2551
2369
2827
2454
2662
2537
2759
2930
2995
2238
2657
2731
2994
1998
2608
2987
2995
2372
2542
1932
2640
2825
2240
2936
2119
2663
2915
2716
2918
2702
2789
2290
2731
3079
2053
2707
2975
2170
2675
2886
2800
3045
2209
2449
2980
2037
2275
2647
2854
3051
2215
2698
2758
2740
2779
2916
1957
2879
2248
2683
2357
2738
1998
2661
2522
2953
2844
1910
2917
2021
2359
2909
2135
3041
2253
2725
2851
2883
2677
2920
3027
2396
2847
2764
2987
2844
2702
2975
2754
3092
2215
2700
3051
2013
2373
2784
2167
3076
2213
2406
3016
2041
2332
2943
2138
2996
2207
2643
3033
2167
2676
2925
2858
2228
2638
2792
2921
2785
2829
2126
2445
3043
2218
2721
3004
2165
2281
2663
2641
2862
2219
2459
2937
2555
2693
2618
2131
2720
2242
2689
2203
2786
2048
2883
2145
2699
2233
2665
3031
1991
2651
2937
2775
3057
2220
2656
2999
2155
2327
2879
2133
3056
2208
2662
2944
2829
2796
2276
2494
3061
2241
2411
2342
2867
2366
2881
2792
3109
2219
2465
3072
2169
2645
3007
2687
2978
1997
2754
2982
2155
2369
2682
2752
2996
2873
2775
3030
2747
2601
2709
2761
3099
2235
2743
3002
2016
2335
2917
2663
2252
2607
2621
