7591
621
574
845
954
905
799
821
898
875
876
1030
868
910
1030
943
921
854
908
1039
890
1079
889
913
818
868
921
1060
887
1008
871
887
909
1002
1041
881
1049
887
905
884
874
893
923
866
888
899
782
967
1036
998
891
1050
838
1050
924
894
1044
924
887
902
912
894
876
1055
910
831
1051
1042
1033
874
917
877
1011
1020
1059
1045
900
1024
966
898
944
1012
1037
894
893
1057
1032
998
881
875
868
885
1044
888
904
910
909
866
901
941
993
1036
1053
1031
901
1039
1067
877
901
910
888
880
880
813
911
891
1070
1021
1053
926
868
873
886
1046
889
895
869
1026
997
1002
928
892
901
898
861
941
1035
805
1022
897
858
1043
885
853
914
1030
1027
1044
913
1048
897
911
908
849
886
881
895
883
897
1068
1026
1040
897
1054
1045
1038
857
1067
1010
851
926
1038
886
876
1069
922
894
1044
1068
1029
883
799
837
907
897
1026
878
916
908
1014
905
1031
809
1002
895
868
1055
1060
919
885
908
865
937
895
906
905
895
941
894
977
1061
995
1040
890
1051
1052
1059
1021
849
1061
909
904
911
861
907
881
863
886
1032
893
881
908
912
956
964
891
891
1055
1088
1065
904
836
894
1015
898
879
933
877
879
884
904
891
911
1054
905
931
826
834
1079
931
915
1007
945
890
844
897
918
1053
905
1083
913
917
927
857
892
1021
1080
874
1018
1047
1021
814
1039
828
842
1002
1032
881
881
846
1044
908
1047
1070
922
869
936
859
893
1031
881
1026
884
1076
886
914
886
1050
1046
890
920
883
1041
870
917
879
920
898
1032
900
896
1046
877
902
922
883
901
905
889
886
914
889
878
889
1038
875
931
883
889
885
1056
1043
1048
1041
1048
1021
1045
929
896
910
896
878
1053
869
1044
894
896
896
797
1015
885
848
898
1065
1025
889
919
1024
1024
912
1060
854
892
1038
873
1065
890
1037
885
1056
1038
1071
905
1061
877
884
892
964
1079
869
1015
903
902
1031
1017
883
926
881
1045
1043
1046
860
896
901
900
907
903
1021
851
884
847
892
887
1057
885
897
914
866
901
899
1029
853
901
895
1016
900
1061
867
1054
891
1029
894
1046
853
903
901
878
1015
1041
1058
860
868
905
904
874
862
1052
1027
893
890
1034
926
1056
890
915
933
905
836
903
880
893
874
1041
895
891
1047
880
888
890
930
880
892
920
879
795
888
863
828
860
898
882
1003
912
1061
1055
1046
1049
875
1036
887
907
901
907
890
941
892
895
987
891
1026
1071
896
1061
1046
1065
994
901
1067
926
1069
795
888
991
804
1057
876
892
1043
998
1022
1040
1026
882
1061
893
1076
1009
913
909
902
1045
852
891
902
1034
890
890
856
920
1029
901
1060
867
946
908
1016
1032
904
913
855
1019
843
1007
985
991
989
1003
988
901
904
838
867
947
983
873
904
825
873
1004
981
826
1044
1005
931
1041
929
1072
1020
926
1047
1072
918
1071
1062
895
924
914
887
940
1058
1065
880
930
882
892
909
1064
917
1049
915
1051
1048
914
925
1073
901
1059
868
894
866
928
1052
889
915
894
1077
1092
1056
935
1055
862
891
900
1045
951
999
904
897
944
906
913
906
917
1027
1111
912
1062
924
942
893
902
1049
1069
1041
887
1064
1067
915
949
859
1058
1093
1083
920
1081
1054
911
911
932
1064
1068
892
913
887
1021
1043
1068
1067
893
899
811
870
909
1032
871
888
1077
1029
881
904
923
940
882
914
1061
909
923
1078
1079
1047
907
915
924
938
907
882
911
847
1056
899
970
962
1056
922
912
1020
1060
904
926
1071
937
908
896
996
1049
1057
1076
918
891
1037
890
1061
908
925
1082
916
904
921
916
866
1075
889
1072
1040
908
895
895
866
1076
1077
910
918
916
1037
912
1036
908
894
902
1053
1100
889
914
858
896
1068
1075
910
1069
1086
902
919
917
899
931
905
915
1051
905
890
1057
903
911
888
919
904
920
1038
934
913
1055
936
891
800
862
848
1049
923
923
874
920
1079
933
873
915
1065
913
1079
1080
902
921
841
932
930
887
888
1024
888
884
927
1010
923
880
912
909
904
920
878
898
868
909
914
1057
917
1056
843
896
925
873
876
1057
911
929
830
910
1032
922
913
914
1052
908
901
898
909
1076
908
908
1065
1056
876
887
915
937
919
915
888
900
922
1041
1080
948
841
893
955
848
883
928
917
1061
900
1052
1071
1285
1049
1068
1044
1035
1062
1059
1068
1045
1045
1076
1053
1064
1051
1051
1058
1047
1026
1066
1053
1056
1025
1047
1045
1045
1042
1054
1030
1039
1058
1064
1085
1047
1049
1058
1050
1057
1057
1047
1048
1060
1050
1057
1065
1086
1062
1311
1296
1288
1008
1290
1285
1286
966
1050
1056
1085
1060
1077
1056
1072
1041
1071
1059
1062
1030
1117
1072
1042
1042
1067
1044
1068
1220
1046
1280
1294
1300
1066
1090
1309
1056
1293
1064
1260
1286
1308
1066
1046
1045
1076
1038
1049
1044
1080
1055
1075
1012
1063
1018
1043
1337
1334
1309
1327
1310
1301
1371
1337
1363
1372
1411
1360
1350
1390
1305
1058
1078
1057
1301
1055
1071
1088
1077
1095
1090
1075
1091
973
