12443
2809
2774
2835
2778
3004
3093
2773
3039
3023
2851
2991
3248
3487
3423
3359
3149
3344
3316
3383
3324
3148
3306
3315
3258
3172
3276
3363
3165
3124
3371
3253
3255
3229
3368
3322
3249
3195
3259
3308
3182
3330
3363
3274
3329
3150
3292
3284
3164
3203
3317
3240
3261
3197
3402
3379
3312
3140
3300
3360
3234
3188
3379
3251
3172
3224
3331
3280
3284
3248
3332
3282
3179
3153
3345
3339
3281
3165
3299
3270
3325
3093
3434
3335
3194
3228
3285
3357
3254
3092
3283
3223
3172
3326
3411
3400
3153
3195
3372
3312
3310
3189
3436
3313
3217
3131
3410
3256
3186
3073
3381
3316
3272
3125
3361
3349
3189
3181
3371
3367
3225
3270
3350
3326
3369
3154
3337
3320
3297
3236
3417
3269
3200
3152
3288
3317
3142
3168
3365
3204
3285
3191
3370
3363
3351
3243
3309
3376
3142
3153
3383
3330
3258
3235
3259
3400
3350
3198
3346
3269
3206
3148
3381
3429
3384
3235
3339
3377
3319
3141
3366
3250
3252
3155
3325
3222
3184
3206
3413
3272
3289
3203
3501
3194
3233
3220
3343
3274
3226
3271
3329
3464
3296
3174
3421
3331
3207
3135
3328
3231
3218
3125
3387
3245
3137
3122
3345
3220
3223
3075
3235
3254
3231
3190
3383
3189
3132
3190
3344
3266
3234
3101
3384
3234
3213
3189
3311
3256
3210
3110
3347
3217
3191
3360
3336
3263
3200
3339
3417
3210
3205
3199
3351
3257
3227
3342
3331
3252
3218
3196
3317
3134
3156
3159
3300
3236
3204
3227
3329
3255
3180
3215
3149
3136
3171
3224
3378
3522
3093
3334
3403
3336
3208
3126
3275
3317
3203
3144
3314
3409
3283
3181
3398
3211
3181
3124
3390
3293
3266
3089
3431
3242
3153
3264
3264
3327
3263
3079
3374
3251
3258
3241
3323
3320
3483
3150
3426
3270
3225
3157
3296
3326
3190
3240
3378
3204
3231
3078
3487
3222
3150
3081
3539
3458
3241
3190
3369
3342
3159
3115
3255
3262
3236
3197
3302
3281
3196
3091
3381
3289
3241
3184
3305
3325
3239
3132
3324
3389
3276
3093
3519
3316
3495
3269
3563
3476
3401
3341
3639
3527
3485
3353
3608
3599
3553
3355
3663
3845
3542
3243
3553
3519
3450
3477
3648
3607
3505
3362
3618
3560
3488
3379
3565
3556
3457
3398
3727
3646
3506
3379
3673
3610
3514
3639
3708
3577
3568
3416
3660
3551
3569
3343
3592
3601
3615
3404
3664
3625
3548
3430
3659
3563
3908
3697
3630
3611
3556
3470
3686
3626
3580
3622
3662
3569
3574
3439
3621
3549
3638
3470
3723
3605
3551
3461
3707
3600
3591
3716
3693
3665
3646
3592
3728
3644
3590
3563
3711
3577
3550
3486
3762
3565
3537
3460
3730
3557
3640
3462
3773
3643
3671
3500
3747
3621
3613
3594
3802
3883
3661
3540
3724
3778
3602
3540
3787
3643
3663
3586
3787
3676
3730
3486
3724
3733
3569
3576
3767
3618
3564
3514
3783
3676
3694
3621
3827
3690
3648
3585
3996
3678
3654
3607
3869
3779
3661
3661
3924
3634
3653
3709
3706
3746
3673
3693
3823
3749
3700
3632
3885
3696
3732
3667
4037
3671
4028
3761
3800
3728
3736
3662
3828
3854
3822
3547
3917
3710
3706
3747
3993
3907
3753
3617
3791
3702
3687
3695
3805
3681
3661
3600
3821
3742
3693
3621
3854
3798
3787
3692
4015
3801
3663
3678
3916
3775
3763
3750
3865
3898
3628
3845
3887
3662
3815
3759
3823
3790
3807
3857
3879
3893
3811
3760
3792
3573
3795
3698
3870
3733
3900
3582
4004
3803
3924
3709
3933
3835
3667
3789
3796
3840
3686
3647
3831
3726
3771
3703
3902
3817
3746
3665
3934
3887
3651
3714
3854
3718
3662
3624
3779
3836
3650
3696
3944
3746
3717
3623
3887
3748
3683
3582
3825
3748
3717
3701
3859
3793
3872
3753
3943
3948
3737
3732
3935
3871
3774
3691
3812
3609
3739
3825
4017
3819
3687
3705
3909
3818
3913
3767
3859
3723
3875
3715
3893
3793
3756
3615
3918
3916
3696
3697
3978
3877
3822
3717
3930
3755
3772
3725
3898
3735
3752
3667
4061
3775
3855
3842
3926
3955
3750
3710
3915
3862
3875
3694
3911
3818
3857
3874
3911
3756
3843
3779
3854
3885
3813
3753
3822
3950
3775
3737
3947
3903
3970
3790
3976
3971
3740
3833
3917
3715
3804
3717
3878
3903
3894
3935
3965
3778
3816
3827
4152
3964
3701
3708
3909
3789
3811
3763
3911
3831
3670
3832
4034
3759
3803
3634
3851
3746
3790
3608
3928
3770
3749
3632
3880
3920
3785
3611
3884
3905
3795
3614
4065
3948
3665
3789
3932
3770
3764
3623
3901
3744
3885
3809
3814
3721
3767
3660
3889
3908
3879
3767
3931
3840
3854
3748
3866
3833
3679
3723
3906
3791
3749
3664
3908
3860
3896
3752
3895
3876
3914
3675
3923
3871
3993
3615
3892
3845
3815
3790
4014
3733
3783
3632
3920
3800
3840
3830
3887
3854
3719
3655
4021
3814
3916
3787
3856
3795
3720
3733
3897
3964
3738
3787
3850
3897
3737
3650
3852
3847
4072
3911
3914
3820
3717
3764
4006
3948
3843
3674
3913
3833
3811
3756
3915
3910
3729
3778
3926
3851
3798
3824
3948
4005
3881
3755
4014
3926
3787
3781
3999
3943
3967
3821
4087
3945
3880
3737
4122
3948
3841
3780
4011
3932
3745
3690
4093
4040
3793
3873
3992
4028
3829
3851
3965
3951
3856
3746
3957
3810
3748
3814
4006
3889
3860
3738
3951
3952
3779
3695
3979
3968
3949
3804
3951
3842
3735
3807
4127
3878
3864
3820
3995
3914
3935
3734
3891
3985
3758
3815
3979
3896
3876
3871
3993
3921
3860
3786
3979
3906
3909
3932
4006
3923
3797
3781
3983
3939
3859
3881
3997
3883
3878
3740
3916
3853
3851
3913
4013
3939
3829
3815
3967
3996
3837
3889
4048
4036
3875
3732
3948
4007
3958
3700
3966
3850
3838
3871
3988
3815
3891
3713
3948
4017
3837
3830
4054
3942
3841
3846
4119
4015
3842
3783
4006
3812
3970
3717
3946
3967
3601
