8154
3097
2488
3354
3600
3625
3276
3330
3375
3417
3471
3529
3563
3630
3271
3323
3373
3422
3469
3521
3564
3613
3266
3318
3204
3252
3508
3517
3577
3620
3264
3321
3368
3410
3471
3520
3417
3624
3267
3318
3365
3421
3467
3513
3568
3496
3101
3374
3380
3419
3472
3511
3581
3622
3309
3314
3371
3419
3467
3536
3570
3621
3264
3317
3372
3424
3476
3522
3573
3625
3299
3318
3373
3420
3469
3520
3569
3672
3110
3330
3371
3421
3468
3519
3582
3627
3270
3324
3361
3427
3466
3520
3575
3623
3267
3321
3369
3409
3484
3520
3577
3620
3268
3322
3373
3417
3467
3514
3562
3619
3267
3316
3369
3424
3471
3515
3570
3621
3260
3322
3370
3434
3468
3523
3575
3629
3271
3319
3371
3415
3471
3523
3572
3627
3274
3315
3365
3415
3467
3519
3570
3628
3270
3318
3367
3413
3465
3521
3565
3628
3268
3320
3367
3415
3466
3522
3568
3627
3268
3317
3378
3421
3471
3521
3570
3624
3267
3321
3372
3421
3311
3535
3572
3618
3263
3321
3381
3420
3472
3525
3573
3622
3268
3320
3371
3413
3471
3526
3579
3623
3269
3322
3210
3425
3473
3524
3571
3626
3272
3321
3364
3417
3460
3517
3567
3624
3269
3323
3367
3426
3471
3526
3568
3622
3266
3321
3367
3283
3475
3518
3571
3621
3269
3320
3369
3419
3470
3526
3569
3623
3268
3318
3372
3432
3470
3524
3574
3622
3268
3319
3372
3416
3476
3530
3632
3667
3270
3315
3377
3421
3472
3526
3432
3623
3264
3320
3371
3415
3467
3520
3574
3628
3269
3316
3371
3416
3467
3523
3567
3632
3262
3321
3367
3419
3476
3521
3571
3626
3269
3320
3368
3418
3481
3516
3564
3619
3266
3322
3367
3416
3473
3520
3570
3626
3270
3321
3370
3423
3464
3521
3571
3626
3273
3328
3372
3422
3468
3518
3575
3619
3264
3321
3368
3423
3470
3520
3575
3622
3091
3344
3376
3419
3472
3524
3574
3626
3275
3322
3368
3414
3475
3522
3573
3623
3267
3321
3373
3416
3467
3520
3570
3627
3269
3314
3374
3422
3467
3512
3573
3625
3266
3327
3369
3413
3308
3522
3571
3623
3267
3316
3375
3420
3464
3523
3561
3621
3267
3318
3377
3426
3472
3524
3571
3628
3266
3319
3371
3409
3468
3366
3575
3692
3267
3320
3371
3414
3473
3523
3563
3629
3113
3362
3370
3416
3459
3522
3575
3622
3268
3315
3368
3413
3468
3522
3572
3631
3260
3314
3370
3420
3473
3522
3567
3619
3270
3320
3371
3413
3478
3531
3580
3627
3283
3333
3377
3425
3465
3520
3563
3626
3274
3327
3375
3418
3464
3522
3572
3618
3273
3318
3372
3417
3473
3514
3573
3622
3265
3318
3377
3419
3475
3523
3572
3627
3269
3320
3369
3417
3465
3516
3574
3626
3269
3160
3383
3418
3469
3518
3572
3620
3270
3323
3371
3408
3463
3522
3574
3627
3267
3321
3372
3426
3469
3523
3565
3626
3269
3314
3374
3420
3474
3529
3573
3626
3265
3317
3364
3412
3478
3523
3571
3625
3266
3315
3376
3419
3469
3523
3574
3623
3264
3326
3365
3414
3463
3524
3569
3623
3271
3322
3365
3416
3466
3521
3562
3629
3267
3323
3373
3412
3473
3524
3567
3623
3267
3320
3370
3417
3470
3525
3566
3625
3268
3322
3368
3423
3474
3520
3572
3626
3269
3318
3371
3415
3473
3577
3568
3620
3266
3324
3367
3413
3471
3524
3575
3626
3265
3327
3372
3484
3474
3520
3567
3626
3272
3320
3371
3417
3471
3516
3571
3623
3267
3323
3365
3420
3467
3517
3572
3622
3271
3319
3374
3412
3331
3521
3572
3624
3263
3324
3373
3256
3476
3352
3597
3623
3268
3323
3374
3425
3473
3519
3572
3625
3266
3321
3371
3422
3469
3518
3570
3622
3263
3322
3376
3420
3475
3518
3582
3625
3102
3319
3367
3420
3461
3519
3576
3622
3269
3322
3371
3421
3470
3518
3573
3621
3267
3319
3369
3413
3472
3521
3579
3621
3273
3324
3371
3421
3461
3525
3575
3629
3263
3325
3224
3421
3468
3524
3572
3626
3272
3324
3377
3420
3472
3519
3574
3627
3268
3322
3368
3418
3492
3521
3572
3621
3265
3326
3369
3416
3467
3524
3569
3629
3270
3318
3220
3419
3476
3519
3577
3624
3269
3319
3372
3423
3479
3522
3568
3625
3269
3320
3370
3268
3476
3522
3569
3626
3265
3320
3370
3426
3467
3526
3575
3629
3279
3317
3366
3415
3471
3524
3576
3620
3268
3316
3205
3426
3469
3523
3578
3624
3271
3323
3371
3424
3471
3520
3577
3627
3269
3322
3221
3428
3479
3512
3573
3623
3268
3317
3372
3256
3482
3524
3575
3618
3261
3321
3378
3418
3464
3528
3573
3625
3272
3322
3230
3418
3470
3520
3571
3628
3268
3322
3377
3415
3471
3523
3574
3625
3273
3314
3376
3423
3465
3524
3573
3626
3269
3322
3375
3417
3470
3525
3573
3620
3271
3315
3375
3418
3472
3516
3641
3627
3266
3320
3369
3416
3474
3522
3570
3618
3269
3317
3374
3418
3468
3586
3583
3623
3265
3319
3374
3422
3474
3516
3568
3623
3262
3317
3373
3411
3319
3524
3567
3622
3268
3322
3374
3418
3472
3518
3576
3622
3270
3326
3203
3423
3472
3517
3573
3618
3266
3314
3375
3420
3295
3533
3564
3625
3268
3325
3375
3413
3469
3590
3578
3628
3273
3320
3374
3423
3467
3594
3570
3622
3276
3321
3372
3428
3471
3515
3570
3620
3275
3165
3378
3426
3473
3525
3407
3629
3270
3322
3364
3423
3471
3517
3573
3626
3271
3313
3375
3416
3473
3512
3575
3619
3273
3323
3220
3424
3471
3516
3572
3622
3282
3341
3376
3421
3473
3516
3573
3622
3266
3325
3371
3422
3472
3517
3568
3621
3267
3321
3372
3414
3471
3520
3573
3620
3265
3316
3374
3420
3468
3524
3569
3625
3268
3318
3370
3417
3476
3524
3567
3625
3273
3319
3379
3422
3466
3527
3576
3620
3264
3325
3370
3415
3476
3524
3573
3631
3275
3316
3215
3285
3490
3516
3570
3619
3268
3346
3373
3419
3469
3525
3569
3620
3269
3337
3444
