10121
431
506
689
421
459
615
888
424
425
578
677
419
412
560
413
724
668
407
745
443
686
438
430
420
702
432
407
492
669
425
408
841
458
667
476
441
431
652
441
494
621
838
421
724
438
702
777
900
523
480
579
617
635
686
424
416
642
431
428
410
411
424
412
651
712
655
454
780
692
799
656
484
462
659
784
515
702
493
448
697
739
463
461
477
468
464
460
506
474
448
576
582
688
685
464
701
459
449
470
446
518
622
487
652
488
479
441
644
465
438
460
473
411
424
676
660
449
424
665
471
460
731
452
475
512
528
519
490
760
487
733
609
444
921
449
796
725
745
486
622
473
615
846
599
465
470
480
477
821
719
683
582
661
497
754
703
450
671
491
667
682
687
679
681
509
732
811
483
667
666
787
450
435
488
448
462
730
460
457
462
411
696
484
677
529
443
472
475
699
523
508
592
588
626
705
469
428
438
685
418
436
449
457
466
445
451
475
457
492
865
707
449
453
699
432
603
752
468
895
471
461
796
904
495
742
841
622
443
466
406
458
453
463
463
737
463
681
737
723
531
865
460
523
499
589
501
481
828
602
726
698
439
470
473
566
715
706
737
472
471
486
471
809
682
579
711
454
446
657
463
707
528
517
477
485
613
661
628
450
701
474
753
735
446
443
450
657
450
609
461
510
672
724
465
462
607
440
473
701
457
489
484
450
679
602
462
452
525
451
484
743
484
449
574
494
472
485
758
475
450
453
668
463
426
469
714
473
496
851
457
460
723
426
441
565
430
443
531
697
740
885
809
458
731
716
781
774
551
693
499
490
731
903
483
508
767
487
689
716
791
538
700
457
467
510
514
503
797
517
628
689
464
466
722
592
461
623
659
471
472
455
451
639
464
468
753
453
720
471
462
521
473
669
461
714
406
468
452
468
705
641
2561
2203
2466
2567
2571
2500
2496
2449
2520
2494
2585
2568
2491
2426
2940
2339
2402
2387
2441
2506
2452
2501
3008
2292
2356
2269
2959
2274
2387
2476
2513
2420
2463
2446
2399
2404
2968
2439
2513
3019
2368
2611
2558
2602
2400
2574
2329
2384
2494
2414
2612
2546
2223
2405
3004
2608
2549
2552
2632
2512
2611
2506
2641
2552
2481
3057
2257
2475
2574
2520
2543
2633
2607
2639
2464
2650
2396
2592
2574
2544
2409
2469
2627
2601
2529
4282
2706
2749
2301
3219
2727
2414
2593
2642
2609
2563
2738
4953
2714
2743
2451
2564
2658
2506
2771
2492
2814
2598
2606
4825
2852
2829
2563
2294
2760
2586
2476
2439
2646
2695
2569
4866
2898
2886
2730
2796
2814
2793
2812
2756
2754
2731
2795
4756
3168
3131
3027
3073
3045
2787
2849
2695
2914
2746
2515
2816
3019
3045
2914
2890
2818
2942
2652
2886
2823
3413
3064
5434
5568
5538
5587
5537
5424
5484
5576
5509
5483
5484
5361
5596
2824
2857
2549
2691
2663
2873
2702
2670
2730
2831
2830
2750
2710
2753
2316
2734
2776
2697
2895
2783
2700
2588
2651
2805
2949
2848
2819
2803
3293
2309
2559
2638
2631
2727
2673
2855
2447
2798
2781
2728
3116
2721
2866
2712
2763
2643
2752
2741
2696
2765
2750
2778
2698
3150
3281
2834
2695
2665
2629
2766
2676
2629
2529
2726
2781
2791
2808
3217
2629
2740
2748
2832
2804
2642
2819
2716
2786
2644
2553
2608
2622
3218
2636
2834
2738
2856
2919
2793
2769
2607
2545
2725
2671
2583
3603
2651
3203
2812
2823
2679
2752
2684
2679
2777
2792
2732
2648
5470
5648
5482
5581
5609
5455
5568
5375
5494
5534
5562
5390
5816
2807
2783
2985
2905
2941
2565
2802
2727
2727
2638
2751
2700
2755
2671
3291
2858
2755
2847
2866
2760
2821
2826
2349
2505
2877
2898
2528
2798
2825
2937
2916
2852
2504
2709
2714
2720
2656
2570
2625
2748
2804
2832
2353
2810
2961
2873
2922
2757
2612
2762
2808
2433
2493
2655
2784
2924
2696
2780
2914
2760
2826
2822
2836
2885
2772
2534
2634
2839
2827
2702
2742
2860
2931
2837
2793
2847
2803
2704
2466
2642
2647
2766
2827
2671
2880
2811
2802
2721
2893
2729
2861
2702
2719
2947
2855
2676
2812
2617
2814
2869
2792
2692
2322
2637
2714
2823
2720
6058
5494
5568
5518
5604
5531
5594
5546
5544
5560
5525
5362
4624
2960
2817
3002
2912
2920
2885
2562
2541
2861
2734
2841
2947
2967
2718
2862
2339
2865
2832
2873
2633
2453
2856
2691
2729
2692
2846
2922
2878
2700
2843
2687
2903
2890
2792
2836
2701
2862
2860
2692
2898
2793
2860
2790
2723
2403
2799
2686
2778
2846
2871
2713
2719
2500
2524
2796
2662
2746
2325
2585
2448
2822
2893
2943
2850
2908
2892
2775
2877
2876
2775
2759
3334
2588
2781
2845
2781
2896
2852
2665
2865
2787
2841
2807
2731
2672
2512
2596
2728
2891
2696
2803
2890
2840
2802
2746
2781
2756
3343
2616
2588
2865
2675
2642
2845
2909
2788
2872
5621
5526
5505
5182
5488
5541
5596
5463
5489
5501
5539
5615
4937
2821
2907
2826
2896
2818
2528
2771
2964
2936
2956
2997
2982
2573
2526
2808
2565
2620
2869
2750
3374
2639
2831
2600
2905
2806
2887
2830
2799
2813
2505
2829
2450
2754
2777
2797
2891
2692
2733
2677
2852
2831
2879
2892
2910
2669
2812
2556
2817
2783
2973
2846
2755
2663
2758
2785
2705
2742
2745
2811
3566
2570
2827
2830
2824
2818
2826
2664
2724
2024
