10259
484
507
493
538
478
473
686
632
457
579
633
509
903
794
583
441
566
813
784
773
854
882
499
490
573
514
477
466
792
777
452
915
907
854
899
870
657
783
810
463
544
846
527
881
856
866
942
839
915
868
953
516
954
833
636
930
984
896
626
457
865
772
447
643
832
519
861
492
884
862
847
466
502
833
469
783
533
904
847
852
867
497
915
890
886
802
819
829
751
484
604
811
884
606
819
890
919
481
920
876
929
864
456
527
903
810
898
819
913
878
864
539
856
451
904
831
890
564
859
781
819
573
873
838
564
552
511
579
876
979
871
905
895
823
510
952
819
528
457
465
932
456
920
475
528
835
572
649
785
494
546
798
456
447
866
851
947
770
899
887
940
892
900
521
889
555
634
482
538
553
824
892
884
919
527
495
861
448
455
497
487
979
774
844
484
801
799
797
594
449
495
527
582
985
998
658
933
852
883
894
985
617
944
795
852
446
924
774
699
823
842
879
940
474
969
532
856
462
769
486
546
844
967
923
825
734
902
838
678
882
845
523
777
451
903
528
545
614
894
878
766
880
550
524
879
443
794
586
443
442
929
486
886
470
581
593
907
891
459
463
782
897
836
939
832
452
813
621
682
550
588
758
597
925
601
851
945
845
1010
899
883
771
801
533
454
783
925
854
909
829
879
850
881
873
567
756
852
479
838
828
646
906
845
891
868
473
684
770
755
437
458
446
496
456
974
909
933
514
838
808
902
488
520
548
835
918
902
450
887
682
915
788
964
876
558
463
578
838
557
780
873
812
881
824
842
891
916
568
768
594
833
475
1044
885
861
512
900
684
886
845
886
849
830
529
506
768
1054
3541
3750
3572
3696
3547
3734
3327
3835
3684
3578
3541
3855
3602
3770
3541
3780
3627
3735
3539
3702
3229
3741
3463
3757
3204
3743
3563
3724
3382
3545
3464
3707
3578
3420
3541
3782
3462
3435
3462
3595
3472
3679
3186
3603
3375
3315
3089
3630
3471
3394
3509
3668
3464
3704
3575
3761
3600
3730
3589
3674
3515
3728
3314
3659
3491
3647
3531
3594
3562
3667
3580
3874
3478
3714
3601
3669
3496
3559
3453
3660
3543
3453
3526
3672
3496
3665
3526
3680
3596
3683
2948
3680
3421
3586
3486
3709
3512
3702
3338
3622
3520
3691
3531
3675
2851
3644
3541
3624
3512
3556
3545
3573
3461
3641
3381
3666
3532
3627
2910
3612
3518
3660
3373
3596
3517
3696
3489
3683
3522
3584
3484
3642
3109
3617
3459
3629
3471
3609
3508
3553
3531
3434
3493
3693
3515
3520
3438
3705
3572
3682
3483
3627
3542
3715
3523
3438
3323
3676
3577
3508
3404
3588
3442
3540
3429
3679
3514
3218
2579
3653
3567
3668
3507
3724
3579
3778
3545
3416
3546
3683
3519
3658
3502
3685
3404
3700
3465
3643
3506
3586
3556
3695
3373
3705
3487
3671
3456
3646
3510
3386
3572
3608
3531
3692
3546
3601
3571
3590
3477
3592
3521
3648
3511
3651
3534
3649
3556
3669
3250
3694
3587
3639
3362
3661
3479
3643
3434
3694
3524
3705
3495
3625
3205
3656
3473
3662
3602
3500
3439
3679
3233
3674
3464
3600
3551
3281
3176
3567
3426
3694
3552
3734
3524
3673
3553
3621
3578
3482
3526
3690
3029
3641
3608
3694
3521
3618
3547
3403
3571
3630
3416
3489
3507
3650
3527
3593
3346
3646
3531
3690
3526
3653
3448
3662
3470
3655
3554
3239
3545
3496
3534
3653
3461
3660
3515
3653
3503
3658
3406
3714
3520
3536
3437
3591
3500
3377
3330
3642
3503
3467
3522
3645
2802
3626
3478
3590
3490
3596
3580
3603
3570
3205
3445
3589
3548
3677
3301
3600
3495
3692
3506
3656
3550
3493
3468
3675
3495
3438
3482
3708
3424
3550
3466
3513
3437
3548
3411
3591
3599
3715
3606
3640
3442
3522
3364
3642
3466
3692
3523
3767
3539
3412
3482
3592
3426
3362
3407
3593
3514
3644
3512
3552
3270
3497
3394
3671
3559
3672
3461
3537
3551
3538
3610
3749
3499
3656
3526
3688
3519
3548
3272
3663
3422
3601
3257
3614
3490
3597
3549
3689
3532
3719
3445
2897
3497
3633
3534
3688
3484
3699
3513
3551
3465
3625
3558
3647
3505
3241
3559
3652
3382
3571
3555
3541
3532
3718
3501
3628
3509
3643
3542
3686
3565
3648
3490
3558
3530
3713
3542
3560
3385
3703
3428
3648
3486
2905
3486
3702
3574
3674
3538
3690
3490
3658
3410
3657
3498
3620
3012
3641
3509
3598
3463
3682
3591
3651
3505
3716
3491
3593
3475
3650
3109
3574
3440
3655
3181
3620
3511
3707
3522
3630
3500
3577
3526
3656
2937
3651
3546
3658
3476
3447
3527
3397
3574
3666
3515
3681
3571
3746
2986
3636
3492
3645
3518
3553
3519
3658
3518
3538
3513
3614
3413
3509
2942
3635
3535
3639
3496
3671
3506
3556
3432
3654
3473
3711
3531
3650
3384
3677
3383
3508
3339
3630
3386
3654
3511
3627
3554
3654
3475
3684
3633
3753
3573
3705
3517
3710
3486
3568
3454
3605
3389
3646
3542
3639
3479
3625
3612
3648
3542
3601
3566
3709
3527
3380
3476
3630
3565
3667
3464
3686
3505
3442
3518
3622
3729
3669
3475
3089
3488
3538
3502
3650
3468
3708
3466
3608
3507
3681
3498
3655
3578
3642
3500
3704
3501
3740
3300
3507
3529
3650
3463
3581
3438
3694
3323
3633
3591
3325
3498
3661
3274
3670
3584
3662
3092
3682
2931
3645
3541
3668
3410
3690
3408
3578
3418
3585
3279
3382
3404
3535
2515
