6818
1454
873
1506
1672
1696
1878
1533
1511
1848
1858
1887
1502
1679
1873
1980
1658
1764
1867
1972
1653
1808
1674
1970
1656
1767
1897
1881
1643
1762
1869
1974
1650
1779
1759
1966
1659
1770
1868
1867
1653
1772
1881
1988
1650
1771
1862
1952
1672
1772
1867
1973
1655
1750
1860
1966
1697
1767
1869
1528
1685
1764
1877
2015
1661
1770
1858
1964
1672
1748
1860
1959
1649
1745
1876
1971
1660
1781
1863
1965
1648
1830
1758
1985
1667
1762
1876
1965
1643
1786
1874
1968
1655
1771
1866
1961
1666
1757
1858
1960
1658
1748
1852
1944
1645
1754
1790
1977
1664
1759
1876
1955
1643
1767
1867
1947
1659
1763
1862
1977
1512
1788
1857
1968
1640
1764
1873
1986
1651
1749
1855
1940
1654
1790
1869
1966
1660
1766
1854
1979
1648
1761
1868
1960
1653
1752
1875
1956
1658
1748
1870
1949
1667
1748
1861
1975
1655
1780
1859
1980
1680
1752
1846
1969
1665
1772
1845
1963
1660
1734
1888
1975
1640
1782
1884
1966
1658
1748
1869
1974
1531
1775
1852
1968
1659
1775
1846
1961
1660
1760
1867
1947
1667
1772
1862
1974
1648
1767
1883
1959
1637
1761
1853
1980
1671
1782
1896
1984
1654
1759
1788
1890
1689
1818
1840
1959
1668
1780
1862
1966
1663
1773
1863
1966
1490
1783
1847
1976
1468
1755
1857
1961
1653
1762
1859
1959
1667
1767
1853
1965
1663
1758
1880
1964
1675
1763
1860
1979
1575
1774
1865
1955
1656
1776
1874
1971
1651
1768
1853
1977
1663
1770
1868
1972
1654
1780
1883
1978
1667
1776
1853
1963
1669
1772
1849
1957
1649
1781
1854
1982
1647
1771
1872
1961
1674
1769
1862
1972
1659
1760
1779
1979
1674
1764
1864
1950
1644
1763
1874
1950
1672
1767
1882
1966
1649
1827
1869
1981
1646
1767
1768
1960
1671
1767
1856
1942
1657
1781
1871
1954
1658
1763
1783
1986
1649
1766
1887
1963
1653
1765
1883
1967
1660
1765
1871
1960
1647
1759
1875
1991
1686
1756
1898
1817
1685
1772
1866
1958
1681
1759
1874
1963
1662
1745
1842
1962
1667
1759
1875
1979
1649
1599
1892
1961
1683
1763
1871
1992
1655
1772
1869
1968
1632
1770
1877
1824
1678
1759
1868
1971
1650
1790
1768
1950
1650
1771
1761
1988
1678
1770
1864
1957
1655
1763
1846
1979
1651
1776
1864
1970
1664
1760
1885
1947
1652
1766
1879
1964
1672
1772
1865
1949
1686
1757
1868
1952
1656
1780
1879
1979
1664
1749
1867
1980
1664
1756
1850
1959
1522
1767
1857
1969
1649
1785
1770
1963
1654
1767
1768
1960
1654
1772
1861
1957
1664
1785
1882
1972
1636
1742
1882
1827
1656
1758
1765
1960
1642
1758
1872
1985
1666
1752
1871
1969
1673
1768
1773
1960
1652
1752
1843
1964
1676
1771
1877
1966
1664
1755
1863
1816
1654
1761
1865
1968
1664
1724
1848
1968
1658
1768
1849
1972
1657
1779
1849
1859
1662
1761
1869
1959
1648
1776
1876
1967
1632
1760
1861
1981
1679
1762
1867
1974
1648
1762
1870
1972
1650
1755
1861
1984
1657
1767
1878
1955
1645
1750
1762
1992
1654
1779
1855
1980
1669
1771
1868
1972
1661
1764
1759
1965
1654
1771
1885
1978
1667
1757
1861
1970
1686
1752
1866
1979
1641
1765
1868
1977
1675
1755
1881
1954
1653
1749
1870
1962
1679
1749
1871
1973
1666
1766
1868
1973
1665
1775
1876
1961
1663
1742
1878
1974
1635
1762
1866
1945
1655
1768
1875
1984
1652
1825
1864
1985
1653
1759
1867
1964
1678
1743
1882
1968
1641
1761
1891
1974
1657
1775
1866
1952
1656
1747
1859
1966
1650
1773
1864
1980
1663
1766
1863
1954
1649
1763
1866
1961
1676
1753
1855
1973
1660
1752
1861
1967
1674
1759
1864
1966
1653
1766
1873
1965
1663
1778
1874
1962
1496
1764
1863
1959
1494
1772
1886
1983
1659
1764
1880
1860
1672
1746
1852
1975
1653
1754
1884
1970
1691
1825
1867
1969
1659
1762
1856
1957
1668
1769
1881
1953
1646
1782
1859
1978
1643
1751
1855
1967
1673
1763
1850
1955
1672
1769
1868
1962
1657
1774
1852
1968
1650
1777
1842
1952
1664
1737
1879
1956
1631
1771
1869
1950
1671
1750
1853
1975
1674
1767
1871
1957
1657
1761
1866
1967
1666
1755
1835
1953
1635
1737
1856
1972
1655
1825
1845
1946
1664
1764
1844
1968
1667
1787
1845
1970
1664
1763
1881
1977
1649
1771
1859
1950
1669
1746
1858
1973
1650
1768
1880
1971
1651
1752
1708
1968
1651
1766
1871
1979
1669
1764
1877
1968
1641
1768
1879
1965
1662
1767
1866
1964
1667
1779
1845
1973
1645
1759
1873
1979
1649
1766
1869
1970
1659
1766
1867
1967
1669
1761
1857
1944
1664
1779
1878
1979
1676
1747
1868
1960
1649
1760
1864
1975
1648
1804
1899
1972
1672
1766
1862
1959
1651
1762
1868
1963
1648
1745
1703
1991
1681
1773
1870
1969
1653
1784
1884
1983
1689
1770
1861
1970
1484
1776
1889
1964
1662
1768
1858
1976
1645
1764
1886
1960
1652
1759
1872
1876
1682
1764
1867
1973
1651
1767
1857
1980
1651
1766
1863
1977
1669
1769
1870
1969
1655
1749
1866
1969
1660
1766
1874
1890
1664
1772
1872
1953
1647
1765
1866
1965
1649
1771
1856
1950
1660
1744
1869
1964
1644
1776
1881
2039
1652
1769
1865
1954
1674
1779
1861
1973
1668
1778
1863
1946
1665
1754
1854
1954
1656
1775
1876
1975
1655
1751
1867
1862
1660
1764
1865
1979
1646
1757
1868
1977
1653
1769
1868
1965
1660
1782
1877
1954
1655
1766
1865
1955
1656
1764
1874
1972
1671
1751
1870
1946
1653
1776
1875
1987
1675
1753
1882
1963
1665
1764
1872
1959
1678
1781
1869
1970
1664
1778
1877
1976
1678
1765
1861
1959
1667
1774
1870
1980
1666
1766
1868
1964
1519
1759
1876
1971
1663
1768
1855
1958
1676
1759
1856
1965
1657
1785
1876
1971
1656
1765
1882
1986
1812
