6688
944
919
1766
1831
1806
1637
1688
1785
1608
1847
1907
1937
1981
1630
1523
1760
1772
1851
1719
1943
1989
1635
1499
1743
1800
1623
1911
1983
1989
1632
1693
1735
1651
1650
1764
1785
1987
1637
1528
1736
1787
1845
1898
1936
1991
1624
1531
1729
1787
1835
1894
1936
1997
1656
1681
1768
1782
1688
1483
1955
2029
1638
1682
1752
1579
1864
1802
1952
1996
1653
1681
1753
1787
1861
1929
1953
1991
1643
1673
1730
1766
1841
1885
1934
1849
1463
1676
1534
1586
1859
1926
1934
1998
1636
1683
1735
1787
1834
1914
1979
1994
1642
1685
1760
1783
1645
1888
1994
2000
1642
1487
1741
1581
1633
1912
1946
1980
1638
1687
1754
1792
1824
1811
1959
1993
1643
1698
1740
1600
1856
1938
1728
2007
1429
1686
1744
1796
1837
1901
1939
1988
1465
1710
1733
1630
1632
1904
1943
2035
1636
1687
1740
1629
1644
1676
1936
1997
1636
1681
1739
1780
1843
1879
1941
1990
1644
1687
1742
1776
1859
1939
1738
2004
1426
1681
1742
1789
1841
1888
1940
1839
1652
1727
1735
1791
1842
1898
1918
1993
1457
1701
1725
1784
1833
1733
1935
1989
1642
1685
1731
1852
1630
1787
1966
2000
1641
1675
1743
1800
1694
1911
1982
1994
1644
1715
1721
1791
1846
1881
1962
1998
1690
1697
1533
1710
1869
1885
1945
1984
1638
1673
1742
1791
1858
1879
1787
2003
1637
1691
1753
1783
1850
1939
1933
1844
1651
1482
1729
1793
1672
1906
1971
1790
1644
1700
1742
1781
1698
1697
1981
1981
1637
1494
1784
1579
1846
1726
1938
1995
1467
1705
1759
1792
1693
1720
1780
2002
1633
1688
1730
1781
1833
1882
1939
2039
1442
1708
1760
1780
1895
1898
1954
1990
1632
1707
1765
1634
1845
1879
1943
1980
1626
1674
1733
1576
1825
1882
1963
1995
1648
1535
1766
1779
1842
1883
1933
1988
1628
1692
1741
1795
1641
1885
1771
1787
1653
1693
1748
1629
1856
1895
1799
1988
1634
1699
1745
1629
1848
1886
1944
1995
1640
1695
1739
1793
1864
1928
1931
1998
1661
1709
1743
1807
1841
1887
2006
1996
1655
1681
1790
1782
1634
1922
1925
1784
1432
1697
1768
1627
1677
1887
1963
1844
1635
1680
1738
1783
1834
1888
1952
2015
1683
1681
1732
1792
1843
1897
1938
1995
1662
1744
1733
1793
1829
1888
1930
1994
1639
1526
1765
1781
1698
1916
1950
1996
1454
1705
1754
1786
1685
1893
1933
1992
1631
1686
1729
1828
1841
1893
1961
2047
1637
1676
1764
1841
1851
1693
1744
2006
1642
1714
1744
1787
1842
1685
1945
1846
1639
1522
1732
1798
1840
1886
1933
1994
1638
1475
1728
1782
1844
1881
1931
1848
1457
1706
1735
1631
1866
1893
1949
1912
1630
1712
1731
1712
1835
1883
1945
1980
1634
1692
1738
1784
1845
1880
1973
2000
1630
1534
1740
1795
1836
1907
1938
2012
1642
1685
1788
1792
1838
1727
1964
1997
1645
1701
1743
1584
1877
1912
1780
2040
1633
1717
1526
1795
1834
1891
1765
2014
1629
1729
1787
1813
1641
1684
1933
1989
1644
1673
1727
1600
1860
1886
1995
1993
1646
1689
1730
1777
1832
1885
1966
2022
1663
1484
1733
1791
1838
1889
1932
1986
1633
1681
1771
1790
1651
1890
1943
1986
1635
1694
1739
1588
1864
1682
1734
1788
1648
1522
1727
1800
1892
1684
1964
1995
1634
1696
1746
1793
1824
1882
1944
2005
1445
1684
1725
1771
1831
1682
1957
2030
1630
1691
1761
1796
1688
1895
1950
1993
1624
1685
1739
1776
1836
1880
1966
1846
1641
1720
1740
1581
1853
1687
1942
1989
1632
1683
1731
1793
1849
1729
1751
2005
1667
1478
1749
1794
1831
1887
1972
2019
1687
1701
1736
1798
1870
1886
1946
1801
1623
1678
1738
1794
1829
1687
1792
1993
1645
1684
1736
1792
1831
1888
1958
2014
1476
1686
1734
1802
1831
1899
1935
1989
1634
1696
1560
1640
1622
1906
1740
2016
1638
1678
1584
1796
1830
1886
1940
1783
1425
1716
1535
1791
1843
1891
1939
1988
1454
1720
1785
1788
1829
1882
1931
1789
1656
1519
1755
1784
1844
1885
1936
2013
1633
1536
1757
1792
1840
1718
1735
2005
1673
1701
1736
1781
1871
1892
1787
2001
1629
1686
1729
1792
1840
1889
1934
1980
1641
1696
1732
1794
1842
1903
1935
2008
1459
1672
1729
1778
1841
1880
1754
1810
1639
1700
1753
1782
1673
1930
1942
1984
1626
1698
1739
1780
1831
1881
1954
2009
1442
1675
1782
1789
1833
1890
1935
1992
1634
1686
1732
1785
1830
1870
1960
2021
1636
1705
1745
1776
1833
1878
1774
2040
1681
1690
1528
1800
1892
1903
1734
1783
1668
1687
1567
1795
1844
1880
1941
1984
1451
1734
1533
1788
1840
1889
1935
1997
1470
1702
1579
1583
1842
1897
1971
2013
1641
1695
1742
1790
1648
1910
1946
1993
1638
1692
1757
1786
1892
1889
1947
1986
1665
1543
1762
1791
1847
1877
1945
1975
1648
1698
1573
1799
1841
1880
1997
1996
1634
1688
1751
1784
1646
1904
1942
1988
1456
1716
1758
1820
1641
1681
1961
2040
1629
1696
1757
1842
1624
1692
1780
2000
1656
1509
1552
1595
1636
1901
1795
1829
1433
1687
1732
1791
1833
1928
1969
1787
1651
1700
1733
1626
1674
1924
1943
1786
1435
1685
1736
1783
1830
1880
1940
1993
1468
1704
1569
1796
1624
1907
1944
1992
1468
1711
1743
1582
1829
1890
1932
1994
1634
1684
1765
1791
1889
1891
1947
1995
1688
1700
1752
1793
1847
1738
1732
1782
1668
1738
1749
1786
1849
1885
1967
1999
1490
1703
1739
1791
1859
1728
1956
2036
1634
1505
1782
1785
1872
1897
1935
1835
1659
1729
1560
1790
1832
1936
1926
1984
1466
1539
1744
1600
1862
1731
1949
1994
1649
1708
1769
1814
1879
1682
1965
1900
1636
1702
1538
1816
1830
1875
1974
2043
1632
1691
1730
1791
1829
1889
1943
1985
1630
1696
1758
1577
1628
1921
1967
1988
1635
1696
1787
