8040
2049
1062
1870
1834
1972
1959
1954
2011
2021
2019
1996
2000
1999
1964
1982
1914
1990
1851
1987
1988
1989
1983
1835
1979
1989
1996
1873
1991
1983
2000
1985
1985
1856
2021
1997
1976
1979
1828
1941
1960
1973
1967
1841
1991
1992
1997
1973
2009
1982
1991
2003
1967
2001
1978
1975
1914
1971
1858
1871
2000
1977
1986
2003
2006
1845
1998
1860
1894
1989
1982
1977
1916
2023
1959
1983
1994
1996
1856
1909
1879
1968
2000
1999
1979
1940
1943
1978
1852
1969
1910
1988
1894
1854
1984
1982
1975
1979
1864
1993
1996
2000
1990
1863
1977
1984
1984
1841
1862
1982
1969
1972
1989
1853
1985
2005
1993
1992
1853
1851
1999
1853
1981
1856
2021
1989
1994
1969
1856
1978
1978
1994
1983
1852
1997
1955
1911
1896
2015
1986
1981
1986
1975
1851
2000
1977
1981
1990
1893
1976
1982
1998
1975
1842
2000
1986
1978
1989
2023
1975
1950
1975
1914
1856
1905
1980
1903
1971
1854
2007
1979
1958
1992
1857
1980
1963
1980
2001
1851
1986
1982
1639
1903
1908
1990
1861
1995
1996
2033
1908
2013
1972
1983
1990
1998
1861
2005
1978
1980
1861
1990
2003
1983
1993
1983
2003
1997
2001
1982
1990
1869
1985
1992
1997
1982
1843
1985
1988
1998
1985
1856
1975
1981
1984
1980
1993
1975
1982
1983
2007
1844
1906
1970
1969
1999
1984
1992
1993
1986
1989
2000
1984
1873
2008
1983
1855
1977
1996
1986
1999
1854
1985
1987
1970
1874
1857
1981
1980
1982
1989
2009
2000
1999
1991
2014
1866
1958
1895
1897
1963
1851
1895
1976
1965
2003
1853
1983
1987
2001
1987
1878
1997
1991
1992
1977
1855
1992
1980
1990
1963
1856
1993
1994
1983
1992
1840
2008
1994
1996
2006
1858
1995
1986
1964
1989
1998
1978
1943
2051
1936
1830
1915
1977
1975
1966
2000
2007
1998
2013
1977
1851
1976
1996
1987
1992
1846
1987
1917
1976
1979
1849
1994
1974
1987
1981
1862
2002
1907
1993
1968
1846
1992
1995
1865
1979
1971
1990
2032
1984
1884
1864
1991
1998
2015
2004
1989
1981
1981
1988
1968
1989
1965
1841
1976
1913
1984
1973
1852
1973
2004
1982
1985
1857
1991
1972
1970
1986
1849
1879
1978
1983
1969
1847
1958
1987
1982
1987
2001
1988
1995
1984
1984
2019
1985
1854
2002
1985
1976
1986
1864
1984
1986
1980
1979
1849
2011
1998
1978
2043
1855
1989
1876
2065
1866
1850
1843
1961
1972
1977
1845
1987
1976
2013
1900
1989
1995
1999
1987
1853
1859
1976
1895
1999
1987
1852
1985
1969
1991
1989
1841
2012
1986
1989
1987
2016
1982
1860
1979
1977
1857
1982
1949
1940
1977
1825
1892
1988
1985
1887
2020
1993
1866
1885
1810
1835
1976
1973
1980
1972
1845
2000
1866
1849
1988
1920
1989
1978
2001
1989
1838
2001
1979
1985
1981
1850
1981
1992
1893
1981
1849
1982
2017
1983
2011
1863
1984
1996
2013
2003
1844
2007
1986
2007
1955
1832
1972
1976
1983
1970
1856
1974
1964
2017
1968
1811
1993
1982
2004
1970
1846
1862
1985
2025
1997
1874
1969
1979
1979
1997
1851
2006
1995
1977
1996
1996
1909
1986
1994
1981
1859
1980
1978
1976
1953
1838
1977
1971
1971
1979
1840
1980
1975
1984
2001
1842
1987
1910
1983
1911
1837
1995
1986
2010
1907
1852
1982
2004
1992
1860
1854
1991
2004
1972
1884
1860
1845
1997
1910
2001
1872
1982
1984
1988
1900
1855
1985
1996
2014
2002
1861
1964
1914
1987
1992
1842
1825
1868
1914
1902
1858
1986
1981
2004
1897
1993
2015
2012
1912
1855
1976
1982
1980
1972
1969
1983
1984
1944
1904
1963
1861
1979
1997
1989
1987
2007
1978
1983
1986
1985
1852
2004
1952
1980
1976
1847
1996
1915
1981
1978
1837
1839
1927
1996
1997
1988
1985
1945
2016
1861
1826
1905
1973
1975
1983
1851
1992
1979
1974
1981
1997
1997
1999
1970
1906
1852
1986
1971
1828
1960
1870
1901
1967
1969
1984
1857
1990
1989
2014
1984
1856
1984
1992
1987
1987
1848
1994
1973
1983
1961
1838
1987
1910
1972
1976
1867
2007
1978
2030
1977
1857
1975
2006
1907
1897
1843
1976
1976
1990
1992
1844
1953
1881
1981
1987
1858
1980
1985
1997
1983
1850
1983
1982
1989
1977
1847
1980
1984
1970
1882
1865
1997
1994
1995
1989
1856
1848
1869
1992
2000
1850
1977
1983
1976
1979
1861
1977
1986
1985
1994
1991
2050
1985
1983
1980
1850
1974
1982
1976
1976
1847
1992
1991
1996
1986
1839
1982
1991
1983
2001
1994
1979
1844
2031
1899
1842
1902
1971
1984
1983
1864
1986
1991
1990
1987
1997
1995
1983
2007
2012
1846
1977
1914
1966
1974
1849
1983
1972
1977
1970
1862
1908
1977
2011
1988
1861
1863
2016
1962
1995
1859
1982
1979
1981
1975
1855
1978
1996
1990
1985
1853
1990
2021
1991
1973
1848
1986
1862
1983
2021
1869
1995
1954
1983
1993
1858
1974
1979
1999
1984
1855
1994
1985
1989
2011
1854
1992
1989
1984
1979
1857
1983
2001
1986
1989
2004
1976
1985
1996
2009
1996
1993
2002
1910
1972
1857
1923
1984
1981
1990
1850
1986
1909
1978
1980
1848
2003
1986
2014
1976
1994
1981
1869
2015
1917
1847
1991
1979
1973
2004
1852
1997
2012
2000
1979
1994
1985
1992
2026
1984
1847
1992
1939
1868
1987
1853
1997
1995
1999
1993
1996
2007
2017
2007
2008
1847
1991
1983
1985
1974
1980
1917
1948
1958
1993
1860
1984
1986
1974
1973
2002
1986
1992
1978
1845
1835
1974
1981
1971
1981
1855
1987
1991
1980
1965
1850
1985
1988
1999
2010
1865
1999
1969
1994
1988
1999
1986
1986
2009
1980
1839
1983
2029
1989
1996
2003
2000
1995
2010
1989
1850
1981
1853
2000
1988
1992
1972
1852
1982
1975
1989
1981
2013
1917
1869
2010
1993
1847
1988
1984
1982
1996
1834
1964
1990
1983
1987
1856
1977
2013
1919
1960
