8512
1752
2010
2881
2377
2504
2772
2890
2571
2485
2538
2886
2561
2669
2780
2862
2325
2690
2791
2645
2560
2676
2775
2865
2655
2197
2486
2444
2280
2166
2478
2365
2303
2175
2281
2449
2276
2369
2476
2540
2245
2349
2242
2568
2244
2348
2457
2547
2245
2153
2285
2339
2275
2134
2240
2553
2250
2334
2442
2567
2248
2339
2463
2563
2039
2217
2443
2551
2244
2174
2498
2539
2241
2361
2479
2556
2241
2342
2453
2359
2273
2197
2462
2554
2239
2336
2446
2541
2236
2373
2262
2402
2284
2365
2280
2408
2242
2370
2280
2553
2233
2363
2440
2539
2231
2341
2452
2568
2263
2386
2244
2561
2240
2346
2439
2539
2240
2360
2434
2446
2038
2352
2243
2339
2263
2388
2442
2555
2234
2363
2294
2332
2242
2344
2451
2556
2237
2384
2448
2552
2246
2374
2474
2404
2023
2355
2448
2541
2244
2343
2439
2540
2244
2204
2481
2331
2244
2337
2436
2540
2248
2335
2469
2339
2237
2336
2475
2541
2240
2337
2441
2402
2025
2354
2448
2546
2039
2189
2454
2371
2243
2145
2460
2553
2031
2335
2473
2342
2045
2145
2462
2341
2243
2341
2445
2398
2037
2225
2460
2555
2238
2342
2448
2587
2244
2341
2444
2547
2241
2231
2229
2588
2239
2345
2267
2553
2038
2128
2252
2616
2254
2349
2441
2579
2033
2136
2249
2547
2243
2338
2240
2550
2226
2370
2440
2547
2237
2351
2450
2557
2273
2379
2235
2565
2237
2335
2449
2550
2242
2336
2436
2567
2035
2232
2436
2582
2249
2129
2229
2565
2041
2344
2242
2545
2235
2342
2243
2572
2240
2343
2444
2542
2238
2342
2291
2584
2256
2334
2263
2543
2239
2342
2428
2544
2034
2362
2280
2566
2089
2358
2444
2574
2036
2369
2243
2556
2251
2333
2442
2535
2239
2342
2228
2580
2042
2353
2243
2553
2242
2344
2449
2543
2237
2344
2443
2542
2235
2341
2246
2342
2226
2136
2238
2342
2276
2379
2449
2547
2252
2341
2250
2577
2250
2336
2446
2392
2241
2343
2467
2343
2230
2396
2439
2550
2236
2339
2452
2544
2245
2353
2238
2331
2028
2364
2241
2546
2238
2342
2248
2410
2036
2374
2450
2544
2272
2392
2244
2557
2252
2331
2240
2421
2243
2338
2466
2593
2240
2359
2442
2340
2028
2337
2445
2337
2251
2342
2442
2419
2042
2245
2283
2548
2049
2135
2449
2549
2250
2360
2475
2346
2234
2365
2472
2546
2246
2147
2445
2539
2225
2338
2251
2583
2241
2337
2448
2537
2291
2361
2258
2404
2242
2200
2448
2546
2292
2353
2291
2415
2256
2254
2460
2392
2252
2198
2281
2439
2264
2399
2451
2547
2237
2348
2455
2550
2239
2341
2233
2403
2258
2334
2447
2549
2238
2364
2450
2549
2244
2334
2249
2338
2043
2346
2436
2384
2263
2219
2457
2414
2239
2357
2462
2617
2247
2126
2482
2558
2226
2345
2470
2365
2274
2145
2448
2544
2235
2332
2439
2543
2240
2339
2449
2543
2269
2335
2289
2562
2232
2340
2448
2544
2246
2342
2476
2542
2242
2354
2451
2585
2053
2366
2476
2356
2239
2140
2310
2560
2233
2200
2475
2572
2245
2333
2445
2587
2026
2352
2244
2551
2230
2339
2442
2536
2241
2339
2468
2345
2028
2337
2448
2410
2031
2141
2460
2559
2058
2135
2466
2539
2259
2154
2486
2407
2026
2142
2452
2542
2238
2343
2479
2351
2245
2328
2449
2547
2236
2197
2465
2334
2036
2134
2462
2550
2246
2343
2442
2557
2069
2143
2467
2543
2250
2340
2448
2540
2240
2244
2237
2340
2259
2225
2460
2403
2269
2354
2253
2360
2237
2359
2450
2555
2270
2393
2439
2533
2247
2337
2443
2544
2240
2339
2433
2536
2242
2339
2435
2543
2267
2171
2454
2541
2263
2225
2461
2553
2248
2195
2244
2346
2238
2185
2453
2335
2265
2138
2467
2549
2238
2138
2448
2537
2246
2210
2234
2556
2244
2211
2476
2556
2239
2383
2444
2537
2251
2333
2442
2547
2240
2347
2462
2556
2034
2196
2476
2350
2039
2357
2450
2541
2256
2374
2456
2550
2242
2378
2442
2542
2250
2344
2452
2543
2238
2336
2483
2567
2247
2140
2482
2343
2039
2369
2498
2550
2246
2338
2244
2585
2247
2335
2246
2573
2032
2151
2262
2556
2239
2343
2448
2539
2237
2333
2239
2403
2258
2350
2444
2559
2277
2345
2444
2541
2243
2333
2237
2562
2246
2343
2435
2539
2243
2357
2445
2552
2244
2238
2446
2550
2238
2337
2439
2410
2030
2354
2492
2555
2245
2338
2453
2549
2235
2213
2455
2414
2247
2341
2450
2545
2236
2352
2444
2553
2035
2364
2442
2564
2085
2371
2439
2590
2065
2138
2237
2538
2242
2330
2452
2539
2247
2340
2228
2401
2251
2141
2243
2346
2268
2140
2242
2340
2238
2142
2451
2543
2237
2336
2442
2539
2238
2376
2273
2416
2032
2328
2441
2551
2233
2348
2244
2439
2039
2358
2455
2548
2228
2336
2444
2542
2236
2333
2453
2540
2243
2337
2268
2429
2029
2389
2454
2546
2234
2341
2464
2549
2231
2373
2262
2545
2272
2348
2289
2337
2038
2138
2463
2554
2239
2337
2449
2454
2046
2361
2242
2569
2042
2138
2446
2543
2236
2333
2444
2569
2042
2384
2471
2551
2247
2143
2241
2361
2266
2355
2448
2544
2248
2197
2460
2538
2239
2347
2438
2411
2258
2136
2463
2554
2241
2197
2244
2341
2260
2345
2445
2546
2257
2196
2449
2410
2240
2340
2231
2411
2244
2351
2456
2542
2237
2337
2449
2404
2241
2375
2454
2535
2245
2354
2453
2407
2030
2370
2232
2337
2249
2340
2252
2536
2238
2351
2248
2337
2031
2372
2442
2543
2245
2340
2444
2343
2246
2374
2457
2550
2260
2339
2258
2554
2034
2370
2443
2542
2243
2340
2432
2542
2239
2344
2442
2554
2232
2346
2475
2565
2242
2237
2478
2552
2230
2350
2265
2349
2029
2358
2457
2556
2083
2345
2456
2543
2034
2357
2456
2410
2035
2372
2444
2530
2243
2330
2453
2543
2230
2406
2242
2333
2044
2362
2241
2344
2244
2339
2445
2551
2362
