9560
4467
2908
2936
3840
3645
3994
3746
3819
3810
3640
3498
3961
3793
4067
3891
3794
3796
3644
3702
3948
3619
3836
3697
3274
3501
3152
3473
3458
3294
3601
3204
3041
4103
3162
2994
4074
3287
3544
3389
3241
3539
3343
3187
3332
3286
3435
3399
3244
3486
3339
3188
3722
3103
3406
3432
3041
4105
3373
3210
3434
3286
3548
3389
3238
3738
3336
3189
4062
3280
3554
3390
3240
3809
3172
3186
3437
3149
4196
4056
3257
3493
3134
3193
3446
3292
4195
3210
3833
3315
3208
3470
3451
3285
3549
3396
3234
3559
3198
3185
3717
3285
3547
3385
3279
3496
3329
2998
4062
3283
3552
3234
4772
3296
3347
3192
3320
3291
3548
4019
3232
4093
3330
3064
4091
3336
3432
3200
3109
4123
3337
2987
3707
3284
3397
3398
3243
3487
3390
3182
3330
3294
3599
3390
3235
3486
3144
3199
3444
3291
3543
3394
3032
3754
3341
3182
3448
3290
3412
3207
3246
3491
3338
2981
3704
3102
4149
3431
3241
3488
3332
3194
3444
3284
3547
3381
3229
3370
3408
3191
3337
3333
3553
3393
3244
3486
3329
3175
4063
3289
3549
3378
3028
3754
3132
3829
3486
3309
3422
3389
3236
3371
3221
3235
3450
3091
3807
3215
3249
4124
3170
3197
3447
3281
3546
3381
3243
4225
3336
3176
4061
3328
3549
3385
3236
3494
3341
3185
3448
3281
3548
3396
3235
3490
3326
3201
3987
3291
3596
3203
3238
3494
3335
2994
4052
3302
3555
3386
3248
3496
3338
3248
3325
3288
3589
3383
3241
3495
3341
3185
3442
3307
3549
3244
3036
4241
3154
3791
3241
3294
3549
3387
3229
3493
3335
3182
3723
3289
3421
3293
3254
3507
3330
3185
3704
3281
3546
3381
3243
4125
3167
3851
3436
3285
3406
3388
3229
3492
3145
3075
4046
3292
3412
3205
3260
3495
3344
3192
3980
3281
3550
3394
3234
3496
3335
3172
3311
3292
3443
3387
3241
4125
3165
3802
3251
3308
3421
3184
3241
3532
3143
3186
3448
3337
3405
3180
3952
3487
3213
3822
3442
3100
4167
3185
3109
4127
3171
3822
3457
3157
4184
3234
3898
3482
3343
3020
4056
3119
4190
3434
3116
3360
3392
3204
3444
3158
4180
3183
3851
3499
3336
3003
3989
3310
3559
3385
3245
4124
3331
3185
4055
3280
3546
3383
3236
3544
3332
3018
4060
3333
3412
3388
3244
4135
3337
3190
4065
3101
4176
3184
3875
3489
3337
2988
4065
3117
4172
3392
3233
3505
3330
3182
4061
3115
4176
3217
3856
3504
3350
2994
4060
3116
4176
3436
3243
3490
3145
3811
3431
3332
3416
3396
3282
3348
3337
3184
3444
3289
3547
3385
3230
3539
3220
3447
3262
3303
3547
3431
3240
3496
3347
3086
4068
3325
3566
3395
3296
3494
3338
3183
3444
3149
4172
3427
3251
3496
3333
3183
3981
3117
4163
3185
3243
4123
3380
3003
3958
3324
3568
3380
3233
3541
3146
3199
4100
3286
3415
3396
3106
4124
3374
3201
3449
3344
3548
3193
3251
3492
3150
3806
3438
3291
3544
3389
3241
3767
3341
3190
3713
3114
4080
3435
3095
4110
3174
3830
3462
3297
3547
3390
3243
3490
3169
3251
3445
3280
3822
3386
3238
3766
3157
3188
3443
3333
3573
3385
3227
3548
3340
3194
3722
3286
3549
3382
3239
4117
3169
3821
3256
3292
3547
3381
3049
4107
3166
3814
3440
3287
3545
3394
3045
4114
3166
3830
3451
3286
3547
3385
3248
3539
3346
3192
3711
3276
3546
3393
3106
4092
3372
3072
4045
3280
3548
3384
3236
3494
3131
4809
3474
3161
4166
3398
3242
3496
3336
3182
3310
3160
3412
3393
3040
4121
3385
3054
4037
3328
3551
3199
3321
3495
3333
3183
3452
3295
3548
3391
3240
4121
3341
3238
4057
3322
3558
3198
3501
3486
3344
3191
3444
3280
3551
3382
3235
3492
3332
3186
4117
3280
3544
3276
3251
3494
3344
3186
3442
3288
3545
3400
3228
3489
3333
3193
4059
3100
3789
3404
3230
3359
3336
3213
4034
3312
3550
3392
3242
3357
3344
3195
4067
3293
3413
3187
3249
3544
3338
3178
3703
3292
3415
3424
3245
3385
3237
3196
4061
3285
3556
3251
3091
3752
3169
3210
3722
3285
3422
3394
3234
3490
3188
3807
3444
3283
3595
3393
3241
3533
3154
3084
4058
3300
3402
3201
3857
3505
3336
3184
3449
3098
4164
3418
3254
3487
3327
3184
3986
3315
3418
3260
3284
3495
3159
3452
3453
3279
3422
3439
3246
3374
3131
3453
3437
3167
4188
3222
3256
3760
3344
3195
3710
3279
3546
3190
3857
3494
3335
2986
3961
3297
3550
3387
3231
3531
3227
3062
3708
3116
4135
3378
3232
3369
3149
3247
3450
3288
3547
3390
3234
3493
3142
3811
3451
3285
3545
3388
3238
3363
3340
3176
4058
3291
3548
3389
3242
3498
3339
3178
3445
3291
3545
3208
3855
3315
3369
2982
3959
3329
3564
3212
3507
3496
3215
3824
3445
3293
3545
3373
3035
4111
3337
3186
3450
3283
3549
3392
3241
3494
3200
3194
4062
3287
3551
3393
3030
4118
3349
3191
4060
3284
3548
3439
3066
4024
3354
3194
4053
3284
3546
3199
3502
3316
3353
3191
3972
3288
3545
3448
3034
4108
3362
3002
3667
3326
3558
3378
3233
3493
3339
3186
3446
3290
3402
3187
3504
3320
3352
3188
3981
3293
3555
3387
3236
3496
3336
3187
3447
3285
4219
3389
3244
3346
3345
2991
4058
3330
3416
3401
3238
3494
3195
3187
3450
3292
3547
3391
3241
4183
3344
3188
3984
3313
3550
3182
3503
3501
3341
2993
4059
3108
4152
3213
3312
3388
3144
3790
3438
3088
4173
3218
3256
4133
3336
3194
4055
3310
3554
3403
3278
3497
3147
3468
3443
3285
3556
3191
3247
3496
3346
3186
3430
3281
3537
3387
3287
3499
3330
3185
3997
3289
3548
3391
3242
3496
3148
3202
3724
3302
3550
3194
3790
3486
3141
3186
4147
3106
4152
3379
3231
3502
3165
3807
3444
3286
3547
3393
3241
3350
3202
3186
4061
3110
4163
3215
3246
3551
3336
3184
3705
3114
4160
3414
3442
