11331
1758
1524
1597
1629
1692
1600
1820
1694
1371
1359
2153
1386
1744
1604
1849
1373
1942
1707
1817
1731
1848
1890
1910
1844
2113
1718
1913
1682
1934
1951
1858
1714
1816
1816
1912
1709
1873
1810
1930
1753
1827
1750
1844
1823
2039
1808
1887
1710
2005
1812
1971
1812
1890
1817
1938
1725
1864
1820
2050
1817
1868
1806
1877
1830
1987
2030
2043
1834
1967
1841
2063
1979
1816
1751
1975
1747
1865
1777
1880
1765
1884
1627
1841
1701
1957
1795
1861
1806
1876
1894
1865
1679
1886
1719
1911
1703
1856
1831
1931
1790
1920
1787
1840
1801
2004
1722
1878
1803
1979
1858
1965
1893
1922
1842
2041
1734
1858
1803
1924
1825
1902
1707
1882
1800
1898
1732
1919
1834
1904
1523
1910
1939
1954
1811
1955
1842
1847
1817
1971
1796
1955
1758
2020
1872
1962
1827
1899
1725
1818
1682
1847
1927
1913
1749
1924
1684
1860
1902
1818
1862
2085
1808
2019
1846
1989
1721
1923
1792
1860
1829
1815
1769
1859
1684
2009
2116
1832
1801
1915
1861
1819
1866
1871
1789
1921
1799
1919
1867
1925
1701
1893
1775
1910
1940
1869
1675
1844
1789
1807
1853
1892
1837
1903
1744
1967
1802
1813
1796
1953
1695
1861
1784
1882
1759
2028
1704
1862
1881
1941
1699
1893
1824
1941
1788
2029
1734
1867
1841
1892
1806
1911
1683
1846
1953
2029
1689
1922
1842
1899
1813
1931
1795
1906
1843
1886
1818
2006
1733
1880
1690
2031
1848
1952
1936
1877
1714
1855
1687
1877
1701
1871
1629
1831
1694
1976
1687
1920
1701
1927
1759
1925
1931
1848
1840
1841
1696
1870
1790
1936
1688
1926
1870
1923
1524
1925
1806
1948
1690
1932
1929
1951
1836
1965
1800
1886
1769
1937
1754
1852
1729
1959
1891
2093
1801
1928
1927
1952
1682
1985
1823
1890
1768
1837
1881
1890
1693
1823
1794
1921
1757
1962
1787
2033
1784
1862
1751
1962
1846
1918
1882
1800
1757
1945
1692
1862
1916
1951
2007
1900
1841
1878
1806
1804
1820
1951
1856
1923
1855
1892
1735
1970
1873
1853
1696
1924
1819
1837
2029
1907
1822
1892
1862
2334
1735
1866
2221
1914
2223
1803
1747
1868
2070
1889
2185
2255
1770
1872
1820
1966
2164
1871
1832
1983
1768
2105
1939
1966
2058
1912
2175
1940
1967
1890
1686
2039
3447
2914
2840
2897
2591
2768
2621
2801
3203
2823
2786
2834
2668
2840
2661
3014
2822
2828
2852
2893
3218
2941
2655
2672
2677
2932
2714
2847
2671
2954
2642
2969
3213
2958
2759
2899
2732
3055
2704
2868
2847
3033
2785
3009
5556
6107
5269
6214
5440
6134
5237
6259
5943
6330
5324
6202
4790
1865
1899
1781
1708
1843
1867
1993
1708
2175
2116
1933
2114
1953
1793
1943
2219
2027
2077
2028
1721
1840
2119
2388
1968
1964
1903
2335
2191
2045
2159
1835
2217
1996
2112
1911
2139
1900
1837
1855
1839
1852
1870
2274
2031
1877
1860
1858
2131
2253
1806
2136
1934
1881
1716
1936
1730
1882
1967
1979
1703
2285
1782
1958
1931
1927
1700
1980
2151
1970
1724
1924
1737
1905
1720
1850
2174
1803
2210
1904
1720
1975
1861
1864
1706
2257
1768
1954
2254
1894
1920
2063
1747
1902
1802
2305
2093
2014
2154
1851
2104
1867
1845
2314
2233
1984
2098
1862
2592
3208
2738
2803
2543
2714
2416
2837
3015
2866
2604
2835
2631
2897
2522
2790
2657
2812
2675
3044
2525
2791
2609
2817
2636
2886
2683
2858
2668
2953
2903
2943
3002
2919
2624
2931
5375
6150
5456
7033
5353
6085
5325
6129
5383
6588
5419
6169
2537
1882
1863
1876
1736
1859
1727
1964
1869
1959
1760
1868
1808
1896
1756
2067
2053
1994
2049
2328
2164
1878
1842
2025
2194
1986
1906
2020
2139
1890
1733
2424
2132
2037
2108
2307
2174
1933
1792
1988
1746
2044
1741
1850
1736
1906
2162
2331
1878
2148
1877
1979
1915
2053
1714
1885
2073
1908
1859
1993
1759
1874
2229
2294
1829
2074
2195
2318
2207
2026
2185
1992
2063
1947
1698
1883
1916
1881
2163
1919
2111
1861
1829
1967
1866
1896
1827
1918
1812
2386
1805
2344
2181
1873
1767
1994
2071
1942
1933
2217
1831
2330
1857
1993
1763
1875
1808
1934
2751
2869
2809
2809
2952
2716
2536
2631
2505
2739
2800
2879
2654
3023
2842
2932
2714
2878
2926
3012
3113
2826
2692
2818
2724
2890
2812
2984
2761
2971
2724
2703
2683
2905
2991
3017
5364
6044
5305
6179
5367
6166
5375
6135
5328
5779
5197
5922
1898
2028
1972
1895
2055
1994
1906
1911
2240
1955
1752
1805
2194
1894
1734
1903
1706
1978
2167
2049
1919
1942
1809
1952
1805
1875
1961
2004
2112
1967
1811
1857
2151
1950
2189
2375
1709
2015
1853
1882
1778
1877
2096
1859
1742
1859
1987
1947
1712
1988
1727
1996
1787
1946
2118
2319
1726
1804
1724
1858
1848
1809
1774
2023
1805
1895
1766
1919
2209
1913
2132
2081
2007
2005
1859
1893
1872
2280
1708
2147
1727
1928
1735
1875
1733
1924
2158
1960
1958
2335
2185
1854
2090
2008
2116
1850
1746
1869
1731
1962
1758
2025
1748
1892
1834
2190
2211
1961
2578
2865
2740
2638
2664
3048
2572
2767
2806
2783
2687
2864
3312
2918
2650
2949
2980
2819
2710
2927
2654
2907
2674
2833
2742
2891
2742
2857
2734
2879
2655
2834
2692
2920
2703
3040
5307
6183
5256
6126
5394
5624
5387
6121
5355
6030
5365
6127
1778
1988
2154
2343
1927
1962
1835
2006
1800
1873
2259
1915
1903
2015
2007
2037
1769
1855
1967
2114
2165
2099
2163
2148
1811
1980
1859
1889
1744
1890
1846
2033
1750
1935
1783
1953
2073
2401
1976
1982
1910
2353
2217
2105
1745
1907
1761
1903
1912
1993
1779
1959
2002
2430
2205
1946
2182
1955
1919
1906
2277
1859
2076
2125
2077
2019
1890
1878
1768
1924
1945
1847
1877
2078
1795
2311
2183
1881
1781
1920
2245
