6276
485
467
768
740
555
773
844
660
589
585
785
790
653
577
585
605
774
587
548
628
545
858
627
570
650
774
752
643
598
568
812
748
652
768
781
586
672
644
620
579
802
560
656
795
783
577
578
657
752
686
821
570
779
792
594
782
583
668
679
658
802
765
657
785
774
565
596
678
759
607
583
614
802
583
790
802
773
664
577
786
735
947
663
569
606
575
840
680
591
673
593
591
588
595
584
593
584
570
573
657
725
776
587
821
609
823
785
570
815
649
786
583
816
785
650
589
745
791
594
656
786
555
588
595
585
599
587
607
798
661
791
581
667
583
658
577
595
772
605
580
714
783
620
803
684
601
585
572
773
654
772
791
776
803
685
598
582
792
787
666
775
652
557
847
834
870
868
775
547
679
596
562
574
778
655
614
781
587
644
781
580
592
790
591
676
575
574
771
777
648
779
603
607
865
685
574
772
611
607
590
593
585
802
793
665
590
574
772
585
673
769
777
776
580
661
777
615
590
602
587
584
573
592
574
659
760
778
779
778
638
592
576
579
581
601
565
553
570
561
658
569
814
583
598
653
772
592
771
775
653
577
736
669
599
659
595
776
645
586
656
731
581
590
648
659
561
791
767
590
609
596
793
788
562
649
573
584
783
584
657
775
812
774
569
576
786
702
790
775
664
660
574
644
783
651
800
771
764
581
657
591
829
572
783
604
584
798
605
791
653
560
769
770
573
607
595
575
779
587
584
576
649
772
766
669
625
612
588
581
672
574
653
568
598
777
777
595
735
762
782
576
646
664
593
612
599
787
590
580
571
781
654
742
563
586
573
659
572
591
784
810
593
795
596
565
778
580
765
653
780
819
578
586
646
784
584
599
564
755
591
597
572
762
652
783
569
769
775
666
581
585
579
582
653
586
586
587
569
594
813
641
568
582
650
778
579
823
584
655
645
582
574
593
572
792
603
586
732
571
580
667
828
587
588
784
768
574
651
770
565
577
823
608
652
609
602
600
658
791
796
773
765
653
789
594
582
838
654
601
592
587
606
613
599
628
801
570
663
745
768
585
798
609
796
591
825
790
663
596
584
556
769
659
586
578
802
617
648
584
594
582
572
649
780
768
782
610
590
610
586
576
724
617
585
585
726
780
654
575
816
732
579
600
797
596
778
598
591
569
649
801
580
603
779
793
599
764
648
783
778
780
785
618
608
601
607
788
657
793
575
765
779
657
601
551
597
602
655
610
570
664
581
606
569
588
821
781
622
549
579
828
593
590
553
772
583
568
656
762
596
596
585
658
778
806
581
784
673
605
827
781
609
651
799
767
576
593
797
796
595
568
585
570
570
776
583
775
611
772
578
591
583
661
578
584
744
592
750
583
746
793
583
586
570
578
597
777
784
773
763
775
817
643
595
591
580
590
650
809
569
777
660
560
784
661
590
780
582
783
659
619
600
605
584
570
587
782
596
571
620
547
799
812
579
653
783
805
614
777
657
588
579
574
592
569
586
571
566
826
795
806
600
576
821
653
762
778
598
591
664
793
660
574
661
663
579
595
580
576
762
767
646
779
576
789
595
805
812
577
648
646
646
594
585
575
600
663
552
610
581
603
828
778
671
787
595
583
600
589
583
800
585
594
683
589
569
571
775
659
781
565
630
569
788
575
584
769
562
671
787
713
785
590
592
576
572
796
761
614
607
812
791
594
611
775
593
776
572
659
601
765
752
793
657
579
587
572
815
610
595
590
786
825
657
588
777
589
779
683
575
769
585
829
648
588
585
593
590
605
789
645
800
581
652
579
775
770
758
655
582
586
780
569
648
788
797
571
656
683
598
596
770
587
606
583
831
766
773
656
568
585
608
597
659
591
594
579
571
656
575
774
797
782
650
781
767
780
591
601
606
805
591
567
654
785
600
777
778
663
598
592
807
813
649
599
772
783
612
622
577
762
586
582
658
596
603
783
585
672
763
795
589
606
681
730
584
600
574
611
781
585
584
570
664
821
589
605
646
652
582
579
571
784
592
656
598
572
576
598
578
602
583
693
604
540
577
825
760
661
590
592
582
601
586
784
768
795
590
657
582
782
785
584
646
831
599
586
566
815
594
600
601
756
625
576
566
824
574
644
775
752
793
765
659
780
601
578
585
600
604
778
580
808
648
585
582
582
577
594
768
600
593
588
639
797
588
583
797
653
581
647
651
784
654
599
574
728
571
792
579
656
785
585
598
611
602
782
577
564
582
662
782
827
790
582
781
785
773
773
588
604
618
587
578
585
654
586
602
598
669
