10870
857
825
1077
952
953
818
1046
1127
1290
876
853
1033
809
922
1122
816
1134
956
886
816
837
829
809
817
1176
1240
980
942
1292
1193
1265
1255
823
846
851
834
849
833
1152
1222
1146
854
1154
822
822
865
1191
835
845
833
845
1212
1183
1151
1150
800
859
1135
828
1164
1142
1193
1223
928
856
1205
1135
807
819
1269
1271
845
840
854
860
947
855
841
1134
1269
1165
843
1189
820
844
840
843
984
881
856
1147
823
1142
839
882
1074
1142
830
836
1147
1193
1140
1141
834
826
850
829
1157
1144
1125
830
839
848
952
822
1127
824
1202
874
859
1138
1153
829
1221
1177
835
846
834
846
1282
867
916
839
830
838
826
1178
880
863
838
1157
823
1131
1305
1238
830
1154
1149
1132
1149
860
848
848
855
855
871
825
1147
877
1200
820
1161
830
854
1384
1112
1148
824
1103
897
1165
1138
1162
849
847
854
1172
1254
850
1158
1173
835
853
845
1155
1160
1154
838
827
916
859
850
852
838
832
1165
1155
848
832
855
840
845
1098
849
1137
822
1132
1103
1128
1172
825
828
1131
1168
1111
855
1137
829
839
822
837
833
1191
1219
841
1129
1130
831
1209
1282
1160
871
820
899
918
846
892
1191
1162
839
1161
851
862
851
831
836
833
1169
843
857
1208
1187
1151
1168
1161
845
855
898
862
834
833
841
940
852
877
843
933
840
851
823
852
1136
824
1155
819
1162
843
866
1171
866
1025
1125
1156
1189
819
1138
846
1250
1155
844
845
819
877
856
1205
940
1135
859
1168
869
1234
1189
835
1311
849
811
1133
821
819
867
817
1099
1083
1146
936
835
839
848
1325
826
836
849
847
1097
820
857
1201
883
936
1154
842
1149
888
846
850
829
827
1140
848
838
846
1201
1131
843
847
847
826
843
832
831
1141
1213
836
832
870
906
1173
1211
884
1200
1168
868
847
844
821
833
1158
836
1154
831
851
1173
875
1154
1161
849
846
862
870
883
837
835
1037
862
832
824
960
1152
838
823
831
843
844
862
1161
907
837
1165
1178
1173
843
825
845
4439
4463
4654
4492
4149
4614
4231
4529
4524
4347
4270
4309
4290
4281
4146
4190
4077
4314
4363
4194
4119
1813
1347
1337
1680
1256
1255
1287
1759
1653
1243
1853
1657
1742
1257
1194
1702
1785
1721
1220
1640
1687
1594
1285
1240
1630
1251
1737
1279
1239
1659
1227
1723
1666
1465
1693
1249
1232
1749
1691
1687
1258
1706
1620
1207
1821
1798
1179
1226
1215
1696
1831
1621
1704
1627
1295
1717
1201
1778
1319
1748
1716
1676
1366
1780
1283
1314
1274
1712
1801
1648
1241
1782
1215
1231
1673
1685
1701
1749
1672
1712
1362
1710
1271
1294
1249
1716
1713
1725
1404
1582
1684
1800
1680
1698
1652
1818
1706
1274
1658
1716
1755
1719
1737
1362
1277
1214
1806
1296
6145
4796
4866
4689
4799
4812
4753
4725
4602
4819
4839
4512
4612
4603
4704
4648
4633
4513
4682
4668
4643
4516
4596
4460
4566
4616
4520
4533
4624
4237
4591
4552
4528
4530
4636
3885
4402
4357
4328
4232
4370
4548
4829
4261
4416
4391
4314
4379
1774
1850
1779
1943
1880
1851
1751
1892
1973
1825
1847
1850
1769
1960
1895
1910
1872
1864
1770
1758
1749
1742
1812
1729
1799
1907
1712
1798
1794
2114
1753
1742
1794
1991
1754
1730
1649
1769
1793
1744
1857
1922
1884
1737
1798
1801
1834
1687
1863
1726
1823
1890
1829
1744
1861
1745
1809
1702
1731
1748
1777
1893
1805
1777
1897
1734
1735
1738
1768
1817
1746
1957
1919
1756
1682
1860
1842
1780
1734
1731
1750
1712
1888
1775
1802
1969
1636
1846
2034
1828
1884
1749
1729
1672
1888
2126
1805
1795
1750
1917
1757
1778
1753
1803
1783
1903
1786
1879
4859
5057
4773
4870
4731
4878
4893
4628
4626
4767
4908
4664
4619
4626
4586
4577
4622
4590
4452
4465
4667
4606
4609
4535
4499
4514
4450
4199
4371
4367
4506
4453
4454
4367
4571
4256
4377
4321
4276
3868
4338
4237
4298
4338
4108
4145
4429
4949
1788
1795
1749
1896
1885
1769
1757
1737
1803
1747
1716
1834
1839
1758
1912
1892
1517
1762
1899
1868
1912
1955
1718
1885
1715
1703
1788
1737
2077
1725
1845
1833
1693
1830
1879
1745
1771
1894
1793
1726
1823
2136
2088
1732
1915
1938
1846
1763
1759
1677
1847
1716
1920
1809
1736
1892
1813
1821
1683
1727
1892
1657
1771
1657
1689
1749
1713
1859
1844
1815
1873
1731
1653
2010
1918
1827
1739
1908
1861
1898
1898
1868
1687
1709
1790
1762
1795
1669
1741
1763
1905
1841
1755
1910
1743
1878
1691
1840
1767
1736
1716
1875
1613
1732
1828
1777
1737
4142
4592
4851
4644
4770
4761
4890
4674
4844
4717
4854
4704
4401
4578
4631
4658
4642
4621
4662
4551
4644
4655
4643
4594
4517
4165
4488
4389
4418
4487
4461
4441
4427
4562
4322
4451
4540
4286
3674
4299
4169
4372
4364
4357
4407
4379
4279
4363
4183
1745
1305
1686
1696
1654
1667
1763
1698
1766
1665
1806
1633
1682
1727
1719
1300
1635
1732
1744
1648
1652
1203
1697
1673
1297
1266
1768
1699
1262
1640
1726
1732
1682
1672
1780
1756
1299
1237
1731
1621
1256
1761
1169
1746
1601
1656
1319
1215
1697
1686
1725
1329
1708
1658
1229
1295
1706
1295
1666
1784
1681
1737
1667
1697
1566
1264
1625
1697
1292
1707
1701
1587
1314
1207
1176
1248
1713
1683
1666
1606
1647
1703
1621
1706
1208
1312
1231
1786
1683
1270
1279
1261
1143
1237
1753
1634
1316
1233
1679
1206
1707
1260
1256
1210
1630
1216
1217
1870
