21911
16529
14558
15820
15930
15623
14111
14402
14529
14408
14308
14540
14501
14432
14300
14305
14487
14139
14064
14309
14497
14146
14053
14331
14461
14592
14264
14776
14475
14638
14293
14326
14684
14348
14046
14332
14493
15431
14259
14313
14300
14146
14025
14338
14455
14144
14039
14341
14486
14360
14050
14316
14486
14385
14061
14339
14457
14386
14052
14616
14496
14363
14027
14310
14237
14128
14137
14666
14524
14427
14104
14307
14476
14407
14033
14330
14230
14138
14035
14310
14238
14354
14035
14288
14203
14140
14040
14308
14239
14138
14039
14337
14486
14348
14037
14334
14481
14393
14022
14303
14236
14353
14038
14421
14309
14219
14116
14373
14529
14161
14031
14334
14312
14122
14048
14338
14469
14399
14065
14328
14497
14408
14061
14339
14460
14395
14276
14304
14218
14125
14023
14327
14225
14130
14033
14328
14230
14108
14037
14294
14211
14126
14014
14309
14234
14136
14038
14325
14219
14151
14063
14316
14225
14119
14029
14312
14233
14141
14062
14393
14299
14168
14065
14366
14229
14127
14025
14335
14222
14126
14027
14323
14208
14128
14022
14320
14240
14122
14017
14321
14211
14131
14034
14313
14216
14116
14034
14315
14216
14358
14041
14310
14227
14132
14032
14325
14221
14133
14012
14311
14215
14120
14024
14320
14220
14108
14017
14306
14226
14107
14029
14312
14222
14116
14036
14341
14205
14105
14029
14307
14193
14136
14018
14317
14211
14134
14022
14308
14206
14128
14028
14306
14223
14114
14025
14323
14219
14123
14037
14324
14217
14133
14022
14328
14218
14136
14035
14318
14246
14120
14019
14319
14469
14110
14011
14327
14219
14155
14039
14310
14223
14118
14027
14310
14227
14140
14070
14311
14226
14119
14028
14308
14232
14122
14013
14319
14234
14137
14021
14325
14202
14144
14018
14565
14225
14123
14030
14277
14487
14124
14021
14294
14207
14124
14016
14313
14214
14128
14016
14336
14225
14116
14012
14316
14212
14113
14029
14329
14259
14114
14016
14281
14224
14122
14023
14304
14232
14125
14054
14314
14241
14127
14301
14320
14221
14131
14036
14337
14208
14116
14039
14334
14212
14130
14038
14325
14220
14125
14047
14328
14259
14126
14025
14314
14225
14135
14033
14331
14221
14140
14021
14318
14229
14138
14055
14304
14225
14113
14033
14317
14235
14129
14042
14307
14256
14364
14042
14324
14212
14129
14032
14321
14226
14142
14024
14317
14233
14141
14024
14321
14238
14115
14032
14327
14209
14119
14020
14324
14212
14121
14009
14321
14211
14139
14038
14321
14235
14134
14033
14355
14468
14128
14032
14324
14232
14100
14036
14317
14229
14123
14030
14332
14236
14376
14035
14326
14224
14129
14057
14316
14227
14127
14042
14316
14224
14132
13999
14323
14221
14120
14057
14325
14230
14132
14039
14316
14227
14123
14027
14337
14202
14133
14034
14317
14234
14130
14024
14314
14230
14118
14040
14329
14219
14127
14033
14319
14221
14115
14032
14304
14220
14134
14032
14351
14224
14093
14031
14309
14219
14128
14027
14320
14237
14135
14038
14319
14213
14125
14030
14316
14222
14121
14022
14318
14229
14098
14028
14321
14212
14141
14020
14327
14209
14128
14022
14316
14238
14124
14032
14338
14232
14118
14026
14320
14228
14139
14041
14329
14486
14126
14023
14324
14214
14125
14024
14331
14205
14125
14032
14315
14220
14107
14012
14316
14220
14122
14031
14281
14225
14126
14020
14319
14220
14129
14026
14327
14216
14139
14044
14323
14226
14113
14036
14309
14212
14131
14025
14327
14235
14105
14028
14323
14247
14116
14022
14328
14229
14124
14073
14310
14203
14122
14022
14318
14222
14121
14026
14331
14224
14131
14021
14340
14224
14116
14042
14335
14203
14137
14047
14332
14220
14115
14035
14320
14236
14116
14031
14319
14228
14125
14036
14323
14226
14112
14021
14318
14222
14123
14049
14303
14234
14123
14023
14314
14232
14140
14033
14320
14466
14117
14030
14568
14214
14161
14023
14312
14212
14123
14065
14308
14458
14124
14034
14315
14242
14100
14028
14318
14177
14125
14036
14312
14257
14114
14038
14318
14270
14122
14014
14314
14271
14117
14018
14311
14229
14105
14016
14327
14217
14128
14027
14304
14217
14122
14007
14324
14211
14116
14028
14295
14210
14111
14041
14321
14226
14123
14035
14322
14214
14131
14037
14304
14222
14118
14036
14321
14226
14122
14020
14316
14216
14112
14024
14323
14223
14126
14034
14320
14235
14125
14038
14337
14210
14120
14043
14309
14220
14140
14008
14344
14463
14141
14029
14322
14221
14153
14275
14572
14483
14362
14059
14317
14473
14388
14270
14554
14459
14400
14083
14561
14490
14378
14041
14309
14503
14388
14294
14330
14456
14360
14295
14340
14464
14395
14294
14332
14244
14138
14031
14329
14462
14364
14072
14334
14453
14356
14279
14593
14484
14399
14044
14285
14249
14351
14278
14312
14473
14149
14029
14589
14488
14381
14274
14345
14463
14366
14268
14334
14484
14133
14057
14557
14470
14139
14297
14564
14468
14381
14273
14331
14460
14364
14306
14331
14453
14143
14272
14562
14483
14365
14063
14328
14457
14389
14298
14331
14461
14364
14041
14587
14486
14380
14305
14331
14483
14365
14272
14299
14213
14384
14294
14550
14486
14377
14062
14335
14456
14354
14274
14329
14484
14368
14271
14351
14492
14391
14270
14329
14491
14123
14047
14372
14461
14366
14277
14605
14485
14358
14261
14330
14511
14374
14048
14348
14482
14346
14029
14321
14260
14358
14044
14584
14459
14361
14277
14331
14452
14396
14262
14558
14244
14138
14055
17062
14262
14131
14051
14335
14465
14366
14040
14326
14483
14368
14051
14341
14460
14367
14061
14378
14455
14365
14292
14590
14457
14364
14305
14584
14460
14369
14274
14315
14495
14353
14261
14334
14488
14362
14267
14317
14211
14131
14019
14320
14202
14134
14028
14316
14220
14076
14044
14300
14207
14085
14047
14297
14214
14114
14009
14317
14222
14121
14012
14280
14230
14115
14018
14302
14203
14105
14028
14322
14225
14121
14027
14315
14187
14136
14034
14312
14223
14112
14021
14303
14224
14124
14044
14306
14198
14123
14017
14337
14209
14093
14044
14306
14229
14118
14042
14320
14229
14115
14011
14296
14224
14132
14022
14300
14194
14105
14033
14318
14218
14127
14032
14324
14229
14111
14006
14323
14209
14121
14016
14288
14244
14131
14039
14303
14238
14139
14027
14320
14235
14107
14015
14314
14250
14128
13989
14322
14244
