7719
2905
1723
2164
2921
2503
2661
2646
3454
3399
2421
2674
3327
2506
3373
2597
3189
2759
3309
2413
3297
3160
2765
3278
2456
3313
2605
3020
2666
3120
2814
3213
2500
3038
3234
2226
3440
2539
3369
2627
3070
2768
3166
2447
3291
2510
2823
2628
2558
2722
2800
2407
3186
2602
3625
2893
3674
2726
3166
2407
3408
2505
3544
2611
3071
2721
3181
2411
3269
2545
3368
2613
3091
2752
3185
2418
3284
2506
3389
2639
3079
2723
3171
2445
3269
2541
3389
2646
3219
2756
3169
2420
3275
2504
3379
2644
3073
2717
3170
2461
3268
2512
3379
2645
3072
2756
3176
2445
3276
2537
3298
2637
3086
2713
3179
2457
3270
2522
3387
2605
3071
2710
3179
2450
3242
2503
3400
2600
3079
2758
3173
2443
3273
2521
3380
2621
3090
2725
3191
2419
3268
2545
3380
2607
3055
2716
3165
2443
3278
2510
3378
2598
3091
2707
3164
2405
3205
2551
3380
2638
3080
2709
3170
2448
3261
2514
3394
2604
3079
2748
3164
2448
3274
2546
3389
2657
3066
2724
3111
2415
3273
2512
3390
2658
3075
2710
3103
2485
3282
2503
3385
2607
3070
2744
3174
2411
3269
2556
3375
2635
3073
2752
3175
2460
3203
2541
3302
2609
3077
2725
3178
2409
3274
2506
3380
2649
3080
2719
3167
2410
3272
2554
3301
2612
3106
2754
3175
2410
3295
2548
3380
2614
3057
2707
3170
2416
3203
2538
3394
2648
3091
2732
3185
2414
3274
2547
3302
2657
3094
2734
3170
2410
3287
2510
3298
2672
3085
2753
3173
2420
3285
2514
3379
2596
3075
2718
3189
2406
3279
2504
3367
2605
3090
2716
3170
2403
3266
2508
3397
2599
3075
2718
3171
2410
3275
2509
3013
3260
2448
2799
2604
2662
2704
2605
3492
2609
3065
2719
3358
2401
3261
2500
3303
2613
3062
2718
3173
2458
3276
2513
3355
2599
2678
2716
3173
2454
3275
2500
3054
2658
3023
2759
3170
2433
3201
2508
3379
2643
3077
2708
3155
2456
3273
2528
3369
2647
2693
2716
3175
2408
3199
2516
3412
2659
3080
2759
3180
2416
3271
2502
3390
2602
3059
2758
3164
2406
3270
2560
3373
2649
3066
2759
3172
2413
3276
2542
3368
2648
3063
2720
3178
2448
3266
2510
3402
2598
3033
2708
3165
2411
3280
2510
3438
2603
2760
2719
3174
2414
3269
2542
3369
2619
3022
2723
3173
2413
3208
2545
3375
2603
3024
2715
3095
2407
3271
2553
3385
2650
2991
2750
3181
2451
3281
2543
3104
2663
3063
2753
3176
2415
3204
2519
3374
2611
3064
2716
3175
2408
3270
2514
3289
2648
3057
2715
3170
2443
3273
2541
3362
2605
3077
2718
3175
2445
3267
2511
3381
2605
3067
2734
3151
2408
3279
2500
3383
2602
3051
2757
3169
2414
3273
2509
3360
2607
3074
2718
3187
2454
3265
2547
3369
2613
3076
2729
3171
2409
3284
2544
3382
2642
3055
2716
3181
2410
3269
2509
3289
2611
3073
2712
3182
2445
3268
2541
3372
2632
2985
2732
3163
2448
3279
2525
3377
2603
3002
2722
3191
2407
3269
2505
3409
2610
3080
2743
3176
2449
3258
2516
3378
2431
3060
2721
3098
2408
3294
2546
3384
2633
3049
2715
3168
2409
3284
2553
3369
2637
3073
2720
3174
2414
3274
2504
3385
2611
3014
2755
3165
2450
3280
2505
3388
2639
3058
2763
3167
2411
3283
2546
3371
2610
3032
2752
3168
2416
3257
2500
3393
2642
3070
2731
3180
2407
3279
2552
3395
2636
2977
2724
3190
2456
3272
2504
3358
2607
2813
2718
3179
2450
3263
2539
3384
2648
2983
2720
3143
2456
3288
2542
3377
2603
3009
2721
3185
2411
3275
2505
3483
2605
3024
2760
3170
2458
3264
2536
3381
2604
3054
2759
3167
2399
3284
2547
3378
2634
3035
2729
3173
2413
3276
2502
3387
2657
3073
2757
3179
2412
3187
2518
3390
2647
3066
2735
3098
2398
3287
2510
3368
2604
3052
2762
3173
2409
3276
2505
3355
2599
3063
2755
3164
2417
3261
2502
3391
2605
3065
2724
3166
2457
3277
2511
3382
2603
3049
2707
3177
2459
3270
2543
3297
2645
3065
2730
3166
2407
3267
2551
3395
2607
3020
2723
3153
2411
3285
2511
3387
2638
3048
2713
3187
2438
3269
2535
3375
2602
3075
2734
3094
2448
3272
2504
3395
2645
3071
2724
3168
2400
3294
2504
3383
2654
2707
2758
3168
2448
3278
2516
3295
2607
3059
2749
3176
2410
3257
2502
3400
2609
3070
2753
3168
2420
3279
2503
3394
2635
2680
2719
3168
2448
3274
2514
3288
2641
3064
2721
3168
2413
3282
2543
3388
2611
3052
2754
3172
2441
3276
2512
3325
2445
3068
2735
3171
2422
3279
2505
3387
2659
3064
2745
3181
2441
3270
2566
3301
2621
3026
2719
3177
2411
3274
2508
3374
2652
2796
2720
3189
2413
3269
2543
3373
2615
3024
2723
3168
2458
3271
2555
3396
2619
3063
2715
3164
2410
3274
2551
3384
2611
3001
2721
3185
2447
3273
2514
3361
2602
3072
2739
3170
2444
3255
2506
3398
2643
3063
2710
3167
2436
3279
2532
3380
2609
2683
2716
3183
2406
3289
2545
3377
2618
3073
2719
3182
2448
3266
2538
3372
2615
3067
2717
3164
2408
3267
2504
3295
2640
3017
2755
3175
2440
3269
2544
3362
2612
2806
2719
3176
2411
3255
2505
3400
2645
3062
2714
3169
2409
3274
2542
3376
2604
2986
2720
3167
2436
3281
2541
3300
2614
3014
2745
3177
2433
2995
2577
3282
2651
3078
2776
3104
2422
3281
2511
3393
2605
3018
2731
3147
2411
3295
2505
3377
2607
3072
2749
3164
2407
3269
2511
3401
2639
3057
2725
3171
2409
3289
2547
3372
2612
3051
2714
3193
2407
3289
2543
3372
2608
3056
2719
3182
2462
3272
2505
3382
2600
3068
2722
3168
2407
3288
2551
3366
2609
2793
2720
3187
2409
3271
2505
3366
2607
3045
2716
3178
2410
3247
2346
3394
2632
3053
2748
3168
2443
3287
2539
3380
2630
3000
2741
3184
2410
3265
2550
3375
2617
3069
2714
3166
2455
3268
2510
3374
2654
2894
