8516
2707
1802
2626
2946
2835
2660
2676
2739
2595
2838
2886
2971
3005
2627
2377
2245
2495
2524
2420
2617
2661
2301
2361
2415
2464
2517
2564
2610
2662
2314
2359
2416
2456
2517
2566
2634
2665
2308
2182
2414
2480
2512
2401
2471
2479
2325
2353
2427
2450
2512
2558
2609
2668
2314
2370
2413
2463
2503
2678
2403
2677
2319
2368
2413
2458
2512
2555
2401
2475
2124
2360
2417
2465
2524
2565
2627
2660
2307
2350
2419
2456
2347
2557
2615
2666
2312
2355
2410
2458
2515
2567
2622
2671
2314
2365
2282
2460
2510
2563
2605
2676
2317
2359
2409
2441
2507
2557
2617
2467
2322
2366
2405
2294
2366
2424
2451
2706
2310
2354
2227
2452
2505
2549
2610
2660
2119
2358
2402
2465
2504
2425
2601
2662
2123
2372
2425
2465
2508
2572
2605
2670
2310
2362
2416
2455
2522
2567
2625
2472
2311
2358
2410
2455
2514
2567
2612
2657
2327
2352
2412
2456
2324
2574
2604
2665
2309
2368
2407
2459
2516
2557
2612
2668
2315
2363
2399
2456
2508
2547
2620
2656
2315
2360
2413
2469
2505
2560
2617
2675
2303
2366
2408
2469
2519
2562
2613
2532
2316
2382
2424
2278
2504
2557
2599
2717
2311
2410
2427
2464
2503
2551
2634
2463
2311
2344
2414
2455
2592
2563
2605
2666
2310
2349
2280
2281
2514
2562
2614
2662
2314
2363
2412
2252
2514
2564
2615
2664
2309
2355
2407
2459
2333
2571
2624
2666
2311
2366
2423
2470
2511
2568
2596
2663
2304
2355
2245
2463
2548
2556
2621
2654
2333
2366
2412
2470
2516
2373
2622
2650
2292
2365
2423
2450
2514
2567
2623
2663
2303
2358
2430
2448
2510
2567
2606
2646
2310
2361
2423
2444
2500
2564
2611
2656
2314
2345
2416
2460
2539
2544
2425
2646
2303
2349
2416
2454
2334
2569
2612
2670
2320
2361
2408
2461
2510
2568
2600
2511
2314
2370
2412
2470
2511
2569
2606
2668
2298
2371
2223
2465
2518
2555
2612
2663
2317
2339
2426
2477
2509
2555
2618
2653
2320
2364
2415
2440
2510
2553
2616
2669
2116
2367
2403
2470
2542
2558
2606
2665
2310
2363
2234
2467
2512
2559
2600
2658
2312
2350
2403
2465
2504
2563
2605
2659
2294
2361
2190
2460
2513
2354
2672
2694
2308
2349
2406
2476
2519
2575
2623
2661
2303
2358
2270
2455
2497
2562
2609
2666
2318
2370
2413
2436
2486
2562
2616
2674
2315
2364
2405
2467
2516
2567
2602
2661
2306
2366
2405
2467
2502
2556
2622
2665
2306
2353
2232
2463
2516
2551
2622
2666
2315
2168
2415
2472
2508
2566
2616
2674
2309
2388
2410
2458
2323
2569
2627
2667
2313
2361
2419
2456
2513
2571
2614
2664
2318
2357
2405
2450
2358
2554
2612
2658
2302
2352
2411
2472
2518
2568
2602
2641
2305
2362
2425
2464
2507
2554
2611
2655
2310
2354
2408
2462
2517
2560
2627
2671
2303
2361
2408
2441
2515
2569
2619
2661
2313
2354
2422
2464
2316
2596
2620
2674
2312
2361
2407
2453
2516
2558
2618
2660
2314
2361
2221
2452
2510
2571
2617
2667
2302
2355
2403
2453
2288
2564
2608
2680
2315
2349
2411
2462
2505
2564
2622
2657
2313
2361
2428
2306
2515
2563
2606
2675
2315
2352
2419
2459
2512
2541
2608
2663
2311
2181
2412
2462
2501
2558
2608
2655
2309
2366
2420
2457
2517
2565
2609
2672
2310
2351
2407
2463
2520
2561
2619
2663
2311
2364
2409
2292
2508
2568
2419
2673
2132
2215
2226
2461
2507
2558
2611
2670
2319
2354
2413
2460
2516
2558
2599
2682
2316
2361
2402
2457
2512
2568
2623
2662
2312
2359
2409
2303
2515
2366
2623
2670
2313
2361
2415
2460
2316
2572
2610
2670
2319
2364
2408
2460
2513
2562
2625
2670
2323
2361
2411
2467
2499
2552
2621
2668
2314
2412
2415
2462
2505
2570
2616
2676
2318
2367
2401
2464
2516
2561
2594
2514
2310
2365
2407
2467
2511
2563
2614
2672
2321
2239
2417
2461
2513
2566
2624
2654
2311
2348
2411
2309
2509
2565
2617
2668
2316
2368
2418
2314
2331
2575
2623
2676
2320
2356
2409
2461
2509
2551
2608
2508
2301
2348
2411
2449
2350
2557
2615
2659
2308
2359
2417
2455
2509
2370
2650
2703
2304
2356
2414
2462
2510
2552
2610
2480
2309
2357
2419
2460
2551
2575
2611
2714
2326
2363
2417
2458
2517
2558
2621
2661
2295
2366
2399
2455
2511
2558
2610
2639
2317
2353
2403
2458
2514
2383
2618
2665
2300
2361
2412
2493
2322
2376
2624
2653
2316
2356
2417
2455
2513
2556
2626
2641
2326
2170
2422
2455
2518
2575
2622
2662
2313
2360
2416
2459
2492
2563
2612
2657
2120
2397
2441
2464
2495
2557
2607
2730
2326
2370
2408
2472
2510
2555
2616
2709
2317
2355
2421
2471
2508
2560
2612
2666
2312
2373
2408
2463
2505
2564
2622
2660
2306
2359
2407
2456
2518
2540
2608
2658
2313
2360
2405
2452
2581
2568
2612
2662
2309
2377
2414
2484
2514
2567
2621
2656
2317
2371
2412
2477
2509
2378
2480
2669
2302
2370
2411
2480
2329
2566
2624
2677
2310
2360
2409
2469
2511
2557
2627
2652
2315
2361
2413
2473
2518
2560
2614
2646
2319
2356
2405
2472
2511
2569
2611
2670
2099
2364
2411
2270
2520
2558
2616
2666
2324
2375
2404
2462
2507
2564
2611
2667
2324
2359
2416
2455
2507
2560
2608
2642
2304
2364
2407
2462
2508
2560
2617
2669
2308
2353
2401
2469
2510
2543
2617
2661
2320
2358
2403
2466
2521
2558
2615
2676
2311
2375
2220
2487
2516
2543
2619
2666
2305
2379
2407
2465
2500
2557
2602
2649
2305
2361
2410
2452
2515
2560
2605
2657
2302
2358
2424
2454
2517
2561
2618
2657
2310
2370
2415
2454
2516
2570
2609
2661
2321
2348
2403
2466
2516
2556
2627
2667
2126
2354
2408
2456
2505
2559
2418
2663
2313
2362
2407
2468
2516
2569
2604
2651
2299
2173
2407
2460
2517
2376
2654
2655
2304
2378
2482
