7860
2560
1947
2040
2074
2248
2092
2246
2071
2072
2291
2260
2065
2074
2248
2289
2077
2280
2225
2244
2167
2262
2246
2223
2230
2234
2493
2299
2882
2090
2256
2057
2292
2249
2889
2074
2289
2073
2250
2230
2293
2246
2237
2256
2946
2235
2292
2068
2089
2034
2260
2052
2054
2282
2249
2291
2252
2239
2088
2341
2067
2286
2258
2055
2887
2234
2296
2064
2066
2259
2074
2245
2293
2082
2250
2051
2246
2047
2073
2253
2233
2295
2021
2243
2238
2055
2241
2232
2061
2079
2262
2237
2230
2068
2236
2236
2233
2087
2061
2036
2301
2069
2024
2262
2068
2280
2048
2028
2073
2288
2021
2063
2259
2043
2067
2259
2237
2232
2233
2074
2286
2247
2054
2067
2046
2289
2036
2068
2052
2303
2036
2071
2271
2054
2089
2056
2078
2062
2058
2245
2055
2037
2237
2286
2033
2072
2066
2074
2259
2238
2069
2070
2046
2292
2069
2067
2067
2290
2272
2236
2058
2065
2301
2034
2027
2271
2237
2230
2230
2067
2068
2248
2030
2079
2036
2031
2027
2258
2064
2094
2069
2257
2071
2293
2061
2069
2072
2267
2235
2286
2066
2091
2250
2076
2288
2049
2266
2050
2250
2234
2255
2085
2265
2287
2249
2046
2029
2070
2092
2060
2266
2051
2084
2251
2240
2064
2071
2069
2250
2081
2239
2067
2260
2057
2081
2039
2055
2086
2064
2039
2263
2047
2260
2241
2242
2087
2258
2232
2074
2246
2096
2072
2292
2059
2031
2070
2076
2048
2281
2042
2059
2261
2038
2069
2284
2053
2250
2231
2231
2231
2088
2251
2070
2290
2102
2031
2071
2042
2261
2048
2023
2254
2253
2070
2241
2235
2087
2254
2042
2059
2254
2059
2072
2246
2236
2237
2061
2030
2257
2080
2248
2073
2237
2040
2245
2049
2241
2291
2238
2063
2238
2074
2240
2053
2022
2069
2288
2020
2059
2053
2237
2236
2230
2084
2066
2045
2071
2285
2256
2053
2252
2080
2291
2049
2026
2069
2293
2034
2263
2049
2247
2239
2060
2031
2073
2281
2047
2267
2242
2060
2069
2285
2071
2261
2066
2237
2044
2025
2249
2044
2253
2059
2074
2060
2033
2266
2053
2070
2065
2076
2285
2069
2069
2053
2085
2265
2237
2073
2292
2072
2071
2257
2293
2093
2076
2265
2053
2290
2031
2031
2255
2072
2312
2265
2229
2092
2252
2229
2291
2070
2028
2068
2287
2029
2026
2030
2259
2079
2264
2234
2055
2240
2283
2248
2227
2065
2240
2242
2060
2243
2290
2070
2044
2083
2044
2256
2242
2060
2067
2054
2299
2087
2267
2076
2082
2251
2056
2025
2027
2066
2259
2242
2060
2241
2284
2070
2051
2099
2070
2073
2288
2070
2264
2054
2245
2048
2246
2041
2068
2292
2034
2070
2037
2054
2086
2299
2039
2248
2245
2237
2237
2233
2231
2081
2249
2244
2089
2087
2283
2248
2237
2074
2074
2243
2229
2229
2063
2241
2239
2235
2048
2245
2240
2233
2233
2072
2070
2282
2246
2073
2079
2277
2050
2250
2045
2050
2087
2023
2030
2262
2236
2227
2062
2245
2240
2229
2237
2234
2230
2296
2084
2054
2069
2066
2285
2065
2046
2077
2234
2076
2094
2250
2075
2059
2293
2256
2068
2093
2274
2046
2248
2046
2290
2048
2018
2268
2230
2224
2223
2071
2070
2247
2297
2033
2027
2075
2040
2082
2039
2081
2289
2050
2254
2295
2051
2023
2028
2083
2031
2024
2049
2085
2073
2077
2073
2070
2278
2063
2300
2053
2070
2076
2069
2288
2067
2080
2054
2287
2047
2277
2081
2073
2291
2049
2073
2245
2290
2061
2269
2071
2247
2234
2089
2044
2253
2230
2232
2285
2248
2242
2270
2072
2293
2075
2067
2072
2286
2035
2057
2040
2032
2035
2079
2075
2076
2268
2289
2065
2075
2048
2257
2040
2067
2071
2047
2022
2295
2038
2026
2067
2289
2035
2101
2260
2250
2303
2063
2050
2068
2073
2087
2032
2071
2054
2044
2295
2061
2048
2255
2299
2068
2273
2248
2234
2067
2246
2095
2247
2055
2035
2257
2075
2246
2073
2290
2257
2242
2071
2243
2046
2244
2036
2081
2271
2241
2090
2243
2051
2254
2049
2033
2255
2059
2300
2245
2058
2247
2232
2082
2035
2076
2290
2055
2072
2039
2265
2240
2289
2035
2028
2070
2262
2240
2230
2089
2247
2295
2265
2239
2101
2247
2234
2056
2238
2044
2075
2296
2275
2236
2235
2287
2239
2046
2038
2081
2261
2241
2072
2244
2289
2070
2069
2281
2082
2246
2066
2050
2248
2231
2062
2071
2070
2254
2062
2248
2066
2262
2294
2291
2252
2240
2245
2233
2082
2025
2251
2041
2057
2295
2056
2261
2049
2247
2233
2073
2070
2071
2255
2049
2251
2051
2035
2293
2255
2236
2233
2234
2280
2090
2034
2058
2293
2067
2050
2267
2235
2249
2067
2237
2075
2064
2290
2054
2261
2241
2299
2253
2230
2235
2281
2250
2045
2242
2293
2248
2074
2069
2090
2259
2240
2236
2298
2226
2098
2252
2291
2065
2058
2064
2078
2070
2296
2250
2075
2086
2095
2264
2235
2054
2089
2236
2044
2247
2242
2070
2261
2238
2230
2074
2287
2083
2035
2032
2293
2045
2032
2044
2255
2288
2059
2069
2062
2059
2266
2022
2259
2089
2064
2281
2054
2029
2069
2286
2052
2272
2027
2255
2097
2235
2049
2029
2076
2043
2093
2066
2068
2071
2266
2293
2099
2257
2067
2288
2263
2236
2059
2243
2236
2073
2063
2252
2090
2029
2267
2068
2074
2294
2256
2051
2075
2285
2039
2260
2089
2057
2252
2287
2036
2073
2252
2076
2292
2286
2079
2284
2075
2286
2252
2239
2054
2244
2028
2058
2061
2290
2046
2094
2072
2068
2097
2289
2268
2080
2256
2083
2296
2068
2256
2076
2080
2287
2070
2075
2039
2061
2293
2067
2050
2082
2070
2082
2249
2042
2073
2053
2080
2030
2066
2069
2078
2068
2287
2070
2078
2088
2066
2295
2079
2068
2075
2291
2038
2071
2261
2289
2070
2043
2079
2058
2068
2293
2074
2056
2067
2060
2293
2027
2069
2266
2236
2076
2046
2256
2056
2035
2247
2036
2247
2059
2069
2160
