11443
1667
1673
1902
1760
1916
2123
2200
1991
1779
2119
1675
1866
1835
1856
1626
2002
1626
2232
2165
2169
2039
2227
2169
2018
1933
2549
2275
2128
2038
2302
2290
2105
2150
2173
2161
2169
1916
2479
2196
2106
2041
2180
2152
2184
2204
2297
2288
2205
2119
2287
2180
2144
2213
2322
2164
2142
2048
2323
2300
2110
2079
2309
2195
2227
2210
2266
2143
2200
2188
2289
2207
2279
2032
2280
2275
2144
2052
2252
2192
2196
2240
2382
2262
2195
2138
2298
2151
2174
2070
2269
2380
2098
2156
2377
2222
2125
2108
2371
2360
2223
2120
2323
2260
2208
2136
2237
2325
2311
2168
2405
2207
2155
2234
2344
2240
2155
2021
2306
2222
2274
2052
2245
2308
2138
2214
2393
2283
2101
2084
2287
2233
2209
2162
2333
2287
2187
2162
2330
2155
2222
2097
2215
2164
2293
2128
2303
2187
2217
2244
2109
1876
2116
2262
2222
2339
2081
2192
2317
2218
2277
2207
2207
2159
2195
2163
2271
2416
2156
2097
2330
2335
2262
2083
2440
2274
2250
2162
2337
2389
2185
2102
2326
2266
2208
2139
2340
2237
2194
2136
2341
2366
2099
2100
2262
2239
2181
2064
2360
2192
2132
2259
2291
2264
2137
2502
2407
2392
2136
2094
2448
2383
2154
2248
2269
2275
2199
2092
2337
2316
2240
2092
2291
2260
2152
2083
2266
2353
2089
2073
2337
2355
2144
2210
2392
2269
2350
2231
2327
2199
2217
2180
2325
2367
2086
2024
2237
2204
2195
2111
2301
2253
2198
2167
2406
2212
2255
2113
2382
2217
2202
2119
2312
2209
2228
2230
2379
2187
2243
2293
2256
2189
2393
2278
2341
2271
2103
2126
2381
2360
2107
2211
2380
2251
2092
2196
2439
2241
2081
2058
2224
2323
2297
2141
2208
2324
2197
1937
2330
2277
2189
2055
2331
2295
2217
2102
2361
2263
2182
2074
2216
2265
2184
2102
2333
2168
2087
2211
2335
2400
2310
2101
2400
2234
2226
2022
2352
2278
2136
2133
2241
2161
2141
2184
2275
2190
2173
2147
2317
2316
2245
2228
2250
2275
2236
2100
2431
2221
2209
2244
2407
2192
2267
2211
2328
2258
2098
2100
2222
2256
2175
2081
2222
2220
2212
2210
2348
2246
1964
2130
2272
2148
2141
2090
2349
2227
2157
2076
2349
2264
2101
2136
2333
2289
2221
2277
2407
2282
2404
2148
2227
2275
2325
2152
2356
2063
2221
2061
2385
2206
2198
2614
2859
2766
2592
2510
2823
2762
2611
2582
2744
2949
2591
2809
2763
2798
2666
2655
2934
2727
2788
2879
2721
2750
2705
2732
2973
3140
2850
2759
2883
2804
2684
2704
2936
2856
2721
2891
2919
2806
2772
2712
2923
3024
2743
2741
3048
2929
2800
2916
2989
2869
2837
2768
3126
2862
2758
2771
2926
2865
2794
2912
2982
2983
2816
2786
3071
2894
2811
2819
3134
2943
2836
3101
2971
3010
3235
3308
3017
3007
2847
2842
3083
2985
2945
2905
3003
2876
2944
2955
3024
2998
2889
2893
2940
3011
2846
2987
3347
3040
2850
2934
3154
3043
2986
3011
3101
3141
3072
2947
3186
3160
3056
3060
3158
3061
3019
3314
3187
3191
3055
3138
3145
3166
3113
3131
3271
3213
3115
3131
3252
3226
3108
3178
3263
3104
3161
3101
3253
3211
3048
3381
3234
3205
3166
3138
3209
3239
3120
3141
3307
3281
3175
3152
3239
3208
3180
3072
3274
3212
3174
3165
3301
3246
3069
3165
3255
3281
3095
3200
3332
3286
3200
3235
3232
3331
3074
3202
3322
3273
3195
3136
3300
3239
3212
3188
3418
3351
3189
3194
3305
3360
3194
3141
3296
3326
3208
3218
3372
3402
3171
3251
3345
3352
3212
3279
3359
3408
3288
3216
3443
3359
3263
3553
3408
3410
3156
3321
3438
3294
3349
3199
3341
3298
3358
3493
3433
3371
3269
3303
3392
3614
3195
3314
3444
3432
3269
3460
3460
3492
3331
3347
3737
3346
3288
3378
3493
3447
3325
3453
3564
3418
3336
3403
3505
3445
3374
3308
3470
3474
3367
3379
3509
3489
3370
3412
3530
3386
3345
3361
4120
3338
3323
3378
3507
3273
3401
3414
3508
3494
3399
3369
4122
3378
3214
3370
3536
3532
4227
3449
3517
3559
3486
3483
3842
3598
3347
3505
3504
3420
3798
3390
3435
3546
3400
3376
3914
3563
3344
3516
3653
3580
3805
3271
3564
3500
3676
3466
3807
3369
3370
3438
3581
3495
3606
3277
3528
3400
3444
3355
3527
3577
3534
3366
3550
3566
3736
3525
3649
3639
3584
3492
3668
3488
3422
3311
3539
3623
3536
3356
3465
3613
3503
3496
3395
3529
3432
3569
3560
3594
3392
3502
3547
3575
3416
3437
3514
3547
3467
3346
3476
3562
3446
6365
7024
6998
6627
6593
7122
6836
6562
6297
7049
6502
6546
2000
2090
2149
1987
1947
2176
2127
2048
2026
2004
2061
2004
2034
2060
2055
1949
1941
2134
2047
2036
2008
2092
2062
2028
1851
2016
1972
1924
1903
2062
1989
1997
1906
2128
2100
2031
2016
2038
2088
1958
1857
2165
1955
2011
1856
2152
2057
2017
1929
2133
1961
1990
1952
2032
2076
1911
1973
2118
2072
1907
1950
1916
1956
2123
1838
2072
1939
1992
1832
2117
2062
1934
1951
2007
1915
2164
1849
2021
1963
1928
1845
2025
2169
2114
1986
1997
1985
1934
1944
2173
2069
2043
1962
2158
1969
1920
2082
2035
2027
1925
1948
2078
1995
1951
1971
2051
1947
2051
2413
2626
2485
2504
2465
2543
2470
2447
2505
2570
2581
2383
2390
2696
2781
2479
2595
2597
2566
2517
2529
2676
2512
2445
2472
2611
2659
2594
2542
2606
2633
2492
2513
2741
2649
2502
2489
2692
2741
2604
2789
2777
2653
2635
2761
2853
2655
2437
2582
2567
2687
2770
2564
2747
2715
2574
2585
2865
2418
2605
2667
2891
2720
2956
2686
2755
2783
2662
2688
2747
2528
2661
2668
2965
2853
2661
2725
2860
2729
2753
2641
2858
2866
2729
2662
2851
2892
2681
2452
2903
2902
2966
2911
2845
2806
2684
2863
2956
2993
2812
2852
2866
2936
2783
2815
3010
2977
2680
