8952
3265
3172
3834
3515
3684
3753
3864
3521
3618
3716
3818
3520
3615
3723
3822
3508
3614
3264
3359
3056
3154
3259
3360
3055
3166
3251
3355
3045
3147
3250
3353
3046
3155
3254
3352
3046
3145
3253
3347
2829
3202
3256
3350
3046
3152
3254
3140
2850
3173
3076
3149
2852
3148
3257
3348
3042
3146
3255
3362
3067
3150
3255
3351
3054
3144
3267
3350
3047
3149
3258
3351
3047
3145
3255
3351
3037
3148
3268
3352
3045
3146
3252
3351
2850
3145
3241
3350
3045
3152
3254
3345
3045
3148
3250
3350
3048
3147
3253
3359
3045
3149
3250
3350
3050
3146
3254
3352
3046
3162
3254
3348
3048
3150
3246
3352
3048
3145
3246
3352
3051
3146
3089
3334
2886
2988
3255
3169
3052
3143
3256
3352
3048
3153
3252
3354
3048
3146
3252
3359
3047
3147
3252
3352
3043
3145
3244
3358
3045
3181
3286
3352
3047
3147
3252
3352
2845
2973
3059
3195
3047
3146
3249
3343
3044
3152
3054
3155
3046
3154
3251
3357
3052
3139
3252
3350
3050
3146
3249
3350
3044
3149
3248
3150
3054
3156
3249
3350
3043
3147
3240
3350
3047
3170
3258
3348
3052
3154
3262
3355
3050
3150
3061
3162
3039
3151
3256
3349
3050
3130
3039
3345
3049
3014
3057
3352
2847
3144
3254
3353
3048
3144
3248
3149
3047
3147
3253
3359
3048
3150
3250
3355
3046
3148
3257
3168
2894
3174
3258
3354
3047
3155
3250
3350
2857
3167
3250
3352
3050
3147
3256
3355
3045
3149
3255
3351
3046
3150
3257
3353
3047
3150
3254
3353
3041
3180
3297
3356
3050
3150
3252
3351
3044
3152
3252
3154
2884
3140
3255
3352
3049
3150
3050
3346
3043
3146
3256
3185
3049
3145
3244
3348
3073
3145
3258
3358
3049
3155
3090
3352
3049
3143
3250
3348
3037
3148
3250
3351
2844
3181
3282
3357
3051
3145
3252
3355
3050
3150
3252
3354
3051
3151
3250
3353
3045
3144
3253
3350
3047
3149
3255
3354
3049
3152
3255
3350
3048
3145
3253
3378
3048
3144
3255
3347
3047
3146
3254
3349
3050
3148
3256
3352
3053
3151
3087
3347
3049
3142
3252
3354
3046
3153
3249
3352
3045
3148
3066
3365
3048
3150
3249
3345
3046
3145
3256
3343
3042
3147
3253
3173
3083
3146
3259
3347
3045
3147
3305
3347
3050
3145
3258
3351
3044
2951
3096
3346
3044
3148
3251
3347
3045
3147
3250
3359
3050
3147
3259
3353
3047
3150
3250
3361
3073
3141
3253
3350
3045
3151
3252
3349
3051
3148
3022
3346
3090
3153
3253
3358
3049
2991
3043
3352
3045
3156
3251
3350
3047
3151
3256
3353
3042
3145
3256
3355
3044
3144
3255
3349
3050
3147
3251
3351
2827
2941
3265
3359
3048
3160
3265
3356
3050
3147
3252
3355
3054
3147
3252
3356
3040
3147
3251
3344
3043
3152
3254
3173
3083
3147
3255
3351
3045
3150
3248
3354
3067
3176
3286
3356
2853
3156
3250
3356
3047
3160
3262
3355
3045
3146
3248
3354
3048
3149
3084
3147
3049
3175
3297
3356
3050
3146
3258
3160
3048
3149
3254
3157
2885
3149
3255
3351
3046
3149
3256
3349
2858
3160
3089
3352
3050
3148
3066
3159
3046
3149
3250
3159
2884
3143
3249
3352
3039
3143
3253
3359
3043
3145
3252
3354
3049
3145
3312
3159
3049
3149
3254
3353
3050
3181
3253
3349
3040
3148
3254
3408
3046
3145
3253
3352
3039
3146
3256
3352
3041
3148
3257
3351
3046
3140
3251
3177
2854
2955
3252
3353
3047
3144
3253
3354
3045
3145
3255
3354
3044
3148
3252
3210
2850
3151
3255
3352
3046
3152
3252
3349
3046
3148
3249
3146
3053
3154
3256
3355
3049
3149
3249
3341
3046
3139
3256
3351
3046
3155
3252
3353
3049
3150
3251
3189
3049
3152
3277
3417
3077
3169
3254
3361
3045
3004
3090
3353
2845
3178
3284
3352
3043
3147
3057
3193
3047
3148
3251
3355
3046
3007
3062
3375
3088
3146
3252
3354
3043
3151
3070
3395
3050
3147
3249
3351
3038
3142
3251
3355
3044
3148
3248
3348
3048
3153
3249
3353
3047
3143
3093
3357
3049
3149
3253
3349
3048
3148
3251
3352
3039
3146
3252
3164
2886
3177
3255
3352
3057
2992
3059
3387
3059
3145
3247
3356
3049
3151
3257
3355
3044
3148
3259
3353
3043
3152
3248
3353
3050
3154
3254
3351
3047
3151
3251
3354
3051
3149
3321
3157
3047
3145
3254
3354
3049
3148
3256
3207
2850
3148
3268
3353
3044
3145
3248
3351
2863
3138
3295
3349
3047
3144
3248
3352
3048
2966
3055
3373
3073
3148
3256
3351
2846
3182
3287
3346
3049
3149
3253
3352
3047
3143
3255
3375
3052
3148
3090
3197
3052
3154
3259
3349
3045
3149
3250
3353
3048
3150
3255
3349
3044
3147
3064
3341
3087
3148
3254
3355
3045
3147
3065
3399
3047
3145
3253
3349
3045
3146
3249
3354
3041
3149
3260
3352
3046
3146
3250
3355
3047
3148
3251
3352
3051
3151
3254
3350
3110
2958
3068
3365
3044
3189
3244
3352
3044
3148
3247
3356
3043
3178
3284
3353
3049
3152
3256
3164
3081
3154
3250
3348
3046
3015
3069
3355
3046
3146
3252
3353
3046
3151
3256
3347
2853
2948
3256
3350
3045
3144
3253
3351
3049
3145
3258
3355
3046
3150
3251
3355
3046
3152
3253
3349
3045
3222
3060
3357
3050
3001
3104
3351
3046
3153
3299
3352
3050
3148
3054
3351
3049
3147
3250
3349
3044
3142
3250
3349
3043
3143
3253
3347
3045
3151
3257
3350
3045
3148
3249
3350
2856
3139
3294
3352
3046
3145
3262
3349
3050
3145
3252
3346
3046
3149
3255
3357
3055
3146
3255
3353
3045
3147
3254
3355
2860
3169
3266
3350
3044
3153
3251
3355
3050
3148
3252
3353
3050
3154
3250
3352
3054
3142
3251
3360
2862
2948
3254
3356
2852
2954
3061
3348
3049
3148
3257
3351
3052
3144
3251
3351
3049
3149
3027
3355
3044
3150
3250
3351
3051
3150
3254
3356
3051
3159
3269
3351
3039
3151
3248
3154
3195
