8355
1552
1511
2447
3245
2413
2945
2491
3129
2639
3118
2315
3234
2415
3291
2467
3003
2586
3131
2317
3180
2402
3319
2480
2378
2656
2209
2386
2615
2483
2868
2204
2361
2685
2167
2282
2610
2442
2692
2207
2288
2672
2496
2594
2286
2455
2681
2207
2322
2682
2210
2324
2588
2445
2695
2234
2371
2617
2157
2310
2633
2121
2675
2222
2321
2651
2180
2356
2599
2432
2634
2228
2404
2670
2154
2283
2628
2117
2682
2266
2398
2670
2166
2375
2613
2445
2684
2221
2398
2676
2155
2278
2590
2430
2685
2204
2401
2673
2162
2352
2620
2456
2700
2281
2440
2420
2458
2394
2657
2444
2418
2274
2351
2571
2681
2774
2585
2383
2824
2520
2072
2651
2645
2317
2623
2509
2620
2219
2452
2967
2153
2739
2807
2158
2680
2220
2402
2641
2194
2335
2593
2119
2763
2477
2513
2618
2174
2126
2618
2125
2700
2217
2403
2671
2029
2584
2642
2129
2671
2231
2483
2657
2029
2259
2611
2434
2728
2215
2395
2918
1992
2353
2979
2104
2825
2687
2397
2643
2032
2325
2606
2432
2701
2081
2400
2654
2156
2189
2602
2397
2711
2212
2634
2679
2171
2209
2585
2440
2974
2210
2433
2676
2165
2262
2612
2448
2729
2212
2408
2652
2165
2277
2633
2123
2724
2204
2621
2327
2510
2541
2575
2436
2721
2071
2395
2666
2177
2334
2613
2435
2726
2228
2380
2669
2151
2338
2606
2455
2727
2239
2389
2662
2168
2278
2568
2711
2238
2545
2402
2654
2151
2351
2869
2143
2894
2226
2387
2656
2031
2237
2606
2439
2726
2208
2397
2683
2163
2329
2623
2120
2920
2219
2393
2909
2152
2264
2874
2160
2678
2265
2406
2908
2163
2267
2636
2126
2719
2246
2375
2642
2172
2334
2616
2123
2728
2216
2413
2683
2188
2275
2622
2166
2688
2225
2390
2671
2175
2340
2604
2477
2712
2262
2390
2652
2176
2347
2590
2510
2888
2222
2336
2643
2041
2363
2606
2448
2706
2212
2392
2646
2198
2250
2645
2123
2699
2250
2397
2669
2161
2347
2613
2432
2693
2243
2392
2657
2190
2326
2598
2453
2720
2223
2390
2674
2039
2317
2625
2125
2881
2264
2394
2656
2185
2339
2622
2126
2694
2207
2386
2675
2055
2343
2608
2113
2634
2217
2388
2637
2158
2353
2618
2179
2888
2234
2366
2666
2060
2227
2594
2458
2700
2222
2391
2662
2180
2353
2623
2460
2708
2219
2394
2666
2176
2275
2638
2461
2718
2230
2391
2675
2163
2155
2621
2118
2711
2211
2361
2684
2511
2342
2620
2456
2703
2223
2380
2646
2160
2350
2599
2432
2726
2256
2384
2676
2165
2353
2591
2455
2723
2218
2395
2654
2163
2150
2607
2452
2696
2259
2419
2678
2177
2640
2281
2449
2975
2010
2406
2643
2512
2346
2588
2117
3045
2213
2394
2923
2161
2259
2842
2106
2685
2213
2390
2663
2170
2339
2607
2459
2718
2211
2408
2679
2184
2356
2622
2466
2736
2217
2403
2670
2182
2342
2629
2156
2916
2225
2401
2658
2171
2290
2601
2426
2704
2204
2386
2643
2187
2291
2616
2455
2731
2229
2360
2661
2034
2328
2598
2130
2729
2226
2341
2672
2166
2360
2601
2123
2718
2222
2401
2659
2176
2343
2617
2145
2713
2216
2387
2369
2478
2367
2144
2432
2905
2264
2410
2658
2059
2262
2642
2142
2716
2240
2409
2672
2200
2249
2627
2129
2692
2213
2381
2638
2174
2322
2616
2477
2720
2222
2647
2662
2162
2350
2604
2692
2376
2454
2413
2659
2172
2348
2605
2447
2711
2225
2406
2667
2037
2341
2647
2121
2898
2265
2391
2661
2024
2336
2586
2497
2705
2474
2461
2807
2688
2000
2794
2102
2675
2205
2356
2668
2171
2286
2594
2128
2704
2225
2279
2665
2175
2338
2624
2155
2728
2230
2381
2668
2168
2289
2617
2119
2584
2215
2389
2652
2167
2362
2849
2127
2881
2227
2408
2628
2035
2336
2868
2153
2707
2255
2385
2633
2036
2335
2598
2453
2705
2216
2276
2649
2184
2338
2636
2129
2717
2221
2398
2674
2039
2340
2609
2138
2689
2221
2378
2662
2169
2351
2863
2120
2683
2221
2408
2667
2165
2364
2608
2131
2910
2200
2385
2636
2025
2367
2612
2458
2690
2220
2395
2644
2052
2337
2635
2122
2724
2238
2395
2663
2167
2369
2873
2111
2626
2275
2401
2924
2173
2350
2599
2456
2966
2212
2391
2851
2034
2533
2312
2454
2712
2206
2378
2655
2163
2351
2595
2132
2632
2130
2393
2630
2177
2361
2630
2438
2710
2213
2361
2658
2168
2375
2606
2120
2712
2201
2379
2646
2165
2362
2600
2429
2721
2267
2419
2663
2177
2379
2610
2462
2699
2201
2378
2665
2151
2336
2601
2459
2724
2253
2404
2653
2170
2241
2593
2434
2976
2230
2598
2636
2180
2276
2620
2107
2614
2261
2395
2663
2037
2357
2595
2444
2718
2238
2399
2652
2166
2386
2621
2433
2718
2223
2588
2675
2031
2353
2615
2462
2694
2230
2407
2629
2020
2274
2617
2437
2723
2218
2379
2682
2175
2269
2591
2469
2955
2218
2403
2339
2499
2037
2594
2177
2709
2225
2396
2643
2162
2293
2609
2461
2704
2223
2400
2680
2170
2349
2618
2449
2703
2224
2657
2323
2491
2346
2611
2459
2716
2225
2406
2658
2154
2440
2601
2445
2665
2056
2386
2665
2177
2328
2604
2449
2683
2212
2413
2630
2170
2345
2593
2448
2715
2201
2383
2669
2174
2271
2717
2678
2240
2541
2519
2772
2193
2340
2593
2446
2701
2237
2416
2668
2024
2333
2593
2148
2721
2202
2579
2658
2165
2363
2624
2448
2736
2237
2385
2918
2160
2345
2608
2455
2701
2212
2395
2670
2168
2372
2606
2444
2706
2212
2413
2652
2166
2336
2617
2436
2712
2244
2417
2662
2176
2263
2597
2160
2662
2248
2372
2622
2205
2275
2619
2119
2729
2221
2408
2659
2167
2351
2593
2452
2716
2220
2544
2663
2169
2369
2600
2456
2728
2226
2414
2611
2149
2377
2620
2705
2383
2547
2419
2650
2167
2374
2623
2437
2705
2212
2385
2630
2055
2364
2624
2423
2717
2235
2447
