9254
3625
3708
4102
3904
4174
3809
3856
3918
3960
3519
3594
3623
3672
3318
3381
3417
3483
3521
3592
3626
3666
3410
3367
3412
3453
3499
3559
3610
3655
3306
3344
3398
3441
3326
3554
3597
3674
3127
3190
3409
3439
3503
3546
3603
3646
3291
3348
3398
3439
3499
3541
3622
3641
3294
3341
3398
3441
3501
3563
3608
3647
3293
3359
3400
3448
3500
3554
3449
3654
3334
3350
3394
3440
3500
3542
3602
3648
3296
3350
3395
3444
3497
3546
3594
3652
3297
3347
3389
3447
3562
3577
3603
3649
3300
3347
3397
3280
3506
3543
3611
3648
3288
3345
3397
3445
3491
3545
3595
3648
3293
3340
3392
3445
3496
3544
3593
3644
3169
3351
3393
3450
3492
3553
3596
3649
3293
3344
3397
3443
3493
3547
3598
3649
3301
3344
3393
3445
3496
3551
3620
3650
3298
3351
3401
3443
3492
3549
3597
3648
3296
3349
3406
3438
3498
3557
3595
3646
3293
3348
3397
3441
3550
3577
3597
3648
3291
3346
3399
3446
3499
3543
3599
3646
3297
3344
3392
3442
3498
3545
3600
3647
3296
3356
3394
3442
3497
3545
3604
3709
3153
3345
3393
3447
3496
3548
3604
3649
3298
3342
3395
3447
3494
3547
3600
3648
3301
3345
3391
3441
3497
3543
3598
3648
3294
3348
3402
3448
3500
3547
3594
3643
3297
3340
3401
3448
3493
3546
3597
3650
3295
3343
3395
3444
3494
3564
3604
3654
3147
3348
3397
3439
3488
3546
3608
3651
3299
3343
3395
3444
3492
3545
3601
3647
3299
3342
3400
3437
3494
3543
3600
3647
3294
3346
3400
3443
3494
3550
3596
3647
3290
3343
3396
3288
3505
3543
3606
3655
3299
3343
3395
3447
3492
3539
3596
3650
3297
3348
3403
3445
3497
3614
3604
3653
3294
3350
3398
3441
3496
3547
3596
3647
3293
3347
3419
3447
3492
3551
3668
3651
3295
3345
3399
3445
3498
3546
3601
3658
3295
3344
3402
3442
3499
3550
3604
3660
3301
3342
3400
3439
3497
3546
3598
3655
3293
3344
3400
3440
3492
3546
3599
3639
3296
3344
3401
3452
3496
3545
3599
3646
3292
3338
3397
3442
3494
3544
3595
3641
3291
3346
3399
3438
3498
3548
3597
3647
3293
3351
3399
3450
3495
3548
3596
3652
3292
3344
3393
3441
3498
3548
3663
3650
3315
3341
3398
3441
3497
3546
3601
3654
3297
3346
3395
3444
3487
3547
3598
3640
3294
3344
3400
3441
3495
3548
3596
3643
3299
3346
3393
3444
3497
3542
3593
3651
3296
3350
3398
3443
3496
3546
3601
3645
3292
3351
3395
3444
3498
3549
3606
3647
3291
3343
3402
3439
3497
3545
3602
3646
3149
3363
3404
3452
3508
3563
3611
3653
3296
3347
3396
3441
3504
3548
3601
3643
3135
3381
3389
3437
3494
3546
3610
3645
3296
3351
3398
3439
3496
3546
3598
3653
3290
3348
3265
3450
3499
3554
3598
3651
3297
3343
3403
3445
3496
3547
3598
3649
3294
3349
3397
3443
3493
3547
3605
3648
3291
3346
3397
3458
3485
3542
3598
3654
3294
3351
3395
3439
3502
3551
3601
3652
3291
3354
3400
3443
3493
3542
3605
3650
3291
3343
3254
3320
3505
3551
3599
3654
3298
3178
3431
3444
3496
3546
3604
3648
3287
3346
3395
3445
3491
3546
3601
3644
3294
3345
3405
3446
3502
3543
3603
3648
3292
3349
3398
3447
3494
3548
3596
3651
3297
3346
3403
3440
3499
3550
3597
3645
3290
3208
3398
3447
3497
3541
3602
3646
3298
3352
3394
3448
3499
3548
3607
3643
3294
3348
3397
3444
3338
3549
3611
3652
3295
3347
3402
3438
3491
3551
3602
3648
3295
3349
3458
3464
3497
3550
3592
3646
3298
3351
3403
3442
3501
3552
3597
3652
3295
3343
3396
3444
3497
3552
3606
3648
3294
3435
3453
3279
3347
3592
3598
3655
3290
3333
3402
3441
3500
3547
3599
3653
3133
3355
3398
3444
3498
3548
3600
3648
3296
3350
3398
3441
3493
3542
3607
3648
3295
3351
3234
3451
3487
3549
3594
3647
3297
3346
3405
3283
3500
3544
3595
3650
3293
3347
3404
3294
3347
3556
3603
3648
3295
3360
3399
3449
3501
3555
3596
3651
3295
3344
3397
3450
3498
3547
3601
3652
3298
3348
3390
3303
3510
3548
3601
3645
3294
3348
3401
3453
3498
3545
3595
3653
3298
3354
3401
3445
3355
3541
3599
3658
3296
3344
3400
3443
3496
3545
3597
3647
3305
3344
3395
3443
3491
3542
3596
3651
3293
3349
3394
3450
3502
3546
3593
3656
3299
3348
3408
3437
3500
3547
3602
3650
3293
3350
3399
3447
3499
3550
3600
3644
3296
3346
3396
3440
3499
3560
3603
3651
3292
3342
3397
3442
3492
3547
3600
3649
3298
3341
3391
3442
3502
3545
3435
3652
3300
3349
3398
3442
3492
3543
3599
3649
3300
3351
3397
3451
3486
3543
3598
3650
3292
3348
3391
3446
3498
3541
3604
3651
3295
3345
3405
3446
3498
3550
3602
3657
3292
3348
3400
3443
3499
3387
3604
3651
3297
3341
3398
3444
3497
3545
3598
3636
3295
3351
3394
3445
3495
3566
3594
3646
3299
3354
3233
3453
3495
3550
3594
3648
3301
3346
3398
3449
3494
3549
3593
3648
3289
3347
3392
3446
3500
3548
3596
3644
3293
3351
3400
3445
3497
3551
3598
3646
3292
3344
3395
3444
3497
3550
3602
3650
3294
3349
3397
3443
3494
3549
3603
3646
3294
3348
3401
3446
3490
3549
3589
3649
3290
3352
3236
3451
3500
3550
3602
3647
3287
3351
3402
3451
3500
3544
3595
3648
3293
3349
3398
3445
3499
3541
3600
3652
3292
3349
3402
3444
3496
3538
3436
3651
3293
3340
3402
3450
3509
3553
3609
3645
3293
3346
3399
3448
3499
3551
3609
3656
3296
3347
3395
3444
3497
3549
3596
3649
3296
3352
3394
3443
3491
3548
3601
3648
3293
3354
3399
3449
3499
3551
3602
3664
3299
3350
3397
3439
3501
3550
3599
3652
3292
3351
3402
3441
3505
3550
3598
3650
3293
3346
3402
3440
3493
3551
3609
3643
3292
3355
3391
3450
3508
3539
3608
3648
3294
3356
3478
