8844
2174
1839
2830
2551
2928
2967
3176
2757
2835
2963
3061
2533
2848
2953
3056
2753
2856
2951
3058
2747
2846
2955
3052
2750
2506
2608
2721
2407
2521
2612
2720
2418
2517
2604
2721
2399
2505
2619
2548
2411
2507
2611
2718
2418
2311
2622
2723
2397
2506
2680
2606
2405
2499
2619
2708
2278
2508
2616
2725
2407
2514
2612
2722
2417
2510
2634
2717
2233
2510
2617
2710
2398
2508
2621
2715
2405
2503
2609
2711
2399
2514
2614
2699
2413
2503
2612
2711
2403
2512
2624
2710
2410
2515
2612
2714
2272
2510
2625
2701
2401
2503
2621
2705
2404
2497
2608
2724
2410
2509
2616
2710
2394
2517
2611
2725
2389
2506
2612
2794
2409
2511
2610
2705
2404
2515
2608
2715
2406
2510
2618
3993
2416
2515
2613
2719
2400
2512
2608
2737
2412
2378
2619
2711
2405
2560
2608
2716
2398
2507
2617
2548
2461
2523
2606
2709
2406
2514
2601
2718
2408
2507
2613
2556
2401
2505
2619
2708
2392
2519
2620
2714
2393
2497
2623
2706
2409
2507
2610
2718
2410
2513
2619
2710
2406
2516
2612
2725
2404
2501
2677
2708
2406
2353
2607
2707
2405
2506
2605
2782
2412
2503
2620
2725
2411
2505
2613
2775
2404
2501
2611
2710
2432
2506
2614
2707
2406
2498
2606
2706
2405
2501
2607
2719
2411
2513
2614
2709
2406
2511
2604
2705
2424
2500
2607
2716
2407
2509
2453
2542
2418
2510
2604
2704
2403
2520
2616
2716
2407
2511
2604
2718
2406
2505
2465
2717
2403
2500
2600
2564
2406
2516
2614
2714
2405
2501
2610
2721
2404
2515
2608
2715
2412
2502
2612
2713
2410
2510
2611
2715
2408
2505
2611
2567
2232
2551
2605
2712
2411
2507
2613
2706
2407
2516
2608
2709
2242
2515
2601
2716
2403
2509
2608
2709
2404
2511
2604
2711
2404
2505
2605
2720
2462
2511
2610
2714
2403
2513
2611
2720
2413
2496
2626
2712
2413
2512
2604
2709
2408
2503
2605
2714
2398
2515
2606
2704
2402
2507
2459
2708
2400
2520
2609
2725
2404
2497
2615
2721
2392
2509
2610
2569
2403
2512
2619
2720
2394
2534
2613
2704
2400
2507
2608
2727
2400
2510
2612
2717
2412
2501
2671
2716
2410
2515
2610
2710
2412
2509
2615
2715
2396
2507
2611
2711
2403
2504
2614
2723
2411
2507
2609
2722
2394
2504
2606
2722
2402
2562
2605
2703
2403
2510
2613
2712
2405
2508
2608
2710
2393
2501
2614
2705
2400
2504
2605
2703
2410
2508
2598
2706
2398
2504
2607
2725
2396
2517
2618
2703
2406
2372
2641
2713
2402
2516
2609
2713
2402
2502
2615
2708
2231
2507
2609
2757
2409
2497
2621
2711
2406
2558
2606
2717
2407
2506
2614
2704
2402
2511
2611
2718
2412
2571
2607
2717
2399
2501
2610
2704
2398
2507
2608
2708
2416
2499
2616
2569
2407
2506
2609
2708
2398
2501
2601
2718
2405
2513
2612
2710
2409
2513
2610
2705
2417
2503
2613
2713
2410
2550
2614
2707
2401
2511
2616
2733
2410
2512
2616
2716
2416
2506
2622
2728
2408
2506
2618
2558
2400
2510
2605
2720
2405
2518
2610
2718
2421
2515
2618
2704
2403
2517
2608
2703
2415
2506
2617
2704
2405
2519
2663
2712
2403
2511
2607
2722
2407
2510
2600
2704
2407
2497
2618
2721
2241
2498
2620
2727
2401
2501
2605
2717
2398
2513
2613
2713
2407
2501
2456
2718
2407
2351
2615
2704
2414
2496
2608
2543
2431
2510
2616
2710
2403
2526
2621
2703
2406
2498
2608
2708
2400
2513
2611
2716
2402
2493
2619
2546
2408
2502
2616
2711
2409
2508
2604
2710
2412
2510
2616
2721
2396
2492
2598
2710
2408
2501
2612
2711
2398
2508
2616
2706
2397
2508
2624
2708
2409
2576
2621
2705
2398
2524
2465
2718
2403
2514
2467
2708
2406
2503
2608
2715
2406
2504
2610
2712
2408
2505
2669
2717
2246
2543
2608
2710
2407
2514
2613
2704
2405
2503
2610
2562
2407
2508
2612
2708
2408
2501
2613
2722
2404
2508
2612
2713
2398
2519
2606
2708
2415
2503
2616
2702
2401
2502
2609
2701
2409
2503
2448
2706
2408
2360
2602
2723
2410
2503
2605
2710
2410
2502
2602
2715
2413
2329
2614
2710
2410
2353
2616
2705
2400
2508
2610
2714
2392
2515
2609
2705
2419
2511
2612
2716
2400
2508
2638
2708
2399
2510
2605
2717
2405
2507
2617
2710
2410
2503
2610
2713
2403
2504
2603
2715
2408
2313
2609
2721
2407
2506
2608
2703
2413
2509
2609
2716
2399
2507
2613
2769
2412
2503
2599
2703
2412
2512
2606
2720
2409
2502
2611
2705
2412
2501
2619
2782
2413
2509
2605
2708
2402
2500
2619
2701
2407
2495
2462
2706
2404
2506
2620
2702
2397
2504
2614
2715
2403
2513
2627
2718
2403
2513
2618
2715
2404
2511
2607
2719
2415
2504
2613
2723
2402
2509
2608
2710
2413
2586
2611
2720
2414
2506
2608
2729
2402
2505
2614
2577
2395
2508
2611
2713
2412
2511
2620
2714
2407
2508
2619
2716
2409
2497
2609
2712
2264
2494
2613
2706
2403
2502
2614
2719
2415
2352
2609
2718
2410
2514
2606
2715
2414
2512
2601
2705
2404
2507
2615
2715
2411
2361
2440
2737
2407
2517
2603
2716
2394
2507
2620
2717
2399
2581
2628
2724
2396
2513
2618
2717
2411
2363
2621
2707
2403
2502
2610
2714
2408
2515
2611
2722
2396
2500
2611
2716
2410
2513
2611
2722
2406
2499
2618
2722
2400
2508
2605
2716
2407
2502
2617
2715
2404
2516
2613
2724
2402
2515
2614
2701
2410
2507
2609
2713
2403
2511
2612
2716
2390
2510
2606
2719
2404
2497
2616
2773
2418
2516
2606
2713
2408
2503
2624
2712
2409
2510
2612
2701
2404
2502
2622
2709
2417
2506
2613
2726
2393
2517
2612
2706
2401
2509
2609
2719
2407
2501
2604
2718
2402
2506
2610
2720
2397
2512
2611
2704
2404
2508
2617
2710
2412
2504
2613
2713
2404
2505
2615
2717
2404
2517
2613
2547
2417
2506
2615
2571
2567
