10268
3890
3511
3843
3817
3721
3625
3910
3822
3751
3845
3897
4133
3733
3662
3934
4053
3714
3629
3931
3822
3735
3615
3906
3834
3733
3643
3912
3828
3733
3628
3944
3807
3728
3611
3913
3809
3727
3651
3916
3796
3720
3623
3905
3822
3720
3628
3914
3832
3714
3634
3910
3817
3982
3628
3907
3835
3721
3630
4172
3821
3721
3629
3921
3816
3725
3631
3915
3814
3725
3640
4128
3816
3718
3634
3918
3802
3739
3615
3907
3811
3717
3618
3903
3832
3709
3643
3922
3840
3728
3630
3938
3816
3719
3630
3924
3817
3727
3632
3915
3787
3711
3621
3914
4047
3742
3623
3899
3830
3709
3628
3910
3819
3704
3640
3910
3812
3743
3629
3901
3814
3720
3632
3922
3814
3701
3617
3923
3831
3715
3630
3919
3804
3727
3628
3910
3825
3740
3629
3908
3810
3727
3620
3935
3831
3725
3631
3901
3818
3727
3628
3906
3830
3730
3637
3925
3810
3737
3630
3914
3816
3736
3641
3929
3822
3732
3643
3912
3829
3734
3646
3920
3814
3722
3627
3911
3843
3725
3629
3906
3822
3708
3626
3925
3818
3709
3632
3919
3823
3717
3628
3927
3801
3719
3627
3916
3842
3729
3632
3919
3819
3728
3626
3937
3814
3716
3627
3923
3817
3732
3633
3904
3820
3724
3629
3917
3816
3719
3628
3915
3816
3719
3627
3913
3806
3729
3623
3918
3826
3726
3620
3919
3833
3718
3628
3921
4054
3728
3620
3916
3843
3718
3635
3921
3818
3724
3608
3907
3811
3718
3635
3898
3818
3724
3631
3927
3820
3717
3626
3914
3828
3735
3637
3913
3786
3746
3631
3914
3820
3698
3635
3924
3819
3711
3632
3918
3822
3726
3612
3921
3813
3685
3617
3921
3830
3722
3632
3913
3829
3719
3635
3933
3814
3727
3649
3908
3792
3741
3634
3898
3798
3718
3605
3909
3813
3718
3656
3912
3813
3731
3623
3923
3824
3720
3623
3908
3808
3724
3626
3916
3833
3737
3603
3910
3822
3719
3633
3902
3822
3721
3631
3942
3826
3743
3619
3919
3810
3722
3629
3900
3802
3733
3617
3909
3805
3733
3621
4159
3816
3716
3611
3912
3831
3716
3626
3916
3832
3724
3625
3914
3792
3726
3624
3889
3833
3738
3629
3915
3821
3719
3625
3907
3827
3721
3623
3935
3807
3726
3624
3908
3804
3720
3614
3895
3829
3717
3633
3927
3818
3728
3637
3928
3817
3710
3639
3924
3830
3733
3631
3911
3824
3715
3630
3921
3817
3694
3629
3912
3842
3714
3620
3918
3807
3714
3623
3914
3842
3733
3619
3922
3817
3729
3628
3901
3836
3729
3613
3907
3821
3708
3621
3915
3817
3698
3630
3914
3816
3715
3656
3913
3825
3737
3625
3916
3827
3716
3624
3926
3826
3721
3634
3906
3809
3726
3614
3919
3818
3705
3638
3917
3817
3718
3589
3921
3816
3719
3621
3883
3820
3726
3645
3911
3818
3705
3860
3911
3828
3726
3621
3890
3823
3716
3618
3918
3824
3712
3624
3903
3829
3715
3625
3918
3828
3735
3624
3921
3824
3723
3634
3917
3786
3718
3631
3918
3807
3734
3628
4140
3822
3729
3643
3924
3809
3727
3634
3890
3818
3720
3632
3922
3817
3720
3637
3930
3813
3720
3634
3918
3815
3742
3621
3898
3822
3737
3634
3922
3822
3700
3620
3913
3832
3721
3634
3917
3813
3732
3627
3914
3804
3737
3626
3914
3812
3727
3630
3923
3810
3732
3627
3922
3831
3732
3637
3888
3820
3709
3631
3912
3811
3725
3630
4130
3831
3727
3595
3922
3834
3736
3627
3913
3823
3690
3622
3911
3811
3721
3623
3911
3818
3712
3628
3920
3812
3728
3631
3912
3832
3722
3629
3910
3811
3729
3627
3930
3832
3715
3628
3931
3793
3738
3638
3909
3815
3731
3629
3913
3775
3748
3623
3925
3824
3718
3626
3916
3819
3729
3636
3913
3811
3724
3633
3915
3806
3727
3614
3915
3837
3736
3633
3916
3818
3708
3608
3913
3813
3723
3627
3920
3829
3709
3612
4211
3807
3730
3624
3921
3811
3725
3630
3939
3832
3723
3625
3930
3823
3739
3623
3906
3838
3717
3646
3920
3819
3718
3629
3943
3815
3731
3646
3914
3813
3728
3635
3924
3835
3732
3612
3899
3824
3744
3632
3906
3821
3735
3625
3923
3811
3728
3632
3933
3830
3743
3641
3936
3819
3724
3617
4143
3809
3707
3605
3911
3818
3735
3628
3910
3826
3717
3622
3927
3835
3727
3616
3922
3824
3707
3856
3911
3811
3720
3642
3923
3823
3708
3839
3931
3819
3721
3616
3917
3819
3727
3632
4173
3809
3710
3630
3921
3799
3735
3605
3925
3814
3712
3622
3905
3814
3724
3632
3905
3825
3733
3628
3925
3817
3722
3638
3919
3853
3732
3624
3916
3813
3722
3633
3895
3825
3709
3631
3928
3814
3711
3632
3912
3818
3751
3636
3936
3811
3712
3622
3905
3817
3713
3633
3915
3826
3718
3619
3914
3829
3725
3629
3928
3816
3722
3640
3929
3822
3710
3619
3925
3824
3711
3617
3943
3823
3726
3618
3938
3822
3707
3624
3926
3830
3724
3627
3914
3819
3723
3636
3917
3815
3742
3641
3905
3821
3719
3624
3888
3828
3711
3610
3926
3819
3733
3627
3933
3823
3740
3624
3914
3822
3710
3634
3925
3811
3728
3609
3908
3808
3729
3609
3919
3830
3733
3661
4141
3819
3724
3621
3908
3835
3714
3625
3923
3811
3723
3631
3909
3822
3722
3629
3926
3796
3728
3621
3917
3825
3724
3624
3917
3792
3740
3629
3920
3811
3726
3643
3903
3820
3730
3610
3914
3823
3728
3642
3909
3825
3733
3624
3920
3829
3716
3639
3916
3829
3715
3615
3900
3814
3722
3622
3908
3810
3712
3632
3930
3828
3735
3638
3929
3808
3709
3634
3920
3818
3707
3637
3881
3815
3709
3627
3902
3809
3734
3622
3912
3795
3732
3613
3922
3826
3724
3609
3919
3820
3731
3618
3936
3820
3719
3614
4158
3815
3714
3627
3919
3817
3706
3636
3912
3823
3720
3630
3929
3825
3725
3625
3925
3817
3734
3613
3918
3825
3704
3628
3917
3829
3718
3638
3913
3823
3720
3624
3923
4033
3712
3616
3923
3782
