7237
944
672
1123
1187
1182
1103
1096
1115
1138
1178
1180
1165
1153
1094
1258
1145
1110
1082
1068
1051
1186
1077
1074
1066
1077
1068
1099
1092
1073
1114
1186
1082
1181
1093
1101
1041
1166
1084
1075
1082
1137
1077
1080
1126
1092
1177
1055
1099
1157
1091
1159
1282
1157
1171
1159
1157
1089
1102
1255
1291
1077
1064
1072
1079
1074
1167
1106
1110
1146
1087
1194
1078
1078
1153
1072
1130
1105
1094
1135
1179
1173
1027
1124
1128
1179
1176
1175
1113
1163
1246
1183
1087
1156
1076
1095
1082
1085
1074
1109
1166
1076
1204
1105
1087
1150
1086
1106
1063
1091
1122
1161
1091
1071
1090
1147
1135
1071
1088
1184
1121
1058
1039
1158
1116
1097
1061
1052
1097
1080
1095
1091
1103
1083
1182
1228
1182
1067
1081
1168
1101
1208
1080
1182
1086
1090
1062
1141
1054
1151
1087
1173
1119
1088
1078
1167
1058
1141
1080
1086
1081
1164
1079
1077
1063
1079
1069
1074
1163
1095
1058
1098
1069
1098
1094
1098
1159
1176
1092
1058
1118
1083
1085
1096
1059
1087
1095
1160
1060
1094
1094
1186
1089
1173
1165
1113
1124
1181
1162
1080
1054
1171
1099
1066
1043
1224
1087
1080
1079
1118
1090
1092
1136
1177
1205
1140
1047
1090
1099
1082
1045
1087
1082
1101
1087
1180
1142
1199
1059
1066
1102
1173
1079
1097
1111
1075
1137
1196
1073
1048
1160
1069
1084
1092
1141
1111
1188
1181
1165
1171
1105
1091
1076
1157
1104
1188
1160
1089
1084
1063
1138
1177
1158
1103
1093
1188
1176
1177
1230
1065
1068
1134
1078
1156
1097
1094
1182
1069
1051
1114
1166
1086
1083
1166
1138
1097
1157
1175
1187
1162
1089
1172
1044
1079
1103
1080
1089
1088
1100
1150
1146
1195
1141
1145
1085
1063
1099
1106
1064
1111
1085
1189
1087
1096
1185
1080
1089
1111
1190
1171
1210
1172
1072
1100
1068
1061
1153
1080
1086
1179
1089
1085
1034
1084
1102
1093
1095
1081
1072
1090
1174
1180
1072
1068
1090
1086
1184
1086
1121
1100
1112
1199
1163
1096
1104
1108
1074
1190
1085
1066
1092
1171
1096
1093
1046
1059
1084
1059
1100
1079
1168
1208
1127
1202
1160
1102
1166
1094
1151
1102
1249
1187
1077
1062
1073
1078
1153
1144
1060
1083
1095
1173
1106
1086
1159
1100
1070
1050
1092
1078
1092
1161
1031
1096
1054
1084
1084
1191
1167
1165
1142
1197
1050
1067
1086
1084
1087
1095
1080
1084
1053
1079
1095
1098
1107
1086
1089
1203
1062
1095
1154
1203
1102
1145
1086
1096
1048
1070
1100
1099
1179
1172
1168
1080
1067
1022
1183
1158
1084
1169
1063
1065
1246
1067
1068
1073
1321
1084
1097
1100
1096
1121
1189
1162
1171
1172
1096
1162
1062
1142
1129
1087
1080
1091
1184
1180
1119
1092
1094
1163
1121
1167
1084
1095
1102
1157
1158
1081
1117
1125
1111
1162
1063
1169
1078
1070
1062
1101
1044
1088
1054
1165
1081
1162
1129
1051
1097
1085
1264
1072
1098
1155
1090
1098
1071
1176
1053
1171
1085
1090
1084
1162
1096
1067
1111
1140
1170
1079
1066
1071
1098
1160
1046
1096
1087
1222
1186
1368
1159
1125
1053
1150
1072
1063
1062
1063
1201
1108
1111
1095
1170
1163
1108
1192
1155
1233
1137
1212
1068
1079
1093
1089
1055
1093
1029
1067
1094
1081
1090
1087
1176
1199
1065
1209
1165
1105
1144
1049
1085
1059
1117
1074
1228
1031
1067
1094
1184
1086
1249
1078
1159
1138
1153
1075
1063
1170
1128
1178
1103
1074
1132
1092
1083
1090
1124
1117
1205
1155
1176
1109
1160
1169
1137
1079
1080
1081
1105
1086
1094
1101
1042
1172
1078
1160
1187
1186
1192
1089
1079
1107
1074
1072
1094
1079
1087
1076
1218
1153
1109
1105
1090
1110
1090
1081
1147
1111
1165
1106
1115
1074
1074
1093
1062
1071
1115
1170
1164
1064
1089
1192
1043
1120
1088
1081
1156
1099
1095
1160
1093
1081
1074
1167
1107
1064
1070
1094
1064
1124
1092
1185
1176
1203
1156
1109
1050
1089
1070
1080
1201
1080
1106
1080
1071
1101
1160
1184
1082
1177
1090
1116
1067
1099
1078
1050
1185
1084
1070
1103
1043
1295
1167
1195
1064
1118
1174
1190
1149
1080
1199
1201
1086
1153
1153
1105
1053
1076
1068
1145
1076
1091
1064
1103
1059
1219
1183
1094
1162
1163
1078
1073
1079
1188
1053
1096
1112
1073
1091
1110
1030
1070
1122
1124
1204
1175
1177
1166
1067
1316
1103
1053
1072
1103
1078
1128
1043
1317
1096
1103
1094
1085
1071
1170
1045
1081
1081
1148
1110
1113
1056
1086
1070
1183
1062
1093
1065
1083
1099
1105
1114
1176
1104
1127
1077
1150
1085
1093
1132
1158
1078
1163
1088
1184
1048
1103
1139
1171
1163
1179
1150
1087
1086
1152
1045
1164
1049
1175
1167
1109
1104
1121
1153
1174
1116
1159
1108
1194
1088
1120
1139
1109
1139
1125
1094
1119
1124
1102
1170
1074
1113
1270
1541
1344
1333
1364
1303
1309
1539
1528
1565
1332
1489
1306
1452
1363
1343
1539
1525
1559
1360
1332
1433
1498
1333
1313
1334
1314
1326
1337
1291
1312
1331
1319
1325
1338
1308
1324
1282
1332
1345
1344
1323
1372
1324
1312
1283
1517
1568
1308
1319
1313
1319
1325
1269
1523
1525
1312
1319
1345
1351
1336
1319
1314
1350
1312
1309
1299
1331
1321
1284
1304
1531
1324
1316
1239
1284
1522
1239
1329
1351
1518
1538
1318
1321
1321
1503
1129
1301
1302
1318
1330
1329
1363
1485
1327
1319
1321
1334
1310
1511
1312
1381
1364
1335
1354
1351
1352
1324
1339
1307
1355
1353
1368
1379
1218
1496
1315
1524
1547
1508
1467
1523
1273
1309
1300
1277
1545
1343
1314
1326
1349
1329
1336
1314
1338
1333
1327
1329
1545
1555
1336
1533
1322
1330
1330
1334
1325
1321
1332
1307
1344
1367
1358
1356
1351
1315
1336
1270
1328
1327
1329
1161
