10155
4987
3400
4095
4144
4383
4383
4139
3803
3795
3802
3572
3614
3823
3583
3573
3591
3638
3795
3635
3581
3614
3626
3573
3614
3625
3829
3578
3570
3567
3626
3614
3571
3578
3621
3820
3601
3558
3562
3631
3627
3842
3630
3588
3570
3591
3566
3630
3574
3565
3566
3621
3569
3568
3569
3811
3593
3571
3569
3863
3578
3574
3614
3600
3845
3574
3575
3775
3665
4432
3790
3784
3775
3791
3980
4418
3578
3628
3570
3579
3569
3624
4124
3601
3585
3579
3629
3792
3577
3577
3564
3612
4468
3805
3601
3564
3837
3576
3572
3563
3631
3570
3565
3598
4068
3573
3841
3569
3606
3572
3577
3599
4764
3771
3587
3574
3785
3567
3580
3579
3581
3566
3633
3602
3579
3573
3636
3565
3567
3578
3577
3616
3563
3572
3560
3561
3624
3630
3616
3588
3773
3777
3568
3578
3578
3626
3569
3572
3577
3623
3567
3568
3586
3567
3585
3818
3594
3563
3557
3619
3573
3564
3575
3556
3651
3629
3628
3560
3633
3579
3588
3578
3622
3582
3611
3583
3628
3570
3581
3570
3557
3630
3568
3567
3568
3608
3572
3568
3812
3611
3621
3575
3616
3575
3571
3578
3811
3572
3576
3618
3836
3569
3571
3572
3846
3578
3575
3797
3576
3568
3628
3589
3583
3606
3576
3615
3564
3614
3578
3560
3618
3571
3570
3574
3615
3570
3572
3570
3817
3628
3615
3578
3586
3578
3612
3810
3774
3585
3612
3829
3568
3573
3569
3630
3578
3568
3621
3577
3630
3570
3563
3821
3599
3625
3562
3805
3569
3573
3624
3568
3574
3583
3580
3559
3789
3577
3572
3615
3581
3630
3582
3585
3568
3840
3817
3570
3565
3593
3581
3845
3572
3620
3566
3616
3574
3568
3572
3630
3567
3572
3622
3580
3824
3586
3571
3564
3611
3842
3574
3574
3572
3800
3619
3836
3573
3568
3577
3618
3641
3818
3604
3566
3574
3623
3632
3620
3586
3821
3567
3794
3578
3565
3786
3579
3576
3625
3569
3569
3573
3572
3623
3568
3574
3573
3621
3585
3579
3578
3617
3588
3572
3628
3629
3575
3812
3580
3575
3623
3563
3571
3590
3800
3561
3621
3611
3572
3766
3578
3775
3627
3577
3569
3566
3612
3628
3575
3574
3570
3631
3567
3561
3626
3577
3611
3820
3603
3583
3607
3571
3638
3623
3578
3627
3623
3566
3577
3558
3800
3611
3573
3577
3577
3567
3621
3611
3578
3804
3563
3631
3631
3574
3561
3614
3591
3568
3574
3627
3575
3577
3598
3825
3630
3580
3817
3591
3835
3577
3574
3579
3835
3571
3620
3592
3820
3566
3560
3804
3775
3621
3569
3626
3626
3635
3620
3636
3775
3581
3574
3623
3582
3572
3587
3633
3631
3601
3584
3577
3625
3625
3774
3566
3610
3636
3580
3571
3541
3579
3632
3578
3576
3569
3835
3574
3584
3610
3587
3841
3590
3575
3581
3616
3573
3571
3568
3609
3824
3619
3570
3832
3583
3579
3574
3574
3581
3819
3565
3612
3577
3837
3568
3573
3566
3621
3570
3582
3563
3562
3622
3572
3569
3582
3617
3575
3576
3574
3578
3642
3636
3825
3610
3847
3579
3568
3811
3572
3631
3580
3570
3568
3577
3622
3596
3608
3620
3568
3832
3618
3570
3573
3625
3571
3631
3616
3629
3574
3568
3573
3624
3630
3605
3580
3824
3580
3846
3615
3618
3621
3832
3618
3578
3561
3631
3562
3580
3569
3574
3627
3581
3574
3567
3569
3622
3575
3620
3577
3567
3632
3560
3566
3574
3570
3845
3613
3573
3829
3612
3831
3572
3571
3570
3631
3578
3609
3572
3572
3828
3560
3567
3618
3576
3567
3838
3578
3561
3572
3624
3620
3559
3577
3563
3576
3619
3570
3830
3629
3581
3626
3573
3565
3567
3621
3622
3572
3586
3575
3570
3619
3578
3571
3570
3573
3627
3577
3572
3560
3566
3624
3568
3569
3565
3568
3624
3580
3568
3578
3585
3613
3565
3567
3571
3586
3603
3564
3551
3583
3578
3570
3614
3563
3577
3556
3615
3585
3571
3572
3572
3620
3616
3613
3568
3564
3616
3552
3570
3616
3581
3827
3577
3599
3594
3576
3614
3565
3580
3571
3568
3622
3563
3558
3591
3575
3618
3624
3568
3576
3568
3625
3562
3571
3566
3579
3629
3573
3573
3568
3564
3610
3576
3584
3568
3641
3631
3576
3627
3573
3566
3638
3597
3578
3569
3566
3612
3573
3580
3559
3576
3840
3566
3590
3565
3579
3629
3558
3570
3564
3574
3627
3570
3622
3576
3569
3818
3578
3577
3620
3568
3619
3616
3618
3591
3576
3584
3835
3565
3605
3619
3573
3570
3622
3566
3618
3583
3618
3628
3608
3580
3561
3572
3617
3630
3571
3580
3575
3621
3579
3574
3569
3573
3841
3625
3578
3578
3597
3624
3569
3568
3563
3562
3623
3626
3577
3560
3565
3616
3571
3579
3566
3612
3617
3564
3587
3568
3638
3623
3566
3572
3567
3571
3630
3583
3569
3813
3571
3834
3614
3569
3559
3571
3565
3619
3576
3566
3573
3615
3828
3602
3618
3633
3563
3576
3566
3627
3620
3580
3566
3571
3568
3615
3567
3577
3569
3558
3610
3577
3607
3584
3564
3630
3569
3574
3570
3555
3628
3578
3571
3576
3572
3607
3563
3612
3627
3571
3627
3568
3571
3629
3581
3623
3574
3560
3572
3567
3617
3572
3620
3578
3558
3602
3582
3567
3554
3618
3571
3577
3576
3561
3561
3603
3572
3573
3632
3586
3616
3624
3574
5842
3782
3784
3795
3581
3773
3617
3627
3768
3605
3619
3571
3578
3567
3572
3623
3583
3570
3574
3615
3613
3570
3564
3570
3559
3817
3557
3556
3580
3574
3614
3631
3585
3571
3571
3623
3565
3568
3625
3583
3609
3582
3571
3569
3616
3618
3580
3583
3629
3593
3556
3792
3571
3562
3564
3574
3614
3576
3630
3568
3541
3639
3615
3621
3614
3616
3573
3585
3635
3570
3585
3574
3564
3612
3570
3829
3789
3583
3626
3568
3826
3578
3594
3571
3632
3612
3795
3614
3566
3612
3557
3584
3567
3566
3614
3570
3573
3613
3566
3801
3554
3567
3568
3621
3600
3577
3565
3561
3566
3617
3571
3581
3573
3558
3608
3629
