7154
683
663
1212
1146
1014
1467
1012
1009
983
1342
1022
993
1007
995
1020
1218
1478
1295
996
956
1009
998
1299
1007
993
994
1028
1008
1011
1015
1018
1024
1422
1317
1024
1000
1320
1524
1408
1219
1233
1305
1156
1435
1113
980
1098
1228
1538
1106
969
1324
1089
1560
1013
985
1000
1343
1285
1002
1021
1005
1020
1014
1014
975
1155
999
1000
997
1012
991
988
1347
999
1036
1111
996
1105
1165
977
985
1014
997
993
1011
1004
1002
1406
983
977
1016
990
1500
1021
1016
1009
983
1017
998
1066
1559
1387
1004
987
981
994
982
1225
1030
997
1019
1111
977
991
1391
1167
1529
1318
1071
1493
1268
1190
1359
1135
1041
1105
1165
1476
1066
954
1106
1158
1000
1006
1007
1015
988
1012
1005
1022
988
1007
986
990
1350
1136
1364
997
1019
1021
1015
1017
987
1007
983
1005
1005
1322
993
1498
984
1150
1404
981
970
1001
1017
1454
1001
1014
1003
1017
1023
1009
1183
1004
985
1022
979
996
994
990
1008
1013
995
1016
1017
999
1004
1008
1003
1489
982
1029
1390
1003
999
1014
999
1006
957
1026
1015
996
1017
998
1015
1012
1350
998
972
1072
991
998
1000
996
1290
1003
975
1018
1001
1025
995
1011
995
1021
1009
997
1012
992
1008
981
980
1146
999
998
979
995
1014
1013
997
1019
1016
1010
987
985
1003
997
1283
1001
996
982
1558
1028
1247
997
987
1014
1407
1015
1006
1024
1006
1388
979
1019
996
990
1459
1408
1023
982
1262
1015
1015
1012
1016
1017
1198
1016
978
1010
1425
1016
992
1052
1021
1003
1374
987
1008
1015
1022
1018
1030
1006
998
1008
984
1017
1499
1021
1241
1023
1257
1148
985
1003
1001
1400
1204
1007
1004
1013
1025
1023
988
1010
1019
994
1279
1003
989
992
981
1031
1237
1446
1341
1009
1009
1013
1011
1011
1015
995
980
1207
977
1295
1012
1006
1175
998
973
1018
1025
1257
1004
1011
1280
1482
1323
1021
1406
1024
994
1378
1244
987
984
1144
1428
984
995
1018
1012
1019
993
981
995
1016
1009
1331
996
1000
1326
1001
1388
990
985
1022
998
1442
991
1010
1014
1013
1017
990
1017
1472
998
987
1004
994
993
992
1162
985
1000
1024
996
1013
1018
1021
1003
999
995
1022
994
1018
997
1345
988
978
975
994
1384
1017
1004
1017
1012
1015
1337
990
1012
1003
1509
992
986
1512
1327
1102
1134
1157
1553
1012
1011
1000
985
1007
989
1009
978
1020
1012
999
963
1004
1354
970
1546
1016
998
1434
990
1013
1005
1014
1511
998
994
990
979
1022
981
1007
1523
1024
998
973
1004
1012
1007
1258
997
1015
1017
1071
999
1022
994
983
989
1015
990
996
973
1008
1010
1017
1010
1013
1014
1019
1319
1113
996
1008
982
1017
1179
982
1331
983
1466
1235
1021
1036
1003
999
992
1009
1014
1004
978
1011
997
1421
972
994
1019
984
972
1007
1035
1011
978
1023
1005
1240
1023
988
1016
1010
1353
1013
994
1267
1000
987
966
1013
995
1009
1002
1013
1003
1017
1008
1009
986
1138
994
1019
996
1013
994
995
1336
1005
987
1252
1014
986
1025
1013
1279
1018
1417
999
1559
1014
993
992
1336
993
1010
984
1022
1022
1022
1022
980
1210
1007
996
1000
1020
1013
1515
979
987
1434
1229
992
1003
1037
1005
1277
1028
1427
1013
1012
1342
1026
1425
986
1020
1356
1030
1002
998
1243
1445
1342
1000
1018
1010
1492
1016
1004
994
987
1015
990
1011
973
998
990
1007
1344
992
1005
1242
1017
1005
1019
991
1268
1197
1436
981
978
1019
1006
997
984
992
994
999
1476
1021
998
1018
997
1016
1015
991
1012
1009
1004
1001
1273
992
986
1010
1010
1009
998
994
987
1025
1393
1024
1020
997
1027
1443
1337
1008
1009
998
988
996
1234
978
963
1006
1013
1293
1558
1390
997
998
1284
1015
996
1013
980
1363
993
997
1343
983
1015
1009
1024
1005
1011
1018
983
1007
981
1022
993
1008
997
978
985
1133
984
999
1000
995
1220
1497
1002
1002
1009
1245
1012
1005
1005
1004
990
988
1397
1006
992
997
992
1020
999
1006
1012
1279
1475
994
1005
1504
981
1147
980
984
999
991
988
962
1298
1007
1023
1014
1011
1017
1079
1469
980
1020
986
1014
992
1011
993
1009
1280
1011
987
1000
1013
1016
1018
1008
991
1138
993
1019
999
1012
1170
996
986
1014
1444
1231
988
1029
1005
1013
997
1014
1014
1026
994
1011
1034
969
981
996
1382
999
1477
1008
1014
1010
978
1016
1083
1022
1494
995
1009
993
988
1136
997
1005
987
994
1222
997
1264
1041
1012
1000
987
1020
1007
1014
979
1028
1472
1004
993
1019
1025
1493
1336
1026
1019
1021
1000
1003
1015
1016
988
1012
980
996
999
1003
1190
992
987
1009
1452
1224
1004
1383
1020
1007
1299
1028
1018
998
1016
1020
1010
999
975
1191
990
992
998
987
1234
1027
1000
1158
1009
1021
1010
985
1153
1008
969
999
988
1031
974
1382
981
996
1347
1024
1015
1004
1010
1341
1023
1004
977
1019
1394
1020
973
1016
1266
1436
1318
991
969
1015
1024
1383
1016
1005
1004
983
1014
1006
1540
1342
1005
980
989
1189
1399
1003
984
1023
1009
1020
987
1015
1007
1037
1515
1023
1009
1026
1311
1167
990
990
1549
1078
995
1020
982
1022
993
1023
1013
996
1016
982
980
1004
1004
1294
989
1016
1199
1444
1334
1036
992
1017
1024
1005
983
986
989
1150
977
1084
1547
1005
1009
1021
1278
985
1020
1017
1016
1019
1081
