12755
8097
6906
7641
7641
7042
7044
7055
7047
7045
7002
7042
7051
6048
6049
6060
6059
6051
6031
6036
6065
6029
6037
6037
6055
6035
6039
6050
6063
6054
6031
6033
6030
6060
6034
6032
6035
6033
6278
6033
6028
6032
6031
6073
6038
6240
6058
6027
6195
6191
6516
6213
6047
6030
6048
6509
6025
6028
6032
6271
6058
6067
6225
6039
6029
6039
6056
6035
6031
6030
6839
5996
6030
6034
6032
7431
6198
6045
6052
6035
6028
6034
6034
6036
6032
6053
6031
6056
6036
6032
6034
6035
6031
6031
6036
6030
6032
6045
6062
6030
6060
6033
6033
6036
6057
6047
6033
6031
6034
6037
6058
6030
6031
6031
6026
6039
6036
6246
6052
6036
6064
6229
6041
6040
6031
6270
6069
6053
6038
6035
6028
6030
6024
6032
6034
6029
6029
6035
6028
6032
6064
6062
6035
6049
6034
6057
6028
6046
6059
6031
6037
6035
6034
6034
6232
6046
6059
6034
6192
6034
6053
6033
6033
6035
6028
6031
6028
6033
6036
6061
6032
6037
6032
6033
6056
6038
6031
6053
6032
6041
6033
6027
6035
6035
6034
6064
6035
6033
6058
6030
6035
6227
6041
6050
6022
6042
6053
6031
6032
6040
6062
6023
6042
6036
6050
6031
6040
6094
6036
6030
6065
6032
6035
6038
6060
6030
6228
6194
6067
6027
6038
6033
6221
6051
6036
6072
6031
6038
6037
6058
6035
6036
6029
6039
6034
6032
6038
6211
6035
6065
6038
6033
6062
6207
6031
6039
6028
6205
6037
6056
6205
6063
6034
6196
6034
6034
6032
6054
6030
6036
6040
6035
6035
6035
6029
6033
6037
6028
6040
6065
6047
6074
6096
6038
6035
6032
6030
6032
6039
6026
6041
6032
6051
6040
6038
6227
6049
6048
6052
6077
6223
6027
6061
6030
6036
6051
6035
6029
6024
6040
6022
6033
6037
6033
6037
6018
6031
6037
6034
6271
6034
6039
6035
6028
6031
6037
6035
6041
6036
6035
6044
6030
6039
6046
6034
6205
6032
6032
6021
6031
6204
6209
6205
6230
6034
6034
6041
6031
6030
6048
6037
6028
6035
6231
6037
6033
6036
6031
6030
6034
6038
6033
6037
6034
6045
6026
6034
6030
6042
6032
6039
6035
6047
6038
6031
6047
6032
6037
6032
6038
6028
6034
6050
6024
6218
6038
6029
6033
6036
6033
6035
6035
6034
6039
6041
6035
6034
6045
6026
6031
6035
6037
6031
6030
6211
6036
6037
6200
6056
6030
6036
6030
6031
6062
6031
6034
6025
6033
6220
6027
6034
6031
6036
6034
6026
6038
6039
6047
6232
6047
6200
6032
6031
6027
6034
6030
6034
6206
6030
6037
6048
6050
6033
6024
6033
6215
6197
6031
6029
6210
6033
6030
6029
6039
6034
6036
6035
6036
6029
6036
6035
6031
6039
6041
6249
6035
6215
6028
6031
6028
6034
6030
6036
6033
6054
6028
6250
6209
6035
6029
6032
6034
6037
6036
6230
6197
6035
6032
6031
6032
6033
6032
6040
6029
6034
6033
6037
6036
6035
6035
6032
6039
6038
6036
6032
6039
6039
6221
6042
6033
6033
6032
6038
6033
6035
6036
6037
6033
6033
6025
6032
6040
6041
6026
6036
6235
6030
6031
6204
6032
6040
6032
6040
6031
6030
6036
6028
6028
6033
6071
6048
6033
6030
6033
6033
6042
6034
6031
6039
6039
6031
6031
6039
6034
6033
6035
6035
6037
6035
6046
6034
6030
6035
6033
6033
6041
6043
6037
6039
6058
6036
6036
6035
6043
6243
6044
6035
6034
6034
6028
6031
6205
6032
6033
6031
6036
6206
6031
6035
6032
6037
6023
6035
6034
6049
6030
6030
6029
6045
6031
6033
6036
6039
6040
6037
6039
6054
6033
6033
6030
6221
6037
6034
6032
6035
6034
6034
6033
6029
6040
6029
6036
6031
6221
6035
6033
6034
6034
6035
6036
6035
6029
6029
6041
6035
6034
6034
6040
6040
6047
6031
6032
6034
6024
6029
6057
6231
6037
6032
6038
6023
6025
6034
6049
6038
6035
6243
6039
6032
6032
6037
6046
6036
6030
6037
6035
6039
6034
6051
6036
6045
6250
6210
6188
6035
6033
6033
6035
6036
6032
6026
6035
6035
6035
6034
6037
6036
6030
6027
6038
6033
6026
6033
6034
6036
6035
6033
6035
6035
6036
6218
6053
6035
6031
6199
6032
6036
6033
6031
6037
6038
6033
6029
6034
6030
6026
6039
6035
6036
6031
6049
6035
6036
6032
6045
6035
6036
6035
6264
6038
6037
6259
6029
6040
6054
6031
6036
6034
6036
6033
6028
6035
6028
6034
6054
6027
6031
6034
6034
6221
6048
6028
6036
6027
6004
6037
6033
6034
6030
6035
6069
6032
6208
6028
6032
6027
6033
6060
6071
6235
6032
6036
6032
6200
6032
6032
6031
6031
6031
6028
6033
6035
6038
6032
6033
6038
6037
6029
6032
6030
6030
6035
6037
6036
6035
6033
6035
6235
6042
6037
6053
6036
6035
6027
6030
6033
6029
6033
6032
6026
6034
6027
6047
6031
6031
6037
6042
6044
6057
6025
6035
5995
6029
6056
6018
6026
6037
6030
6031
6039
6037
6022
6049
6026
6029
6029
6034
6032
6038
6029
6032
6031
6038
6030
6034
6028
6032
6034
6035
6035
6033
6034
6036
6034
6042
6034
6032
6068
6032
6032
6032
6038
6037
6277
6034
6051
6023
6028
6029
6034
6034
6039
6029
6228
6029
6034
6030
6027
6034
6037
6037
6031
6034
6032
6035
6038
6033
6033
6029
6039
6038
6034
6014
6033
6036
6035
6040
6030
6055
6027
6025
6034
6027
6032
6027
6025
6033
6033
6039
6029
6033
6224
6032
6036
6032
6261
6036
6030
6032
6029
6065
6036
6036
6033
6044
6048
6033
6031
6037
6053
6028
6053
6035
6034
6034
6035
6034
6027
6035
6048
6033
6037
6033
6029
6031
6038
6036
6036
6030
6036
6028
6028
6038
6032
6033
6032
6039
6031
6037
6052
6035
6031
6036
6014
6049
6031
6231
6029
6035
6025
6030
6037
6034
6033
6035
6025
6033
6034
6031
6034
6038
6027
6032
6027
6024
6034
6031
6037
6041
6026
6033
6031
6033
6051
6041
6034
6030
6054
6043
6026
6041
6028
6031
6029
6031
6039
6034
6027
6035
6014
6074
