9978
321
676
319
428
561
538
286
623
303
295
490
586
444
477
302
355
471
291
538
299
542
318
335
319
302
300
294
290
345
316
535
532
546
303
296
308
540
327
555
296
300
538
575
336
316
702
553
549
291
309
550
307
297
530
316
556
303
546
350
348
545
329
375
320
543
531
540
533
545
562
599
546
554
284
296
343
407
533
537
285
288
279
538
540
551
283
555
530
537
291
305
325
327
556
543
546
335
577
550
552
296
543
539
550
562
421
305
546
290
532
550
295
535
328
285
310
548
538
284
293
386
461
540
287
284
564
551
295
555
534
290
547
547
293
594
291
297
340
318
291
312
541
280
286
544
591
314
289
309
573
294
317
284
287
325
288
569
312
555
553
288
290
361
555
293
322
539
294
286
322
281
284
542
543
286
302
327
546
550
311
287
320
290
286
536
531
289
551
288
553
303
535
541
553
313
541
297
287
534
318
544
526
741
295
545
383
289
733
280
283
281
538
534
281
283
286
551
553
300
569
531
284
292
542
294
544
293
600
293
296
555
552
329
591
542
576
585
549
308
298
295
553
573
562
300
304
554
297
551
563
298
561
557
538
540
535
550
559
575
297
298
297
288
527
307
283
286
536
297
290
332
287
293
296
285
285
292
558
322
545
549
290
286
567
337
297
564
567
539
526
547
574
282
330
549
535
541
534
289
314
529
282
371
290
313
292
536
540
344
547
528
544
300
295
280
308
296
552
534
532
531
280
542
286
555
283
288
279
320
289
534
288
285
290
291
288
543
285
560
557
570
284
577
286
315
554
287
545
535
316
535
550
528
540
299
540
280
573
579
323
519
553
451
565
336
398
706
1119
880
1756
1913
869
1532
1600
1766
1693
1909
1937
1834
1750
1704
897
1581
1717
1824
1939
1952
2055
2044
2068
1992
2109
1869
817
899
1891
1769
1915
1927
1963
2045
2067
2034
1944
1870
1781
1531
1741
1897
1969
2023
1957
1973
1821
1820
1864
1938
1882
2047
1875
2042
1918
1980
1735
1889
1801
1866
1762
2106
2085
1999
1654
1776
2121
2011
2031
2164
2062
1902
1979
1950
1863
1840
1993
1837
1857
1877
2131
2222
2146
2001
2001
1999
1900
1937
2003
2319
1029
2163
2244
2210
2238
2340
2304
2172
2333
2322
2295
2226
2275
2102
2131
2202
2317
2346
2357
2116
2199
2343
2176
2403
2157
2230
2312
2293
2302
2255
2319
2474
2384
3791
3820
3895
3897
3835
3852
3691
3991
3905
3944
3805
3822
2737
2128
2230
1984
2104
1991
2165
2300
2228
2317
2256
2288
2240
2341
2165
2033
1920
2129
2117
2353
1897
2160
2257
2385
2286
2313
2317
2366
2239
2341
2061
2376
2033
2277
2252
2432
2404
2232
2329
2456
2386
2227
2235
2309
2381
2369
2405
2313
2253
2248
2269
2355
2381
2383
2395
1231
2022
2254
2277
2467
2395
2404
2460
2337
2321
2226
2126
2268
2319
2399
2345
2113
2243
2340
2325
2239
2311
2310
2341
2231
2266
2292
2207
1845
2307
2131
2177
2281
2325
2289
2374
2345
2116
2191
2233
2269
1150
1888
2433
2455
2484
2474
2451
2392
2178
2153
2306
2348
4008
4068
3848
3901
4238
4082
3987
3693
4161
4185
4207
4192
4182
4080
4012
4078
3829
3923
4072
4051
4109
3903
4067
4018
3987
3968
4084
4020
4069
3894
3542
4020
3943
3947
3962
3985
3979
3853
4041
3925
3913
3937
3935
3892
3960
3850
3939
3969
3870
3929
3920
3907
3928
3895
3933
3856
3804
3905
3825
3951
3893
3897
3929
3830
3794
3643
3822
3978
3889
3762
3848
3747
2161
2387
2374
2102
2179
2122
2115
2394
2339
2375
2216
2581
1891
2264
2550
2247
2292
2287
2436
2421
2283
2279
2342
2354
1264
2010
2363
2185
2185
2923
2177
2286
2093
2266
2320
2316
2300
1049
2118
1966
2174
2278
2507
2460
2508
2323
2318
2160
2218
2390
2261
2337
2418
2736
2421
2209
2084
2333
2232
2119
2283
2222
1959
2020
2224
2584
2256
2334
2455
2082
2428
2883
2288
2390
2404
2015
2260
2356
2280
2153
2251
2319
2334
2642
2243
2259
2300
2118
2096
2315
2308
2192
2289
2138
2244
2393
2339
2199
2267
2239
2381
2135
2318
2353
2261
2068
2233
2003
3531
4062
4332
4087
4279
4815
3904
4163
4395
4214
4172
4682
4020
3689
4065
4098
4031
4381
4000
4113
4183
4072
3940
4553
3836
3913
3918
3886
4021
3987
3996
4022
4082
3964
3939
3728
3640
3741
3984
4017
3773
3964
4024
3587
3893
3943
3711
4016
4002
3733
3795
4044
3821
3862
3981
3963
4093
3876
3933
3943
3900
3845
3703
3902
3949
3896
3864
3845
3957
3655
3625
3925
2488
2449
2400
2379
2060
1833
2388
2245
2217
2247
2332
2282
2239
2337
2225
1051
2101
2189
2288
2460
2456
2318
2366
2315
2163
1602
2412
2369
2335
2032
2225
2387
2424
2267
2400
2330
2280
2133
2203
2153
2298
1864
1845
2213
2230
2360
2389
2425
2312
2390
2407
2402
2228
2249
2227
2147
1954
2384
2451
2321
2367
3371
2663
2643
3184
3188
2546
3075
2531
2203
2238
2184
2150
2159
2261
2221
2432
2344
2284
2283
3010
2597
2428
2394
2409
2314
2300
2321
2079
2267
2151
2269
2069
1908
2063
2347
2278
2294
2147
2319
2366
1975
2119
2228
1976
2197
2290
3020
4083
4118
4041
3947
4054
4043
4155
4176
3976
4102
3921
4162
3885
4113
3785
4084
3961
4051
4048
3990
3870
4002
3871
3895
3922
4030
3986
4000
3985
1874
