10031
547
337
324
302
631
315
306
303
314
311
599
314
560
543
477
584
601
310
387
343
317
362
324
350
332
568
330
344
324
339
314
632
425
534
320
552
352
324
334
702
340
659
606
613
344
405
583
585
579
337
607
613
366
357
388
384
352
639
562
368
333
369
377
594
577
568
601
396
380
636
361
406
481
335
588
487
331
340
582
399
483
346
346
615
343
335
351
339
365
322
315
527
351
370
540
477
372
371
347
597
349
331
573
409
326
336
705
473
351
350
362
373
585
597
321
598
595
667
408
356
638
354
367
488
580
366
354
347
466
379
536
365
364
380
510
445
536
605
350
367
356
333
307
357
356
355
336
663
415
377
346
327
525
312
321
352
345
339
369
357
357
351
412
367
385
703
366
358
582
434
500
368
367
354
675
443
381
332
356
484
585
353
407
333
563
598
592
585
363
336
338
336
347
593
369
596
490
390
400
466
357
483
595
365
369
339
610
382
587
350
338
572
599
321
342
436
609
349
348
594
608
356
344
346
357
411
597
645
729
615
338
593
376
615
416
918
695
661
573
632
346
601
331
611
599
557
322
386
351
373
324
325
358
339
388
580
545
584
335
578
448
329
331
320
550
546
546
553
336
335
599
444
383
554
392
586
345
576
337
333
332
337
371
640
391
348
423
739
511
364
584
344
595
333
335
613
343
374
349
348
352
424
674
658
601
305
574
328
366
459
384
398
372
425
374
577
586
340
574
342
337
353
336
575
332
379
380
341
608
372
398
556
358
374
581
790
604
339
339
418
344
347
351
343
368
496
321
366
556
353
345
681
593
338
355
603
356
622
579
387
336
365
396
370
1611
1643
1609
1889
1784
1858
1878
1949
1751
1901
1826
1798
1829
1858
1906
1926
976
1909
1811
1861
1809
1550
1891
2017
1972
2088
947
1046
1774
1795
1836
1826
2000
1845
1731
1835
1875
1924
1843
1857
1889
1730
1834
1798
1817
1853
2020
1950
1957
2129
2127
1957
2002
1963
1888
2037
1749
2016
1847
1992
2105
2092
2247
2080
1664
2017
2092
2288
2100
1123
1974
2018
2170
2259
2280
2167
2276
2002
2223
2339
2649
2136
2075
1966
2247
2196
2164
2314
2365
2249
2151
2581
2814
2557
2457
2799
2533
2465
2178
2419
2480
2349
2340
2327
2357
2196
2361
2279
3509
3692
3522
3700
3820
3890
3750
3747
3864
3688
3680
3968
3706
3760
3711
3793
3765
3727
3552
3697
3836
3708
3588
3763
2352
2478
2503
2282
2505
2402
2465
2083
2385
2481
2351
2458
2288
2397
2479
2384
2737
2354
2324
2043
2019
2312
2394
2573
2438
2395
2273
2455
2394
2343
2366
2271
2406
2167
2236
2463
2397
2378
2457
2337
2220
2410
2302
2379
2250
2294
2306
2228
2346
2341
2480
2349
2262
2512
2479
2383
2377
2260
2360
2527
2429
1169
2248
2407
2257
2331
2375
2380
2294
2265
2184
2181
2164
2070
1967
2265
2422
2404
2285
2360
2399
2458
2433
2400
2224
2363
2267
2173
2384
2396
2302
2367
2374
2290
2194
2232
2406
2060
2205
2254
2032
2257
2435
2426
2540
2461
2299
2903
3683
3918
3872
3953
3951
4007
4077
4118
4115
4115
4003
4070
4071
3917
3940
3829
3950
3862
3905
3907
3958
4012
3812
3960
3923
4487
3944
4006
3985
3953
3932
3679
3857
4035
3935
3937
3672
3863
3768
3863
3848
3892
3864
3901
3885
3938
3872
3866
3777
3712
3821
3769
3822
3932
3879
3736
3802
3949
3624
3806
3805
3887
3900
3847
3812
3750
3757
3779
3791
3850
3319
3858
3859
3724
3793
3867
3824
3801
3646
3539
3694
3782
3546
4421
2269
2395
2299
2291
2328
2287
2260
2240
2177
2231
1978
2115
2284
2321
2334
2349
2331
2309
2272
2329
2483
2449
2247
2321
2292
2111
2233
2287
2362
2450
2262
2265
2212
2420
2315
2327
2346
2424
2411
2198
2280
2276
2346
2368
2425
2467
2309
2377
2266
2272
2414
2724
2366
2101
2321
2087
2319
2503
2258
2314
2222
2084
2332
2344
2260
1122
2118
2333
2330
2470
2442
2464
2451
2403
2398
2436
2387
2444
2435
2349
2408
2448
2365
2441
2409
2387
2366
2418
2417
2379
2357
2386
2423
2381
2358
2410
2413
2383
2360
2426
2413
2429
2425
2382
2454
2449
2379
4355
4012
3958
4097
4089
4043
4155
4097
4107
4096
4069
4131
3605
3982
4009
3970
4024
3993
3947
4006
3887
4051
4011
3582
3812
3971
3741
3836
3878
3989
3965
3951
3943
3881
3884
3898
3840
3942
3930
3934
3920
3926
3908
3884
3942
3943
3835
3785
3565
3806
3883
3828
3786
3831
3903
3858
3862
3781
3790
3843
3982
3827
3628
3727
3843
3877
3721
3848
3863
3829
3856
3759
3659
3902
4590
7284
4549
4538
3687
3753
3814
3733
3790
3717
2878
2363
2341
2341
2421
2425
2463
2456
2464
2470
2399
2372
2401
2396
2362
2439
2956
2414
2587
2376
2472
2387
2480
2394
2390
2386
2374
2388
2407
2453
2462
2546
2105
2584
2622
2427
2540
2623
2476
2434
2364
2444
2384
2346
2571
2488
1987
2460
2471
2397
2434
2416
2459
2450
2454
2578
2615
2595
2585
2455
2419
2253
2567
2494
2599
2573
2504
2463
2521
2521
2580
2490
2457
2513
2556
2446
2482
2479
2623
2597
2498
2533
2474
2475
2591
2427
2555
2549
2589
2169
2581
2543
2596
2532
2460
2498
2511
2518
2478
2446
2518
2511
2427
2473
2511
2451
1998
2390
3959
4030
4066
4080
4051
4051
4093
4082
4095
4151
3699
4230
1951
