10830
4529
4944
5269
5222
5033
5215
5037
5222
4512
4322
4341
4361
4341
4338
4297
4290
4556
4307
4335
4329
4324
4551
4335
4298
4282
4330
4337
4284
4289
4336
4564
4329
4289
4280
4331
4301
4293
4330
4324
4554
4328
4339
4327
4298
4343
4289
4287
4329
4331
4553
4327
4289
4285
4330
4338
4346
4490
4534
4556
4334
4336
4285
4300
4495
4403
4384
4328
4331
4298
4744
4511
4497
4496
4334
4320
4561
5147
4499
4306
4330
4557
4330
4341
4289
4568
4286
5106
4333
4337
4289
4553
4332
4327
4290
4550
4323
4327
4331
5107
4338
4321
4326
4347
4284
4287
5259
4336
4307
4284
4286
4327
4545
4327
4330
4323
4563
4290
4283
4332
4330
4542
4337
4335
4555
4302
4285
4537
4523
4552
4330
4333
4337
4559
4499
4299
4290
4283
4285
4282
4324
4330
4560
4334
4328
4292
4286
4283
4559
4326
4328
4324
4333
4561
4300
4286
4329
4341
4335
4330
4334
4329
4550
4332
4293
4284
4327
4334
4342
4329
4344
4554
4328
4327
4296
4290
4353
4329
4327
4326
4554
4290
4335
4287
4326
4286
4331
4287
4328
4559
4314
4335
4289
4333
4337
4291
4540
4495
4345
4331
4347
4334
4509
4562
4286
4494
4284
4286
4565
4326
4329
4308
4554
4287
4287
4284
4562
4341
4327
4334
4306
4561
4287
4286
4283
4556
4336
4327
4325
4557
4298
4285
4546
4303
4562
4328
4288
4326
4330
4551
4326
4331
4292
4285
4344
4333
4335
4326
4326
4331
4327
4334
4289
4325
4327
4293
4278
4285
4324
4550
4339
4333
4304
4543
4342
4333
4301
4289
4325
4348
4331
4284
4286
4324
4265
4335
4326
4333
4560
4333
4335
4343
4562
4272
4285
4503
4294
4292
4332
4329
4329
4559
4286
4283
4326
4562
4527
4486
4300
4347
4565
4332
4295
4282
4551
4328
4338
4322
4327
4557
4325
4293
4288
4337
4335
4328
4329
4328
4554
4329
4331
4308
4290
4337
4289
4334
4331
4326
4533
4297
4330
4287
4351
4288
4330
4328
4294
4335
4334
4327
4286
4327
4328
4328
4534
4324
4555
4295
4327
4538
4332
4555
4322
4340
4370
4328
4551
4310
4336
4324
4321
4566
4330
4346
4352
4554
4329
4334
4298
4555
4296
4281
4330
4325
4555
4339
4336
4335
4566
4306
4330
4292
4550
4298
4326
4328
4561
4338
4330
4533
4302
4557
4334
4330
4334
4561
4333
4353
4332
4294
4558
4287
4290
4330
4322
4566
4343
4333
4332
4359
4281
4288
4334
4562
4288
4290
4299
4555
4288
4285
4283
4567
4332
4346
4337
4558
4339
4338
4305
4346
4524
4296
4296
4569
4340
4333
4297
4562
4298
4284
4283
4556
4286
4285
4282
4281
4354
4328
4285
4284
4562
4288
4283
4324
4286
4558
4338
4334
4290
4526
4495
4289
4282
4296
4544
4335
4327
4339
4553
4300
4284
4284
4330
4561
4327
4326
4338
4367
4295
4287
4280
4557
4283
4333
4326
4562
4297
4284
4288
4337
4334
4330
4331
4343
4560
4336
4347
4289
4344
4535
4286
4323
4560
4332
4292
4284
4561
4287
4514
4286
4283
4502
4331
4333
4332
4564
4288
4286
4286
4551
4289
4512
4340
4327
4325
4563
4324
4305
4326
4558
4330
4325
4338
4565
4335
4328
4298
4293
4334
4335
4321
4290
4330
4335
4331
4326
4332
4322
4338
4296
4321
4561
4290
4286
4282
4327
4286
4516
4494
4295
4332
4559
4351
4330
4327
4341
4285
4280
4529
4520
4494
4345
4534
4333
4549
4333
4338
4332
4341
4333
4336
4331
4334
4542
4292
4291
4286
4281
4555
4332
4325
4332
4340
4337
4288
4345
4330
4333
4347
4330
4288
4322
4325
4329
4287
4325
4285
4329
4288
4290
4559
4286
4289
4288
4332
4283
4327
4326
4331
4552
4331
4330
4335
4568
4286
4287
4283
4328
4348
4327
4326
4555
4296
4335
4335
4288
4286
4566
4335
4331
4288
4315
4540
4323
4288
4331
4559
4326
4295
4339
4331
4353
4284
4281
4319
4341
4289
4564
4336
4337
4286
4528
4563
4287
4334
4330
4328
4502
4286
4274
4282
4331
4283
4289
4514
4327
4328
4556
4343
4327
4302
4283
4332
4516
4486
4334
4562
4339
4327
4312
4335
4336
4328
4331
4517
4555
4333
4334
4291
4552
4512
4285
4339
4566
4287
4329
4330
4553
4292
4286
4327
4529
4328
4335
4324
4331
4554
4344
4285
4286
4320
4570
4339
4338
4289
4336
4283
4331
4492
4332
4323
4560
4336
4332
4303
4285
4332
4285
4340
4329
4557
4322
4336
4330
4310
4333
4333
4354
4336
4328
4558
4338
4293
4285
4339
4285
4326
4367
4334
4561
4350
4303
4333
4333
4286
4542
4335
4329
4288
4287
4280
4330
4556
4288
4541
4300
4332
4560
4331
4328
4336
4519
4352
4288
4286
4329
4331
4560
4338
4286
4326
4287
4343
4362
4290
4333
4325
4556
4330
4330
4288
4330
4284
4326
4332
4307
4569
4292
4334
4328
4295
4347
4336
4285
4325
4331
4562
4351
4535
4335
4335
4558
4340
4353
4331
4329
4558
4322
4291
4295
4340
4330
4335
4324
4281
4560
4328
4543
4290
4329
4342
4308
4289
4287
4343
4330
4337
4339
4332
4284
4330
4332
4339
4338
4568
4334
4319
5520
4561
4351
4336
4292
4338
4290
4283
4329
4320
4558
4333
4299
4333
4291
4330
4284
4329
4334
4559
4289
4332
4337
4337
4289
4297
4283
4283
4283
4556
4330
4287
4302
4558
4287
4285
4331
4287
4556
4305
4337
4288
4280
4561
4289
4271
4510
4287
4337
4334
4338
4327
4281
4343
4326
4338
4303
4283
4333
4338
4332
4289
4285
4332
4552
4304
4336
4330
4550
4287
4335
4286
4319
4283
4326
4334
4291
4562
4287
4285
4326
4330
4285
4286
4330
4584
4327
4302
4292
4290
4282
4555
4288
4332
4327
4346
4288
4293
4358
4553
4327
4290
4326
4329
4281
4344
4291
4291
4327
4331
4286
4286
4324
4286
4293
4347
4556
4293
4286
4283
4326
4286
4282
4284
4543
4293
4286
4325
4287
4332
4287
4296
4285
4560
4335
4330
4293
4329
4334
4330
4287
4282
4327
4375
