10869
895
1215
863
1220
1043
1251
1199
843
1082
1067
841
872
842
1085
876
851
868
1345
1344
873
836
875
1332
859
850
837
1257
1180
915
833
854
856
1220
1146
1360
1309
1221
874
1245
839
843
844
904
828
873
952
1022
1200
842
1372
920
841
899
900
828
839
839
1306
831
892
1187
1381
1360
1263
1142
960
1287
869
928
834
850
1176
829
1303
1237
1239
879
1423
1264
874
863
1001
847
877
894
918
836
849
1241
882
914
891
1140
832
824
926
1153
1437
1333
834
903
1214
949
873
936
840
833
918
1154
848
1285
1260
860
860
881
1218
875
838
1243
849
913
1306
1345
921
1208
855
1324
1232
1214
829
829
1176
1348
1312
853
948
1309
1372
899
880
923
1361
1331
875
871
826
955
842
1217
1361
1248
900
898
1399
1327
838
1151
934
916
1258
1113
1351
869
845
1066
844
1326
898
1193
1442
1296
1305
1143
982
1337
927
1244
870
1256
891
1129
940
1297
929
831
1395
1111
1260
1175
822
871
916
883
1379
1232
904
1175
1331
1273
844
1178
1386
1248
981
1171
1402
1250
1288
893
941
1378
1222
842
1227
1244
1153
876
1416
1249
940
1180
1366
923
1233
1126
867
849
1090
1177
1383
1111
939
906
1372
932
1398
1136
1392
876
1321
830
1439
886
844
1236
1330
894
1117
817
946
880
1279
1112
1374
897
1275
1048
1473
876
1234
829
841
1379
1192
858
1410
868
1253
916
1412
926
856
861
1318
888
1113
1129
891
853
896
859
879
1336
1264
896
1369
1333
1218
1130
840
866
1258
845
1379
864
1419
858
875
910
962
1215
1385
1337
886
845
1406
1284
1189
875
1355
1357
950
1191
893
1319
876
1178
841
1300
1262
856
893
855
1243
1169
1407
1404
860
834
1366
873
1281
1168
853
1146
1236
1133
839
1257
1314
1194
1404
1300
1239
862
1387
908
1252
879
1312
1262
1283
837
1404
832
990
1241
1394
932
1237
851
1342
1256
1330
1129
1973
1890
1798
1755
2034
1899
1860
1986
1954
1836
1844
1768
2091
1950
1811
1755
2052
1945
1931
1773
2126
1920
1838
1865
2010
1908
1898
1737
2118
1977
1969
1871
2019
1943
2144
1813
2094
2020
2055
1961
2240
2010
2381
1974
2216
1960
2143
1982
2196
5115
4782
4361
5397
4961
5697
4228
5312
4959
4569
3908
5180
806
1258
873
1387
1264
1189
802
1371
853
1189
827
934
809
1195
866
1375
1299
1191
871
1175
861
1177
805
1406
882
1195
830
1331
1371
1236
882
940
892
811
1089
1330
836
1179
1165
1315
1271
1160
1141
831
817
904
1154
805
1195
1168
1132
1362
821
1219
806
1331
1274
1193
955
802
807
1199
1083
1335
1323
1224
1092
798
1296
1145
824
827
816
864
859
919
800
1255
814
1343
862
1249
863
810
920
1246
806
1305
1344
1249
949
1384
1276
867
1113
932
807
1207
902
1326
842
800
806
1264
844
1258
800
1338
1803
1747
1686
1967
1776
1906
1799
1309
1823
1799
1299
1815
1878
1932
1807
1900
1773
1890
1795
2056
2022
1877
1715
1935
1924
1971
1830
2043
1925
1857
1809
2126
1935
1979
1823
2129
1960
1965
1842
2020
1938
1838
1869
1979
1939
1844
1884
1987
1999
1984
1903
2160
2054
1984
1854
2158
2107
2014
1783
2280
6020
4537
4175
5250
4796
4689
5048
5232
4921
4609
4305
5266
822
1215
803
836
828
1089
854
890
1204
1144
1182
1367
877
1189
1125
1348
1249
1250
804
1283
837
1197
1111
1311
1206
1319
1102
1340
1279
1171
807
1337
1259
920
1090
1282
808
1181
1151
856
867
1177
1149
825
832
845
1101
872
1216
1238
851
904
1221
1231
800
1316
816
934
875
859
889
1200
1105
1339
1306
1205
817
881
915
857
1084
1390
1204
829
865
804
806
814
875
829
867
1372
813
853
816
1186
886
803
850
824
848
864
1185
1186
1032
1395
837
1306
806
1313
895
1255
871
855
843
1226
1190
1050
1785
1870
1659
2226
1838
1793
1650
1846
1770
1833
1695
1963
1808
1842
1723
1957
1890
1902
1746
1975
1853
1926
1757
1996
1879
1882
1803
2021
1930
1797
1767
2084
1909
1824
1758
1910
1945
1947
1826
2123
2029
1869
1738
2132
1910
1865
1693
2087
1955
2011
1897
2009
2040
2042
1834
2125
2124
2104
1990
2566
4946
4629
4113
5295
4888
4486
4256
5320
4967
4595
4216
5619
794
1173
815
924
840
935
816
1331
1221
1228
1158
1354
1250
1152
797
794
794
855
789
811
1215
813
1118
929
880
785
829
1315
822
1211
781
850
840
1228
827
1386
832
1144
1111
919
792
1343
786
841
1108
897
1065
1135
873
1229
794
834
829
885
792
1286
796
910
846
922
846
1205
776
813
773
1267
796
1340
860
790
800
1307
822
1164
890
874
813
1130
1106
1260
1291
1162
791
819
1168
1138
862
1358
1214
788
815
830
775
1171
791
1312
846
1211
1050
1336
823
1247
823
1296
912
795
813
1830
1738
1787
1641
1953
1823
1631
1667
1926
1805
1692
1152
2102
1391
1796
1680
1966
1832
1760
1693
1846
1913
1290
1190
1978
1789
1923
1747
2093
1956
1897
1778
2041
1893
1922
1793
2012
1859
1932
1839
2107
1996
1941
1770
2077
1913
1917
1768
2090
2037
2070
1647
2018
1957
1985
1882
2230
2097
2107
2144
2007
2082
2072
1955
2192
2109
2049
2000
2128
2086
2101
1896
5302
4872
4648
4544
5186
4952
4596
4119
5298
4987
4609
4151
5450
1220
1165
1162
1346
836
1226
1077
854
817
1307
1263
841
853
1184
794
877
1191
1173
821
1311
1228
1456
