8706
2730
1781
2593
2947
3048
2643
2540
2645
2695
2727
2776
2851
2896
2541
2561
2442
2664
2734
2779
2639
2941
2352
2363
2272
2476
2533
2575
2627
2682
2171
2380
2422
2470
2518
2570
2624
2667
2317
2363
2422
2473
2364
2619
2641
2671
2315
2375
2421
2466
2503
2570
2620
2671
2307
2360
2419
2466
2515
2641
2634
2662
2311
2373
2413
2465
2518
2566
2685
2692
2311
2369
2406
2473
2506
2563
2618
2661
2326
2370
2418
2458
2523
2569
2618
2667
2311
2363
2399
2513
2580
2621
2665
2684
2329
2361
2416
2461
2504
2566
2629
2661
2309
2367
2421
2458
2499
2410
2489
2672
2319
2365
2419
2468
2516
2568
2632
2676
2327
2363
2405
2467
2512
2574
2610
2659
2315
2360
2423
2460
2384
2628
2625
2677
2313
2360
2411
2459
2517
2570
2625
2677
2311
2367
2412
2320
2520
2554
2621
2677
2321
2360
2419
2458
2520
2560
2625
2730
2312
2367
2410
2458
2502
2563
2624
2665
2325
2215
2430
2464
2515
2571
2479
2671
2325
2360
2419
2456
2511
2570
2614
2676
2319
2360
2472
2472
2520
2569
2627
2511
2331
2353
2416
2465
2502
2575
2615
2663
2315
2364
2426
2459
2518
2645
2621
2682
2313
2371
2418
2474
2516
2554
2687
2670
2318
2369
2424
2470
2520
2553
2606
2667
2320
2368
2411
2466
2516
2568
2620
2668
2305
2360
2424
2480
2518
2578
2628
2668
2321
2363
2417
2454
2509
2573
2621
2665
2311
2363
2423
2471
2508
2563
2623
2662
2318
2363
2405
2465
2504
2559
2619
2655
2335
2359
2406
2464
2509
2565
2625
2670
2161
2369
2426
2471
2506
2562
2620
2676
2305
2356
2408
2458
2512
2562
2623
2665
2308
2363
2415
2457
2523
2559
2610
2667
2318
2374
2414
2468
2513
2563
2619
2678
2315
2358
2424
2472
2504
2576
2624
2677
2321
2365
2416
2460
2507
2567
2618
2672
2321
2363
2422
2463
2513
2576
2614
2680
2312
2361
2426
2463
2579
2568
2616
2663
2168
2393
2421
2469
2524
2571
2625
2662
2313
2358
2419
2473
2526
2579
2492
2670
2310
2362
2431
2464
2505
2562
2620
2661
2303
2357
2416
2452
2515
2569
2624
2663
2305
2362
2421
2458
2529
2563
2629
2680
2321
2366
2407
2467
2516
2565
2610
2668
2171
2370
2422
2310
2518
2572
2608
2667
2308
2374
2402
2469
2509
2557
2616
2670
2323
2358
2414
2465
2512
2570
2624
2671
2322
2201
2432
2462
2517
2429
2621
2672
2318
2358
2419
2470
2520
2559
2695
2682
2309
2368
2415
2466
2493
2565
2619
2663
2313
2374
2418
2463
2522
2564
2633
2665
2308
2366
2412
2502
2515
2559
2618
2675
2321
2371
2410
2464
2528
2571
2624
2684
2306
2351
2472
2468
2523
2409
2623
2673
2316
2374
2401
2460
2516
2566
2619
2672
2309
2352
2416
2459
2530
2552
2620
2661
2306
2360
2402
2324
2513
2616
2620
2679
2306
2367
2416
2458
2518
2564
2629
2666
2303
2374
2425
2466
2512
2569
2626
2679
2310
2372
2301
2464
2510
2565
2617
2666
2315
2379
2409
2464
2515
2558
2621
2659
2324
2377
2417
2485
2525
2578
2623
2664
2315
2375
2409
2462
2507
2557
2622
2667
2326
2354
2412
2463
2517
2569
2610
2669
2305
2363
2418
2460
2515
2571
2610
2729
2309
2355
2417
2490
2522
2567
2624
2672
2304
2370
2421
2468
2524
2562
2625
2675
2312
2352
2412
2457
2520
2577
2610
2662
2313
2358
2409
2455
2516
2563
2621
2659
2312
2412
2405
2463
2516
2565
2609
2667
2328
2364
2414
2480
2530
2561
2607
2663
2324
2361
2475
2452
2514
2555
2611
2673
2313
2354
2418
2472
2523
2561
2632
2535
2312
2378
2421
2468
2517
2577
2623
2665
2321
2359
2419
2470
2512
2412
2624
2666
2311
2230
2421
2471
2520
2555
2604
2672
2316
2368
2421
2462
2509
2558
2620
2527
2311
2361
2420
2471
2515
2560
2616
2670
2319
2372
2403
2457
2370
2572
2626
2657
2322
2363
2412
2462
2516
2573
2622
2674
2313
2356
2405
2468
2523
2571
2631
2685
2314
2361
2418
2453
2514
2569
2482
2675
2312
2370
2412
2465
2360
2579
2614
2661
2313
2371
2416
2457
2521
2593
2615
2659
2308
2363
2408
2468
2518
2572
2622
2676
2376
2382
2426
2465
2508
2579
2623
2667
2306
2365
2430
2456
2506
2564
2621
2661
2315
2366
2407
2464
2505
2560
2607
2659
2320
2358
2426
2456
2514
2573
2609
2672
2318
2213
2428
2465
2512
2564
2624
2655
2309
2355
2409
2466
2514
2566
2614
2661
2303
2359
2405
2457
2521
2576
2616
2667
2377
2367
2254
2454
2515
2562
2642
2664
2322
2434
2420
2461
2520
2566
2627
2671
2318
2362
2421
2471
2504
2565
2622
2681
2174
2356
2428
2477
2523
2553
2611
2677
2320
2357
2407
2461
2500
2561
2616
2667
2318
2353
2411
2458
2513
2564
2637
2682
2312
2362
2423
2462
2520
2556
2616
2656
2316
2370
2410
2460
2519
2563
2615
2670
2319
2377
2429
2467
2518
2563
2611
2663
2314
2354
2412
2468
2509
2575
2678
2687
2311
2218
2462
2315
2365
2428
2652
2662
2320
2357
2416
2466
2515
2568
2623
2666
2320
2367
2420
2464
2518
2582
2614
2674
2316
2353
2424
2458
2526
2554
2617
2673
2311
2420
2422
2467
2508
2572
2626
2676
2313
2361
2420
2455
2514
2560
2616
2675
2314
2369
2424
2460
2507
2572
2621
2661
2319
2353
2412
2460
2516
2425
2621
2678
2306
2369
2416
2469
2499
2574
2613
2682
2327
2371
2413
2473
2515
2418
2622
2665
2319
2370
2408
2448
2519
2579
2493
2691
2311
2383
2414
2306
2510
2557
2625
2670
2160
2422
2410
2457
2518
2579
2622
2662
2317
2370
2415
2467
2512
2632
2620
2676
2322
2364
2413
2454
2513
2568
2625
2670
2313
2372
2406
2301
2524
2570
2619
2678
2305
2351
2415
2475
2512
2562
2609
2675
2307
2199
2407
2474
2510
2558
2624
2667
2169
2380
2421
2467
2502
2577
2613
2663
2307
2369
2496
