9796
2023
2315
2908
2750
3274
2618
3255
2551
3494
2684
2288
3471
2582
3575
2670
3245
2789
3317
2485
3458
2589
3133
2419
2854
2503
2926
2201
3066
2309
3171
2378
2751
2512
2940
2207
3026
2342
3154
2397
2848
2477
2943
2197
3044
2277
3128
2403
2843
2535
2846
2192
3016
2286
3163
2435
2814
2532
2825
2219
3038
2328
3117
2393
2820
2486
2913
2162
2965
2290
3119
2409
2848
2499
2919
2177
3038
2329
3165
2377
2825
2531
2926
2190
3063
2313
3136
2382
2848
2512
2942
2196
2973
2914
3162
2206
2509
2587
2371
2270
3317
2317
3264
2408
2519
2945
2595
2432
2918
2284
2855
2666
2977
2492
2851
2182
3031
2281
3100
2374
2842
2483
2934
2231
3080
2265
3250
2374
2830
2496
2919
2219
2946
2295
3059
2419
2837
2516
2938
2176
3138
2895
3249
2378
2848
2490
2954
2180
3034
2274
3134
3135
2241
3074
2373
2786
2446
2866
2536
2981
2228
3081
2361
2784
2480
2909
2568
2995
2231
3105
2383
2759
2437
2870
2540
2996
2260
3075
2334
2727
2489
2884
2548
2964
2221
3113
2373
2785
2448
2876
2537
3005
2217
3085
2354
2779
2465
2883
2538
2984
2228
3090
2348
2810
2509
2864
2558
2871
2262
3079
2332
2788
2481
2866
2551
2968
2227
3078
2377
2799
2481
2869
2541
2992
2264
3087
2330
2808
2483
2881
2594
2867
2300
3123
2376
2837
2474
2846
2552
2885
2285
2784
2390
2509
2517
2603
2597
2720
2268
2989
2364
2797
2495
2884
2545
2951
2233
3096
2347
2728
2438
2870
2528
2997
2233
3213
2353
2766
2438
2879
2535
2958
2227
3088
2320
2782
2436
2871
2537
2981
2278
3069
2369
2793
2456
2877
2584
2980
2240
3107
2151
2766
2432
2804
2542
3010
2241
3045
2322
2783
2475
2879
2563
2956
2273
3073
2330
2537
2909
2085
3126
2378
2835
2476
2924
2190
2962
2273
3128
2373
2758
2477
2909
2181
2753
2277
3134
2391
2828
2486
2918
2176
2937
2275
3126
2389
2844
2533
2940
2204
2915
2310
3135
2375
2884
2495
2930
2183
2953
2288
3146
2396
2778
2497
2934
2182
3019
2282
3145
2377
2845
2489
2931
2171
2697
2280
3119
2425
2839
2486
2923
2219
3045
2269
3151
2385
2834
2485
2922
2182
3021
2319
3132
2383
2824
2492
2936
2191
2946
2314
3154
2391
2816
2482
2927
2200
3046
2271
3146
2428
2823
2513
2910
2187
2971
2274
3163
2372
2815
2522
2948
2188
2689
2281
3148
2381
2831
2477
2911
2178
2975
2308
3145
2401
2845
2546
2934
2169
3044
2279
3058
2406
2817
2496
2949
2217
2921
2304
3162
2406
2808
2489
2941
2172
3034
2280
3058
2411
2825
2486
2914
2195
3034
2280
3122
2366
2848
2528
2937
2178
2732
2286
3143
2388
2831
2540
2923
2197
3038
2307
3125
2430
2801
2521
2930
2210
3033
2310
3203
2375
2837
2485
2909
2174
3029
2291
3156
2422
2841
2485
2929
2213
2726
2286
3154
2411
2769
2526
2834
2186
2962
2268
3132
2378
2824
2498
2943
2177
2677
2326
3051
2407
2833
2486
2941
2187
3037
2295
3142
2417
2830
2481
2925
2202
2913
2287
3059
2379
2842
2509
2933
2188
2741
2266
3139
2405
2823
2485
2908
2189
3032
2282
3112
2390
2837
2484
2927
2188
3050
2268
3129
2425
2843
2484
2929
2178
2675
2293
3153
2382
2852
2483
2899
2175
3012
2276
3139
2378
2812
2535
2928
2199
2964
2281
3128
2378
2771
2521
2943
2182
2659
2275
3137
2382
2865
2491
2925
2182
3042
2277
3138
2374
2806
2540
2848
2222
2972
2276
3130
2388
2823
2476
2921
2189
2681
2319
3134
2390
2831
2493
2940
2215
3042
2283
3129
2392
2800
2481
2914
2184
3012
2281
3137
2376
2822
2487
2943
2184
2984
2278
3161
2381
2841
2479
2922
2210
3048
2303
3148
2400
2819
2513
2920
2193
2952
2317
3127
2377
2821
2488
2929
2187
3046
2282
3168
2378
2842
2485
2946
2171
2963
2283
3142
2371
2765
2509
2951
2218
3042
2313
3140
2386
2824
2483
2934
2177
2657
2319
3122
2400
2845
2487
2921
2221
2961
2284
3130
2384
2833
2515
2928
2190
2916
2334
3148
2367
2816
2554
2916
2204
2737
2301
3131
2391
2824
2486
2837
2183
2698
2289
3138
2414
2809
2506
2940
2170
2970
2281
3132
2366
2843
2526
2944
2183
2709
2283
3133
2416
2863
2524
2935
2203
3045
2341
3047
2426
2829
2503
2934
2182
2975
2280
3124
2429
2817
2491
2938
2191
3023
2321
3131
2366
2838
2490
2946
2240
3043
2276
3130
2408
2811
2515
3054
2202
3024
2329
3125
2395
2838
2520
2941
2183
3020
2276
3144
2400
2847
2493
2919
2219
3054
2273
3152
2444
2829
2479
2938
2175
3043
2301
3126
2393
2830
2491
2925
2181
2944
2272
3173
2384
2846
2522
2939
2213
3003
2319
3166
2401
2799
2495
2938
2209
3027
2309
3112
2408
2858
2511
2940
2205
2911
2304
3135
2414
2824
2525
2910
2205
2938
2273
3132
2420
2811
2511
2934
2219
3044
2313
3140
2383
2865
2523
2946
2193
3040
2277
3143
2414
2846
2500
2940
2224
3061
2279
3045
2419
2834
2508
2922
2190
3019
2332
3150
2392
2835
2514
2921
2185
2944
2281
3138
2414
2830
2498
2942
2167
3020
2288
3158
2370
2774
2492
2941
2186
2950
2258
3042
2422
2850
2492
2925
2210
2940
2302
3126
2392
2830
2512
2930
2202
3020
2278
3130
2383
2816
2521
2940
2186
2948
2286
3149
2413
2829
2511
2946
2191
2659
2272
3129
2426
2844
2496
2910
2203
3013
2291
3066
2387
2818
2526
2925
2213
3122
2279
3157
2379
2830
2485
2930
2176
2668
2325
3134
2369
2833
2505
2955
2177
2938
2278
3135
2376
2767
2538
2898
2183
3036
2283
3051
2384
2835
2487
2932
2189
3038
2284
3147
2382
2841
2479
2927
2209
3046
2285
3141
2374
2776
2473
2931
2184
2955
2298
3126
2411
2855
2530
2841
2185
2684
2306
3139
2406
2824
2498
2901
2208
3030
2281
3116
2389
2666
