10144
4642
4696
5120
4825
4714
5030
5156
4797
4268
4369
4482
4164
4266
4369
4459
3976
4285
4353
4253
4152
4251
4350
4479
4154
4257
4356
4467
4155
4253
4355
4459
4151
4248
4358
4459
3981
4256
4365
4471
4157
4252
4348
4455
4150
4254
4358
4441
4153
4248
4355
4455
4151
4257
4359
4453
4153
4253
4360
4461
4159
4252
4358
4456
4141
4259
4359
4458
3968
4252
4358
4453
4152
4253
4355
4452
4137
4255
4349
4445
4149
4255
4349
4454
4144
4253
4181
4475
4156
4247
4357
4450
4141
4254
4360
4459
4152
4248
4359
4452
4152
4251
4359
4460
4155
4239
4336
4449
4152
4252
4161
4468
4154
4255
4356
4455
4150
4240
4357
4452
4151
4259
4360
4452
4147
4257
4350
4462
4156
4254
4360
4463
4151
4252
4359
4456
4144
4247
4353
4458
4149
4253
4358
4455
4155
4250
4364
4456
4148
4254
4413
4463
4157
4246
4401
4269
3960
4258
4361
4460
4158
4252
4357
4450
4157
4253
4356
4294
4164
4246
4358
4445
4151
4251
4357
4463
4154
4255
4360
4450
4149
4253
4185
4479
3950
4248
4213
4446
4148
4251
4352
4450
4159
4258
4165
4463
4151
4244
4358
4443
4150
4311
4360
4457
4144
4253
4358
4463
4158
4091
4370
4463
4151
4255
4348
4453
4148
4255
4138
4459
4154
4256
4353
4454
4152
4260
4354
4455
4146
4256
4349
4454
4184
4295
4358
4451
4154
4259
4351
4461
4148
4257
4356
4467
4158
4075
4357
4458
4146
4253
4352
4455
4153
4256
4194
4457
4169
4260
4358
4465
4148
4253
4354
4455
4152
4247
4173
4461
4144
4247
4354
4446
4159
4249
4356
4464
4156
4256
4353
4458
4162
4249
4352
4457
4158
4255
4363
4455
4149
4252
4361
4460
4156
4251
4362
4462
4148
4258
4358
4462
4151
4246
4352
4449
4157
4086
4356
4453
4148
4249
4351
4460
4155
4254
4352
4456
4149
4251
4357
4458
4147
4247
4159
4455
4159
4318
4154
4463
4148
4250
4354
4457
3944
4256
4333
4457
4154
4251
4360
4456
4146
4255
4360
4455
4158
4251
4351
4457
3972
4256
4360
4456
4157
4043
4424
4456
3957
4259
4352
4457
4159
4258
4209
4463
4148
4255
4359
4451
4153
4252
4358
4466
4158
4241
4346
4454
3949
4255
4354
4457
4207
4249
4351
4459
4149
4250
4361
4467
4148
4315
4351
4459
4146
4244
4185
4485
4158
4254
4354
4458
4152
4248
4362
4272
4158
4259
4355
4465
4159
4252
4420
4469
4153
4251
4357
4452
4152
4247
4362
4456
4155
4252
4363
4462
4157
4258
4338
4456
4184
4254
4349
4507
4149
4252
4359
4457
4157
4251
4352
4460
4149
4254
4356
4462
3956
4250
4357
4458
4150
4250
4360
4463
4147
4255
4358
4453
3954
4253
4363
4463
4146
4250
4352
4457
4153
4254
4353
4450
4152
4254
4186
4465
4150
4262
4368
4479
4165
4258
4376
4468
4154
4248
4361
4452
4138
4248
4352
4455
4152
4254
4352
4459
4161
4253
4359
4448
4153
4255
4349
4454
4157
4256
4360
4461
4158
4255
4357
4459
4147
4253
4354
4450
4154
4272
4360
4454
4150
4256
4353
4459
4155
4250
4337
4462
4159
4082
4355
4455
4148
4249
4358
4463
4144
4256
4353
4459
4156
4248
4352
4451
4147
4249
4188
4457
4158
4253
4359
4469
4159
4257
4352
4454
4154
4250
4363
4456
4156
4318
4358
4456
4156
4252
4356
4463
4148
4249
4365
4453
4157
4251
4356
4453
4151
4248
4353
4463
3978
4252
4370
4464
4144
4249
4361
4456
4153
4253
4362
4458
4153
4248
4349
4460
4143
4251
4357
4456
3980
4277
4150
4457
4147
4249
4361
4453
4153
4251
4357
4455
4152
4253
4352
4452
4153
4252
4149
4462
3987
4279
4365
4457
4162
4248
4349
4462
4150
4254
4363
4288
3992
4252
4352
4453
4151
4245
4360
4443
3956
4252
4364
4464
4151
4254
4356
4454
4150
4256
4345
4451
4161
4252
4355
4501
4158
4242
4356
4455
4153
4253
4168
4463
4154
4258
4360
4451
4146
4084
4356
4460
4156
4253
4362
4459
4151
4248
4364
4453
4154
4259
4363
4447
4149
4258
4358
4452
4146
4254
4187
4461
4155
4255
4362
4453
4155
4260
4407
4275
3949
4252
4365
4454
4146
4259
4355
4462
4151
4253
4177
4457
3954
4264
4358
4462
4155
4253
4359
4456
4149
4252
4398
4262
4156
4250
4356
4452
4157
4256
4350
4457
4146
4250
4362
4454
4151
4251
4357
4453
4142
4249
4361
4459
4161
4250
4354
4466
4147
4247
4360
4450
4154
4253
4355
4456
4153
4252
4402
4262
4150
4236
4428
4455
4147
4066
4355
4457
4164
4257
4370
4458
4147
4259
4350
4463
3958
4254
4353
4458
4127
4252
4363
4459
4182
4058
4385
4461
4155
4256
4353
4461
4143
4255
4353
4459
4150
4260
4356
4527
4157
4244
4352
4456
4154
4255
4360
4445
3982
4281
4357
4456
4148
4247
4353
4452
4147
4253
4349
4464
4157
4248
4361
4455
4151
4259
4352
4459
4155
4258
4429
4458
4153
4256
4429
4464
4155
4248
4349
4452
4154
4251
4372
4458
4154
4256
4357
4458
4147
4249
4357
4453
4159
4245
4144
4453
4146
4255
4355
4454
4153
4255
4353
4523
4156
4253
4348
4447
4162
4249
4356
4454
4160
4236
4353
4449
4157
4256
4352
4464
4152
4247
4349
4464
4142
4250
4356
4464
4156
4249
4355
4450
3984
4291
4362
4459
4156
4255
4352
4454
4156
4253
4355
4458
4147
4257
4355
4450
4162
4254
4355
4458
4154
4247
4365
4475
4148
4248
4358
4462
4159
4251
4354
4441
4154
4256
4355
4458
4163
4253
4360
4459
4152
4263
4350
4457
4145
4254
4353
4455
4152
4257
4347
4453
4148
4250
4350
4464
4149
4043
4357
4457
4150
4252
4353
4265
4149
4258
4439
4460
4155
4250
4353
4457
3985
4277
4367
4461
4151
4255
4356
4455
4146
4255
4362
4459
4152
4255
4185
4455
4154
4253
4357
4460
4151
4098
4354
4264
4196
4253
4358
4457
4155
4257
4353
4458
4150
4249
4355
4458
4154
4257
4347
4471
4305
