10111
541
485
587
496
560
493
484
638
470
498
475
498
566
647
477
728
719
747
455
470
475
479
741
477
910
645
479
473
480
720
714
705
717
710
716
481
468
473
478
474
497
497
745
486
736
445
494
481
515
515
502
749
508
768
712
494
551
568
530
507
737
520
521
505
721
819
480
742
501
490
491
526
578
496
497
757
494
581
700
531
733
502
493
587
521
529
501
497
514
496
525
473
666
494
708
508
517
595
819
513
511
765
723
505
492
492
498
529
745
720
730
505
525
505
613
763
704
515
487
692
511
742
794
757
535
527
757
739
736
608
485
495
488
478
482
490
481
781
513
657
519
522
515
769
511
500
491
761
601
746
792
510
514
507
647
494
741
729
717
524
518
543
512
549
535
517
503
754
771
732
495
483
515
491
511
743
710
482
494
510
517
498
497
453
696
768
484
500
755
520
601
640
711
1022
485
492
654
769
503
518
516
623
513
745
531
776
760
757
566
773
472
513
773
489
721
523
609
759
691
506
536
514
593
478
482
894
537
743
670
496
565
529
520
752
740
495
561
514
486
500
563
516
524
756
528
718
492
743
506
483
491
788
472
788
522
762
818
536
473
831
741
493
493
474
503
722
726
577
512
598
747
478
865
499
736
744
640
717
504
516
763
601
500
727
492
471
718
536
508
751
535
755
535
586
503
513
476
559
755
479
498
743
573
502
721
748
729
506
506
764
511
559
526
505
756
503
503
503
784
513
505
531
619
517
521
494
531
779
752
707
720
544
530
746
522
508
530
521
526
709
479
774
493
494
497
617
517
519
758
551
515
517
745
529
517
764
485
2884
2868
2967
2881
2735
2561
2739
2926
2980
3013
2996
3070
2963
2658
2715
2761
2844
3380
2835
2936
2769
2807
2812
2904
2899
2995
2885
2983
3017
2930
2666
2922
2843
2805
2598
3003
3028
2951
3057
2994
2996
2871
2992
2975
2897
2818
2915
2631
2926
2812
2954
3056
3070
2986
2900
2904
2995
3120
2861
2692
3001
3148
3138
3100
3078
3135
3157
3059
3025
3067
2951
3057
3030
2911
3029
3105
3146
3038
3038
2989
3089
2621
2977
3043
3050
3105
2948
2488
3027
2996
3091
3028
2942
2909
2675
3120
2840
2848
3115
3101
2721
3120
3098
3222
2916
2915
2953
3065
3090
2725
3013
2706
3017
3047
3047
3032
2930
2998
3091
2908
2793
3105
3079
3156
3204
3162
3066
3078
3078
3238
3190
3199
2752
3235
2858
3246
3049
3200
3073
2936
3097
3253
3126
3222
3176
3178
3267
3059
3253
3014
2924
3704
2971
2955
2989
2928
3245
3066
3398
3162
3265
3327
3365
3288
2871
3107
3303
3249
3311
3393
3700
3342
3145
3463
3225
3308
3409
3457
3210
3368
3325
3415
3085
3393
3447
3326
3378
3361
3261
3465
3313
3191
2827
3240
3499
3532
3419
3489
3414
3422
3210
3346
3439
3356
3412
2910
3212
3480
3266
3369
3492
3482
3035
3428
3066
3579
3447
3408
3488
3300
3471
3521
3436
3440
3524
3420
3337
3524
3520
3450
6872
6404
6474
6495
6547
6514
6539
6512
6312
6346
6400
6319
6369
3153
2891
2593
2934
3172
3131
3089
3103
3112
3077
2792
3140
3196
3117
3123
3064
2887
2826
3064
3112
2770
2941
2909
2971
2818
2981
2559
2955
3010
3184
2981
3068
3186
2910
3196
2987
3116
3167
2731
3115
3117
3045
2978
2934
3085
3192
3113
3223
2901
3059
3170
3062
3071
3124
3164
2573
3025
3137
3155
3184
2908
3128
3150
3197
3175
3182
3203
3112
2777
3206
2990
3101
3062
3246
2970
3046
3150
3119
3163
3196
2849
2634
2647
3049
3007
3053
3194
3051
3153
3208
3187
3020
3238
3176
3200
2837
3191
2789
3118
3168
3318
3174
3245
3088
2897
3005
3061
3264
3311
3243
3363
3494
3300
3536
3397
3280
3416
3163
3293
3404
3374
3348
3403
3382
3454
3436
3539
3419
3428
3358
3444
3263
3379
3393
3392
3081
3272
3265
3341
3289
3137
3366
3338
3388
3458
3457
3463
3318
3112
3305
3549
3388
3438
3211
3394
3385
3290
3252
3503
3396
3486
3497
3455
3380
3242
3374
3399
3502
3523
3513
3490
3285
3403
3532
3497
3488
3355
3458
3410
6457
6465
6473
6436
6473
6513
6482
6122
6453
6391
6315
6486
4516
3231
2891
3120
3172
3256
3275
3242
3195
3036
3199
3207
3136
3123
3162
2998
2966
3192
3158
3125
3101
2650
3106
3095
3108
3179
3070
3203
3217
3227
3253
3199
2775
2941
3730
2620
3157
3115
3081
3244
3127
3212
2979
3063
2959
2996
3098
3032
2537
2972
3123
3033
3164
3059
3022
2816
3089
2973
3051
2986
2899
2970
3006
2746
2924
2987
2930
3172
3077
3188
3140
3183
3101
3206
2683
3026
3099
3118
3113
3241
2776
3124
3192
2943
3101
2630
3005
3085
3250
3060
3110
3030
2958
3141
3206
3156
3226
3216
3089
3111
2671
3074
3095
3163
3080
3090
3187
3207
3404
3193
3357
3395
3284
2984
2975
3350
3234
3452
3387
3282
3390
3417
3337
3390
3406
3157
3015
3344
3366
3282
3212
3325
3373
3388
3332
3391
3271
3149
3159
3273
3378
3420
3305
3424
3014
3497
3425
3336
3368
3537
3546
3334
3319
3251
3224
3327
3187
3011
3416
3423
3553
3356
3410
3452
3413
3563
3267
3184
6160
6549
6560
6571
5991
6490
6405
6378
6371
6529
6477
6500
3212
3035
3160
3147
3124
3000
2633
3099
3135
3131
2941
3276
3154
3254
3099
3063
3093
3119
2658
2842
3168
3059
2899
3118
2928
3048
3021
3156
2359
