6617
920
778
1006
1120
1002
1498
973
1016
1486
1022
1147
1014
1011
1017
1000
1202
1459
1334
1150
1422
1044
1458
1333
1002
1010
1014
1020
1017
1003
1022
996
1012
1006
1028
1015
980
1018
1500
1378
1023
1515
1013
1146
1381
1077
1432
1354
1237
1030
1020
1020
1481
1033
1518
982
1135
1351
1145
1289
1419
1104
994
996
1024
986
995
988
1433
1237
1021
1324
1225
1478
1110
1120
1097
1176
983
965
1233
1024
1006
1000
1010
983
1526
1397
1253
1021
1009
1199
1477
1133
1099
1101
1121
1491
1016
996
1008
1255
1021
980
1008
1503
1292
1009
1439
1287
1554
989
1201
1421
1050
1172
1096
990
1127
1049
974
1002
1016
1023
1021
1007
1000
1398
1017
1044
1003
1085
1362
1106
1120
1315
962
1007
995
1005
1015
985
1002
1053
1020
1502
995
1004
967
987
1504
965
991
1005
1009
1019
1003
1014
1025
1392
1013
1500
1024
1020
996
1217
1001
972
1002
1494
1022
1025
1006
1009
1001
999
1023
1021
1008
988
1381
1019
990
1376
1000
1444
1017
1146
1006
951
1486
1389
992
987
1006
1142
1372
1009
986
973
991
1502
1006
1148
995
1318
1005
1400
1031
988
1266
995
1023
1259
979
1388
1017
1456
998
985
1417
1281
1497
977
1021
1002
1023
1147
998
1189
1008
987
1198
1010
1006
1277
983
1014
974
1395
996
986
994
996
999
1011
1016
1375
1017
1428
1002
1027
969
1002
990
1366
1255
1011
1324
1157
1423
1018
1016
975
1005
1002
1033
991
1000
1031
1001
974
1005
989
1267
978
1020
1275
1558
982
997
1027
1004
1008
1010
1018
1011
1006
1021
1432
1028
1152
1036
1284
1018
993
1238
1020
1026
1010
998
1274
1443
961
994
1073
1135
1001
1442
1004
996
963
994
1517
1346
1017
1010
1022
1008
1001
1021
1030
1024
1018
996
1002
993
984
1156
966
1021
1168
992
1013
1011
993
1011
1001
1003
1004
969
1013
1525
987
1013
980
1357
1171
1364
1061
1030
1394
1010
1007
1018
1005
1000
1023
990
1388
986
1010
1299
993
994
979
996
1335
998
1024
1016
1015
1014
980
1000
976
1002
1458
1029
993
978
1023
1462
971
1206
1002
1023
1130
1014
988
1023
972
1020
1016
1006
1013
1446
1250
1558
981
1230
1075
1293
994
987
1290
1010
1334
1006
1007
1014
1018
993
1004
981
1404
999
1439
998
994
1443
998
1490
1003
986
997
1018
1000
1001
1230
1020
1388
1012
1495
1017
999
977
1304
992
1324
1003
1019
991
1017
1013
983
1015
979
1024
1015
1022
1093
1009
996
1468
984
1003
999
1322
1021
1010
1017
989
996
1206
1015
1016
1014
1452
1009
986
989
1000
999
1286
997
1435
1035
1022
1401
983
1011
1014
1019
994
1028
996
984
989
1407
1018
996
1004
983
1006
1384
1027
1012
1013
1137
1026
1013
1002
1394
1207
965
1055
1125
1471
1226
1021
1372
999
1004
1024
1011
1003
999
1024
987
1028
992
1022
1024
1005
980
992
1391
1001
1411
1027
995
1019
1015
1021
974
1013
1015
1008
1017
1439
1018
1547
987
1204
1413
1014
1000
999
1227
1011
980
1023
1000
1012
1017
993
1005
993
990
998
990
965
996
1364
1004
1548
1388
1000
1011
1010
996
1009
1005
1023
989
1010
996
1010
992
981
989
1017
1378
1177
1079
1019
1004
1017
998
1017
1384
1020
1488
1024
1008
1445
1018
982
1411
994
1015
988
1017
1003
1018
1015
1005
1014
1463
1014
1021
996
1014
1023
1380
1017
1500
1018
996
1014
999
1023
997
997
1008
1284
1016
999
1019
1080
992
1002
985
1340
1006
1387
1297
974
998
1002
1014
1005
1009
1013
1018
992
981
997
987
1001
987
982
1288
1018
1391
1184
1504
1023
1022
1022
1238
1016
1388
1003
986
1018
1009
990
1022
998
1404
999
998
1334
995
1379
1009
1017
973
1017
1010
992
994
1011
1018
1497
1423
1014
1005
1329
1108
978
987
1071
988
1002
1008
1015
1013
1017
1022
991
974
1018
1007
1255
985
995
991
1007
1326
1003
1013
1023
989
1018
1007
1016
989
1013
997
1001
995
974
998
1508
970
1001
1007
1015
1010
1008
995
1021
988
1022
1002
1031
1004
981
1019
973
959
990
976
1288
1073
1020
1021
1009
1327
990
1003
1017
987
1374
994
1564
1010
1154
993
971
1141
1006
1040
1013
1386
1017
999
1304
1008
989
1014
997
1320
1026
1505
1015
988
1376
985
1556
1383
1006
1017
1003
1010
1017
1011
1011
1381
1024
1505
1024
1007
1008
1233
1008
956
985
988
1334
1013
1397
1002
1000
984
1018
1022
1018
1005
989
1009
989
1384
1006
1004
1015
1127
1015
1026
1016
989
1172
1019
1014
1018
1002
1238
996
1287
1002
993
1018
1161
1005
1006
1016
984
1008
984
999
1019
1411
1010
1001
983
1000
1018
1003
998
1460
997
1478
971
999
995
1010
1144
1023
1017
1024
995
1209
1016
1018
983
1451
1261
1000
1380
988
997
1013
1011
1013
989
1028
1332
1021
994
1090
1022
1389
1012
1541
980
981
1437
1022
998
1017
1019
1015
984
1012
1017
1016
1158
1015
1283
1028
1390
1024
998
1269
1218
1457
984
1011
979
1017
1016
1019
1008
1008
1013
1015
1386
1010
1439
1008
996
994
999
1483
1388
1012
1012
998
1013
1021
998
1017
972
1022
982
1015
989
970
1233
1016
975
1251
1464
1261
1023
1003
1003
1022
1344
1020
1019
1019
1002
1370
1021
987
1358
994
1427
1350
1280
1451
1017
1511
986
1013
1003
1014
1154
1018
1031
1474
978
997
996
998
1019
1002
1210
1015
990
1018
978
1261
1002
1021
1014
1003
1320
1013
979
1003
1119
1351
962
969
974
1097
