8279
2450
1503
2412
2198
2612
2417
2605
2233
2613
2360
2551
2377
2611
2373
2630
2372
2568
2389
2573
2376
2548
2378
2575
2352
2566
2375
2577
2359
2618
2078
2273
2081
2277
2121
2271
2064
2136
2108
2290
2067
2269
2100
2264
2056
2290
2071
2288
2065
2298
2058
2267
2071
2259
2126
2302
2068
2312
2101
2261
2066
2255
2065
2279
2114
2278
2063
2312
2056
2311
2099
2274
2070
2267
2085
2277
2073
2262
2069
2267
2048
2300
2067
2306
2054
2259
2061
2281
2073
2282
2119
2251
2055
2264
1968
2263
2066
2297
2061
2299
2057
2284
2083
2268
2062
2289
2108
2258
2075
2301
2090
2270
2084
2263
2071
2257
1907
2265
2098
2252
2050
2259
2062
2251
1945
2150
2079
2264
2063
2142
2093
2134
2077
2262
2077
2265
2092
2271
1968
2279
2056
2278
2077
2274
2080
2302
2093
2265
2056
2273
2053
2263
2092
2288
2077
2281
2061
2272
2093
2303
2069
2272
2112
2277
2046
2261
2077
2264
2072
2317
2063
2300
2089
2252
2081
2267
2093
2270
2100
2270
2079
2303
2082
2262
2094
2271
2081
2274
2061
2263
2072
2276
2102
2263
2129
2262
2060
2270
2081
2272
2064
2310
2124
2273
2055
2259
2100
2267
2073
2270
2061
2308
2070
2279
2095
2296
2070
2260
2082
2305
2048
2258
2072
2254
2102
2284
2084
2259
2052
2275
2065
2308
2087
2267
2087
2271
2072
2255
2074
2271
2068
2266
2075
2276
2060
2263
2066
2272
2063
2261
2055
2309
2069
2265
2113
2256
2084
2278
2089
2311
2077
2277
2084
2276
2070
2288
2089
2271
2073
2269
2092
2320
2094
2298
2104
2320
2048
2269
2107
2267
2063
2260
2126
2281
2077
2284
2095
2257
2066
2272
2085
2305
2055
2312
2140
2290
2060
2258
2101
2276
2071
2312
2076
2299
2111
2307
2091
2276
2060
2321
2097
2293
2084
2301
2105
2256
2065
2291
2081
2277
2072
2265
2097
2274
2070
2320
2094
2262
2071
2280
2099
2274
2047
2320
2093
2319
2078
2288
2093
2266
2055
2284
2140
2266
2072
2309
2103
2317
2072
2284
2102
2266
2089
2306
2119
2299
2065
2310
2106
2312
2080
2277
2077
2274
2065
2282
2100
2254
2050
2280
2078
2267
2068
2292
2104
2301
2083
2261
2102
2267
2079
2249
2077
2264
2104
2276
2144
2278
2090
2286
2079
2259
2073
2320
2112
2305
2069
2300
2108
2258
2058
2270
2086
2265
2056
2259
2129
2270
2062
2280
2074
2273
2058
2281
2087
2295
2091
2153
2123
2292
2052
2295
2126
2294
2080
2264
2074
2267
2064
2287
2111
2310
2080
2282
2115
2289
2065
2308
2101
2306
2094
2311
2115
2260
2058
2254
2099
2261
2110
2285
2098
2270
2058
2259
2084
2254
2062
2316
2108
2315
2056
2276
2086
2253
2068
2246
2114
2288
2090
2287
2106
2302
2078
2308
2098
2316
2084
2296
2069
2283
2078
2269
2126
2306
2065
2273
2123
2276
2064
2277
2098
2301
2057
2275
2101
2260
2062
2271
2100
2312
2044
2256
2123
2268
2059
2283
2122
2275
2063
2277
2121
2310
2103
2280
2084
2269
2060
2314
2107
2323
2088
2290
2123
2283
2057
2302
2098
2319
2083
2273
2128
2271
2073
2265
2077
2269
2058
2278
2087
2311
2051
2291
2089
2257
2068
2273
2092
2276
2059
2297
2098
2273
2072
2311
2117
2292
2050
2270
2112
2287
2052
2120
2104
2279
2063
2311
2109
2264
2096
2281
2114
2295
2055
2290
2114
2307
2099
2293
2066
2289
2069
2310
2108
2304
2084
2270
2094
2275
2062
2249
2087
2271
2091
2282
2112
2276
2063
2284
2096
2279
2066
2265
2087
2307
2062
2261
2058
2268
2116
2296
2104
2264
2054
2288
2079
2276
2052
2310
2116
2261
2062
2272
2119
2293
2072
2274
2101
2302
2063
2260
2112
2259
2103
2281
2139
2300
2060
2266
2092
2251
2060
2270
2068
2320
2065
2280
2090
2260
2067
2267
2088
2277
2059
2270
2075
2293
2069
2282
2097
2268
2067
2268
2075
2258
2107
2300
2121
2278
2069
2301
2111
2293
2075
2275
2121
2285
2062
2259
2049
2272
2077
2314
2100
2301
2051
2272
2073
2279
2097
2273
2113
2255
2068
2262
2083
2267
2073
2316
2098
2265
2056
2273
2080
2272
2116
2112
2130
2281
2074
2288
2098
2253
2058
2305
2109
2316
2072
2284
2107
2272
2120
2304
2093
2254
2062
2297
2124
2280
2086
2283
2106
2267
2064
2263
2107
2279
2128
2305
2109
2265
2056
2312
2105
2304
2084
2269
2114
2294
2063
2300
2080
2259
2074
2316
2100
2263
2077
2290
2134
2279
2067
2270
2094
2269
2073
2256
2077
2273
2051
2294
2085
2316
2055
2269
2095
2259
2062
2256
2108
2152
2059
2282
2132
2283
2057
2299
2094
2271
2075
2284
2101
2251
2102
2289
2098
2258
2080
2282
2097
2272
2046
2265
2092
2260
2057
2272
2088
2322
2076
2285
2093
2261
2061
2261
2080
2268
2075
2274
2101
2251
2061
2303
2099
2259
2070
2265
2085
2252
2060
2287
2096
2262
2061
2260
2098
2278
2047
2266
2119
2258
2075
2278
2059
2283
2078
2265
2073
2272
2115
2135
2136
2281
2059
2323
2100
2305
2088
2275
2110
2265
2063
2294
2100
2285
2067
2293
2097
2262
2059
2309
2104
2306
2093
2276
2099
2268
2060
2268
2086
2266
2106
2288
2093
2285
2067
2271
2094
2270
2064
2315
2102
2323
2056
2279
2088
2264
2054
2258
2088
2264
2099
2304
2111
2258
2064
2323
2101
2307
2064
2261
2077
2264
2077
2266
2071
2273
2093
2301
2094
2255
2067
2307
2102
2318
2051
2280
2099
2266
2098
2294
2108
2294
2066
2324
2107
2279
2083
2279
2096
2266
2057
2260
2098
2261
2091
2291
2113
2297
2066
2280
2101
2280
2057
2318
2118
2283
2054
2275
2097
2256
2065
2266
2089
2260
2060
2244
2090
2296
2107
2304
2265
2277
2075
2305
2107
2261
2054
2322
2121
2303
2066
2287
2097
2263
2109
2281
2092
2298
2067
2273
2083
2312
2078
2286
2098
2313
2050
2301
2064
2291
2193
