15870
11792
10644
11014
10854
10756
10901
10356
10249
10156
10022
10301
10213
10130
10034
10309
10212
10131
10027
10314
10210
10121
10020
10309
10212
10120
10024
10322
10651
10141
10227
10314
10418
10321
10028
10311
10226
10118
10041
10311
10220
10120
10234
10314
10226
10116
10036
10307
10243
10125
10023
10318
10218
10123
10038
10320
10227
10127
10020
10590
10233
10124
10037
10316
10227
10128
10040
10336
10217
10124
10030
10310
10235
10125
10030
10292
10221
10108
10021
10299
10220
10127
10032
10314
10244
10116
10039
10320
10460
10126
10052
10301
10227
10119
10048
10320
10235
10112
10010
10302
10229
10123
10026
10326
10242
10135
10032
10331
10221
10135
10028
10313
10220
10138
10033
10310
10228
10121
10033
10324
10231
10121
10035
10315
10230
10126
10040
10339
10226
10108
10035
10321
10236
10115
10011
10319
10208
10121
10034
10309
10227
10114
10002
10307
10239
10127
10043
10319
10221
10117
10049
10310
10234
10110
10267
10312
10450
10119
10037
10275
10453
10119
10025
10325
10241
10117
10009
10319
10248
10110
10037
10308
10226
10134
10032
10310
10226
10131
10017
10321
10203
10124
10026
10330
10232
10124
10028
10321
10238
10114
10056
10341
10266
10346
10017
10325
10207
10128
10252
10325
10238
10122
10026
10318
10205
10121
10021
10317
10224
10182
10037
10315
10231
10130
10031
10315
10221
10107
10038
10318
10237
10119
10020
10322
10229
10116
10258
10330
10222
10115
10029
10313
10222
10121
10045
10310
10225
10115
10025
10320
10236
10114
10029
10304
10221
10122
10035
10333
10220
10107
10035
10314
10219
10115
10025
10321
10239
10116
10045
10320
10211
10112
10033
10301
10231
10134
10025
10318
10225
10102
10014
10324
10233
10125
10029
10316
10220
10135
10033
10318
10220
10127
10022
10323
10224
10126
10039
10304
10203
10138
10467
10308
10207
10128
10010
10316
10231
10143
10039
10315
10204
10126
10023
10321
10226
10132
10036
10316
10213
10141
10028
10327
10228
10121
10028
10315
10231
10120
10026
10312
10214
10128
10050
10325
10233
10123
10018
10312
10215
10137
10010
10307
10219
10099
10039
10316
10219
10114
10007
10329
10233
10131
10013
10327
10229
10120
10032
10318
10240
10126
10023
10319
10231
10120
10036
10324
10214
10132
10028
10332
10220
10128
10028
10317
10225
10118
10018
10313
10204
10114
10039
10307
10217
10134
10027
10306
10213
10123
10023
10313
10261
10140
10048
10340
10250
10129
10028
10324
10225
10126
10062
10345
10270
10133
10038
10330
10222
10106
10022
10336
10244
10141
10064
10320
10203
10143
10061
10312
10240
10151
10063
10340
10256
10146
10059
10338
10245
10142
10019
10361
10248
10158
10039
10349
10263
10178
10044
10339
10235
10119
10072
10339
10250
10146
10066
10345
10258
10136
10015
10349
10230
10136
10064
10327
10255
10150
10058
10339
10241
10161
10052
10318
10244
10153
10048
10565
10209
10118
10075
10347
10236
10104
10298
10342
10246
10124
10054
10343
10232
10147
10064
10341
10231
10118
10041
10349
10242
10117
10058
10343
10221
10123
10054
10350
10251
10145
10040
10344
10258
10150
10053
10346
10257
10132
10034
10321
10236
10133
10060
10341
10229
10175
10063
10344
10253
10137
10047
10338
10234
10146
10057
10347
10228
10148
10112
10307
10262
10142
10036
10345
10255
10135
10055
10340
10270
10131
10012
10330
10206
10151
10054
10338
10245
10144
10055
10572
10212
10138
10036
10548
10209
10157
10051
10307
10206
10129
10018
10346
10252
10157
10053
10338
10234
10133
10053
10341
10237
10179
10057
10325
10219
10133
10054
10303
10235
10109
10023
10341
10232
10129
10017
10331
10237
10152
10066
10331
10200
10143
10090
10314
10267
10137
10030
10343
10249
10153
10064
10307
10238
10148
10072
10346
10246
10131
10026
10343
10229
10150
10059
10316
10253
10124
10065
10326
10250
10135
10068
10351
10257
10141
10028
10333
10217
10118
10029
10311
10222
10129
10031
10318
10221
10113
10041
10346
10218
10126
10050
10299
10220
10123
10039
10298
10210
10105
10026
10299
10212
10120
10031
10326
10216
10134
10013
10323
10232
10121
10043
10315
10241
10123
10030
10322
10224
10106
10034
10329
10234
10116
10029
10325
10226
10146
10033
10324
10224
10121
10016
10309
10224
10112
10038
10316
10208
10107
10019
10323
10228
10130
10029
10337
10230
10135
10047
10303
10208
10132
10020
10319
10220
10131
10033
10316
10218
10113
10040
10317
10217
10117
10054
10335
10225
10110
10039
10328
10228
10123
10005
10313
10229
10119
10037
10344
10210
10113
10031
10325
10238
10149
10043
10297
10244
10126
10026
10317
10211
10126
10004
10321
10226
10122
10034
10325
10212
10133
10010
10323
10216
10114
10041
10329
10234
10140
10028
10308
10223
10115
9993
10318
10225
10120
10025
10318
10225
10348
10030
10331
10228
10135
10052
10325
10227
10096
10030
10313
10229
10138
10033
10311
10225
10135
10031
10322
10222
10130
10031
10313
10221
10133
10014
10294
10219
10120
10005
10311
10234
10106
10057
10320
10210
10121
10029
10328
10223
10116
9991
10316
10207
10110
10001
10307
10223
10126
10022
10321
10235
10114
10040
10333
10205
10123
10024
10295
10214
10109
10040
10318
10213
10116
10023
10336
10222
10113
10028
10325
10230
10120
10029
10309
10211
10112
10035
10305
10221
10121
10022
10316
10219
10111
10018
10324
10219
10122
10031
10324
10236
10126
10037
10309
10237
10130
10012
10317
10250
10143
10021
10325
10234
10119
10025
10303
10241
10133
10018
10316
10246
10123
10007
10317
10219
10114
10019
10310
10222
10116
10021
10299
10215
10144
10060
10311
10204
10123
10036
10316
10221
10123
10033
10316
10207
10111
10033
10310
10224
10123
10043
10314
10234
10109
10023
10320
10247
10123
10020
10333
10214
10111
10041
10557
10241
10125
10067
10293
10230
10115
10026
10317
10245
10128
10027
10309
10462
10118
10035
10329
10216
10121
10045
10321
10214
10110
10026
10327
10225
10128
10021
10326
10215
10362
10025
10308
10210
10130
10032
10309
10231
10106
10034
10311
10237
10132
10088
10343
10221
10130
10025
10332
10209
10116
10042
10317
10232
10134
10018
10563
10223
10139
10082
10330
10214
10128
10028
10320
10269
10112
10036
10541
10230
10139
10040
10305
10232
10136
10263
10330
10235
10113
10038
10335
10220
10122
10020
10331
10247
10139
10006
10305
10237
10129
10046
10323
10194
