10534
751
749
757
805
735
731
977
1127
783
1057
1443
805
1144
737
1037
1114
738
872
1174
1113
890
732
788
782
1029
784
1187
832
867
765
756
735
1135
751
1589
1024
742
1039
1146
1258
793
1083
1071
1070
1131
1210
1112
1032
1141
784
1202
754
1030
723
748
1072
1081
1029
714
1051
725
730
1175
1113
1073
1102
1154
816
1207
1111
735
731
794
797
1100
1040
1151
1078
1164
1149
1066
721
1104
1377
1172
982
717
1128
1176
1063
1022
1081
1148
745
1188
1278
1082
1096
1043
1186
1125
1094
1100
1032
1086
1142
1146
750
779
830
1100
775
1086
1083
1171
1147
1099
1099
816
799
1074
1134
831
1069
1269
823
1293
945
1097
1192
1138
1114
1125
1040
1262
1302
1143
1146
1131
1135
1068
779
816
1145
1035
1300
1503
1116
718
1239
1087
1279
1518
1184
1256
1519
1112
777
1119
1328
1113
1166
1216
1124
1061
1118
1243
1264
1534
938
1016
1060
1172
1021
1117
1188
1074
1187
1141
1289
1055
1144
818
1138
776
809
1092
1067
1142
1082
1281
985
1097
1172
753
757
1040
1265
1073
1106
1058
1099
1083
1252
1017
1516
1025
1117
1006
1169
1292
1180
1227
1252
1154
1034
1071
822
785
1136
1081
1072
780
1302
1122
1207
1102
1140
1135
804
816
836
791
1141
748
719
851
1098
733
1127
1041
1093
1098
1083
1136
1121
1051
1128
1078
731
812
1120
817
856
1151
1170
1542
1164
1183
1144
1079
879
722
1205
1269
1083
866
1179
1124
1087
1060
1248
763
758
1118
1320
1042
1214
758
1220
1140
1098
1195
1059
852
834
1304
1100
1083
777
1086
775
1274
1170
1163
1112
1254
1225
735
1129
1098
1088
1077
794
797
1078
1086
1070
1092
1261
1171
1062
1170
1131
796
783
744
1088
1102
1111
1147
1155
1063
1193
795
1119
1200
898
1104
1132
764
1282
1120
728
1066
1155
1132
1097
1504
1577
835
1003
1160
878
1048
1070
1168
1187
972
1520
1528
1180
1532
1216
1047
1138
1217
1112
1058
1216
1128
1182
1156
1098
1100
1148
1136
1146
1037
853
757
1181
1375
1170
1285
1316
1178
1116
1093
1172
1092
1304
1066
768
1122
809
813
812
1082
1115
1122
1495
767
815
1072
4492
3896
4459
4294
4428
4387
4420
4345
4465
4372
4208
4080
4084
4084
3761
4125
4277
4109
4176
4182
4225
4155
4207
4079
4137
4066
3840
3947
4054
4075
4086
3971
4116
4075
1714
1627
1680
1738
1456
1041
1720
1756
1714
1629
1762
1588
1778
1671
1757
1603
1613
1038
1676
1732
1755
1698
1801
2382
1787
1040
1722
1667
1228
1841
1890
1785
1719
1764
1727
2194
1782
1761
1797
1716
1562
1883
1775
1754
1737
1624
1727
1926
1695
1751
1815
1667
1790
2207
1776
1578
1717
1588
1222
1720
1690
1617
1768
1783
1809
2336
1798
1785
1759
1663
1878
2182
1744
1758
1799
1755
1722
2201
1804
1750
1542
1696
1820
1531
1732
1645
1708
1616
1754
1749
1754
1655
1329
1103
1698
1721
1743
1691
1857
1794
1747
1781
1788
1682
1648
1723
1757
1658
4771
4482
4631
4768
4816
4744
4786
4666
4812
4567
4706
4113
4375
4357
4603
4398
4644
4264
4647
4522
4514
4477
4591
4495
3837
4331
4491
4461
4539
4296
4502
4387
4449
4291
4472
4417
4179
3972
4274
4242
4320
4244
4371
4182
4326
4221
4290
4153
3739
4022
4184
4084
4131
4193
4239
4098
4217
4091
4270
4110
1762
1851
1721
1721
1802
1774
1802
1846
1723
1622
1691
1766
1823
1730
1443
1474
1617
1712
1770
1658
1857
1737
1833
1822
1592
1722
1810
1727
1114
1654
1722
1712
1874
1678
1664
1766
1832
1730
1578
1541
1849
1650
1899
1757
1829
1769
1797
1770
1763
1737
1903
1048
1796
1852
1890
1684
1855
1765
1917
1772
1870
1697
1840
1720
1035
1036
1823
1728
1755
1833
1692
1739
1889
1728
1816
1126
1686
1685
1593
1765
1872
1812
1889
1808
1888
1805
1767
1720
1170
1651
1779
1868
1607
1708
1875
1564
1892
1636
1782
1790
1778
1543
1836
1792
1777
1783
1886
1765
4823
4632
4782
4703
4634
4658
4166
4645
4792
4692
4808
4565
4614
4502
4532
4485
4565
4285
4580
4473
4011
4470
4537
4201
4389
4400
4515
4341
4462
4369
4507
4328
4450
4369
3849
4077
4218
4186
4169
4222
4171
4244
4296
4132
4285
4212
4264
3775
4094
4111
4234
4165
4244
5032
4225
4086
4222
4106
4225
4182
1030
1712
1942
1736
1902
1837
1893
1849
1890
1754
1815
1831
1808
1739
1147
1745
1832
1732
1799
1740
1726
1867
1950
1660
1650
1808
1639
1684
1782
1778
1915
1739
1803
1770
1830
1770
1862
1813
1902
1857
1526
1776
1792
1808
1861
1766
1916
1741
1798
1632
1831
1817
1720
1726
1831
1733
1799
1829
1902
1794
1793
1747
1826
1731
1827
1734
1860
1805
1896
1635
1887
1821
1868
1812
1898
1857
1908
1866
1779
1810
1896
1590
1744
1749
1803
1728
1883
1775
1029
1733
1862
1545
1863
1805
1874
1777
1796
1769
1838
1835
1852
1760
1746
1803
1941
1705
1926
1809
5467
4654
4783
4985
4821
3958
4751
4709
4732
4654
4863
4536
4496
4450
4504
4481
4698
4505
4581
4238
4464
4399
4439
4396
4435
4350
4448
4372
4390
4406
4528
4394
4305
4332
4520
4162
4270
4257
4331
4227
4372
4074
4322
4187
4219
4128
3933
4089
4194
4146
4133
4083
4232
4168
4274
4111
4214
4169
4096
4053
1798
1878
1914
1829
1887
1827
1790
1750
1837
1800
1473
1569
1776
1808
1724
1798
1881
1819
1894
1854
1858
1755
1847
1292
1592
1601
1824
1715
1782
1808
1715
1855
1651
1745
1825
1859
1230
1732
1876
1778
1802
1762
1873
1788
1776
1749
1843
1742
1940
1728
1865
1759
1786
1795
1849
1782
1805
1747
1887
1253
1805
1800
1568
1768
1672
1614
2036
