13767
7098
6322
6107
6017
5928
5810
6065
5981
5897
5812
6101
5972
5866
5810
6115
5968
5912
5821
6112
6018
5900
5818
6084
6001
5907
5834
6106
6011
5906
5816
6098
5990
5895
5838
6101
5998
6362
5807
6136
6233
5918
5826
6088
6001
5924
6071
6099
6006
5914
5814
6108
6005
5902
5809
6152
5999
5894
5815
6383
5997
5915
5819
6339
5999
5879
5813
6112
5999
5900
5809
6112
6010
5908
5815
6079
5995
5907
5810
6088
6000
5881
5812
6091
6011
5915
5812
6111
6001
5923
5809
6093
6002
5915
5798
6101
5997
5905
5819
6102
6012
5903
5810
6107
6008
5923
5808
6097
6005
5875
5825
6101
6013
5882
5811
6094
6007
5918
5805
6095
6004
5909
5810
6090
6008
5903
5817
6094
6017
5918
5825
6097
6000
5896
6042
6106
5999
5904
5802
6102
5993
5910
5809
6097
6001
6130
5804
6097
6000
5898
5810
6101
5995
5898
5806
6095
6004
5894
5805
6092
6000
5905
5813
6096
6008
5927
5806
6122
6011
5915
5820
6092
5997
5909
5829
6088
6016
5908
5809
6098
5997
5906
5802
6101
6007
5905
5820
6084
5997
5911
5810
6099
6004
5917
5798
6108
6006
5914
5812
6107
6017
5911
5799
6335
5999
5907
5813
6094
6000
5917
5822
6099
6002
5914
5807
6094
6026
5902
5826
6105
6006
5905
5811
6091
6009
5919
5808
6092
6023
5905
5838
6104
6013
5947
5810
6094
6009
6142
5806
6098
6005
5888
5809
6102
5998
5910
5819
6117
5997
5899
5810
6092
6020
5907
5822
6105
6012
5913
5807
6110
6002
5875
5806
6096
5992
5905
5823
6113
5985
5909
5802
6098
5998
5908
5804
6117
6005
5903
5817
6105
6000
5916
5815
6091
5999
5941
5846
6124
6046
5929
5830
6126
6012
5942
5833
6109
6002
5942
5829
6140
6013
5908
5835
6118
6015
5928
5808
6119
6029
5939
5802
6101
6037
5933
5828
6122
6024
5928
5850
6087
6038
5893
5809
6127
6025
5931
5836
6112
6006
5926
5838
6098
6033
5894
5835
6121
6035
5901
5823
6124
6031
5897
5829
6119
6028
5904
5826
6146
5999
5901
5808
6114
6023
5917
5804
6126
6025
5931
5839
6126
6022
5900
5858
6129
6064
5954
5808
6090
6035
5930
5811
6094
6016
5926
5824
6135
6029
5929
5810
6106
6001
5925
5829
6138
5995
5925
5840
6125
6007
5943
5807
6125
6000
5934
5805
6116
5994
5917
5857
6127
6026
5915
5813
6090
6017
5902
5807
6090
6010
5921
5866
6119
6003
5938
5824
6130
6026
5933
5814
6111
6002
5908
5795
6124
6027
5915
5803
6093
6040
5937
5830
6110
6040
5903
5821
6116
6045
5943
5796
6096
6023
5923
5818
6083
6035
5931
5830
6131
5998
5928
5828
6113
6002
5929
5855
6123
6005
5892
5841
6121
6014
5941
5858
6110
6017
5903
5843
6134
6018
5935
5806
6120
6015
5897
5840
6119
6043
5931
5835
6120
5994
5903
5825
6126
5992
5945
5805
6111
6031
5941
5794
6104
6029
5937
5827
6143
6028
5929
5810
6108
6004
5897
5845
6109
6025
5940
5845
6112
6008
5929
5847
6115
6018
5907
5832
6120
6015
5906
5826
6121
6028
5925
5805
6113
6029
5903
5841
6124
6011
5946
5800
6111
5998
5944
5825
6120
6018
5930
5801
6105
6039
5934
5853
6106
6255
5943
5834
6123
6036
5928
5798
6122
5999
5927
5808
6119
6033
5915
5802
6138
6036
5948
5795
6092
6011
5926
5827
6128
6012
5899
5814
6106
6002
5891
5815
6096
6011
5905
5807
6104
6017
5905
5798
6095
6009
5914
5817
6099
6009
5921
5807
6106
5997
5909
5825
6098
5995
5899
5806
6093
5989
5883
5820
6100
6004
5921
5809
6109
5987
5916
5806
6109
6001
5898
5788
6110
6021
5916
5802
6102
6008
5922
5820
6116
6234
5904
5810
6092
6014
5905
5812
6102
5990
5878
5818
6103
6016
5907
5814
6097
5993
5905
5824
6110
6001
5909
5800
6106
5999
5916
5804
6104
6001
5922
5807
6104
6018
5903
5808
6099
6019
5914
5803
6090
6006
5913
5814
6114
6002
5913
5825
6337
5983
5905
5808
6073
6015
5912
5803
6103
6009
5889
5814
6109
5998
5917
5802
6107
6005
5915
5816
6097
5992
5910
5823
6111
6005
5922
5811
6114
5995
5908
5811
6328
5996
5897
5813
6093
6007
5915
5806
6096
6014
5921
5806
6117
6005
5910
5813
6113
6004
5910
5807
6094
6004
5902
5820
6106
5982
5904
5772
6109
5994
5898
5815
6102
6022
5929
5803
6104
6004
5902
5821
6107
5999
5914
5826
6115
6011
5902
5809
6115
6014
5898
5797
6111
6008
5924
5796
6100
6005
5898
5815
6078
6007
5907
5809
6103
6002
5924
5808
6088
6015
5908
5805
6071
6005
5915
5800
6088
5974
5897
5813
6085
6009
5912
5805
6091
6019
5889
5811
6095
6004
5915
5781
6090
6006
5908
5813
6097
6013
5902
5818
6096
6006
5897
5803
6101
6002
5904
5802
6103
6006
5907
5813
6089
6018
5907
5818
6095
6010
5900
5816
6089
6021
5910
5795
6092
6007
5919
5807
6090
6007
5929
5809
6117
6002
5898
5813
6095
5998
5912
5800
6096
6003
5897
5802
6079
6004
5923
5807
6121
5987
5902
5807
6100
6000
5903
5808
6094
5984
5903
5825
6100
5992
5899
5807
6106
6243
5900
5798
6088
5992
5918
5819
6088
5995
5907
5805
6100
6003
5911
5819
6096
6003
5895
5818
6093
6013
5901
5804
6107
5995
5885
5817
6095
6010
5892
5804
6096
6006
5918
5795
6095
5993
5902
5805
6100
6003
5898
5805
6094
6010
5899
5805
6084
6001
5909
5823
6098
6001
5904
5813
6094
6009
5905
5812
6111
6001
5900
5807
6084
6007
5902
5827
6090
5991
5901
5810
6087
6018
5898
5807
6090
6007
5905
5838
6088
6007
5895
5809
6100
5997
5907
5802
6106
5996
5901
5814
6099
6003
5905
5826
6108
6001
5899
5798
6121
5993
5909
5795
6103
6015
5920
5802
6096
6005
5904
5792
6091
5989
5896
5803
6114
5991
5904
5800
6086
6010
5911
5818
6104
5992
5911
5809
6095
6001
5903
5819
6123
5972
