7182
2182
923
1377
1761
1753
1871
1849
1864
1716
1731
1900
1887
1891
1873
1752
1759
1713
1748
1886
1740
1739
1729
1879
1725
1836
1714
1885
1893
1877
1761
1873
1781
1571
1683
1613
1670
1771
1664
1813
1604
1651
1818
1577
1617
1800
1609
1766
1618
1565
1610
1541
1600
1752
1631
1593
1760
1733
1782
1674
1598
1545
1560
1363
1538
1532
1545
1549
1442
1552
1534
1546
1535
1520
1540
1534
1544
1529
1556
1563
1563
1518
1565
1541
1518
1528
1533
1560
1326
1523
1536
1570
1617
1549
1570
1572
1544
1543
1554
1555
1521
1545
1523
1529
1554
1523
1330
1545
1552
1547
1546
1323
1278
1538
1533
1549
1553
1540
1553
1540
1543
1516
1554
1533
1543
1523
1542
1552
1551
1518
1556
1562
1577
1575
1502
1521
1363
1534
1534
1533
1540
1541
1532
1553
1554
1518
1310
1552
1560
1551
1550
1561
1548
1537
1537
1556
1525
1551
1546
1574
1545
1536
1524
1307
1600
1515
1568
1559
1561
1539
1572
1369
1522
1539
1547
1551
1543
1522
1562
1325
1331
1323
1556
1520
1549
1539
1564
1555
1563
1517
1545
1548
1540
1524
1547
1549
1321
1545
1547
1556
1532
1525
1541
1526
1555
1581
1547
1561
1557
1521
1529
1600
1536
1552
1542
1543
1537
1280
1556
1512
1547
1552
1562
1557
1579
1521
1545
1538
1539
1529
1581
1529
1626
1536
1544
1534
1537
1564
1564
1563
1556
1526
1498
1434
1576
1515
1308
1560
1535
1521
1550
1357
1540
1557
1310
1535
1552
1517
1597
1566
1541
1562
1537
1530
1556
1519
1565
1545
1558
1544
1314
1337
1526
1519
1567
1541
1542
1557
1609
1542
1534
1531
1539
1527
1530
1547
1558
1547
1537
1507
1538
1552
1536
1546
1554
1547
1556
1519
1557
1554
1550
1540
1554
1538
1559
1515
1538
1559
1535
1536
1566
1581
1551
1540
1560
1558
1533
1536
1547
1542
1543
1724
1577
1762
1757
1646
1650
1550
1592
1700
1588
1567
1577
1637
1522
1707
1691
1544
1572
1633
1568
1571
1565
1565
1766
1536
1636
1586
1610
1556
1587
1562
1704
1562
1570
1553
1566
1563
1560
1574
1556
1560
1652
1555
1631
1546
1568
1558
1566
1534
1557
1557
1542
1561
1531
1589
1549
1534
1526
1545
1546
1536
1569
1545
1559
1520
1566
1553
1554
1551
1536
1556
1560
1532
1567
1561
1539
1544
1549
1549
1555
1533
1582
1575
1582
1564
1559
1542
1560
1535
1559
1560
1575
1554
1554
1575
1543
1533
1559
1550
1569
1566
1538
1575
1562
1529
1548
1548
1559
1540
1571
1570
1597
1528
1320
1431
1535
1576
1555
1560
1577
1532
1565
1551
1566
1563
1564
1545
1563
1531
1564
1545
1564
1529
1564
1585
1541
1527
1577
1562
1556
1557
1538
1543
1556
1544
1583
1536
1554
1545
1566
1597
1568
1553
1557
1560
1562
1548
1564
1542
1529
1520
1576
1548
1524
1553
1617
1540
1535
1516
1554
1558
1570
1555
1566
1566
1528
1537
1542
1539
1539
1576
1567
1565
1577
1536
1583
1533
1562
1566
1590
1572
1549
1554
1540
1553
1538
1550
1556
1556
1555
1543
1556
1533
1549
1539
1583
1564
1560
1541
1562
1561
1553
1560
1531
1562
1570
1536
1614
1571
1550
1562
1570
1541
1541
1529
1575
1528
1589
1543
1561
1551
1544
1520
1542
1574
1571
1554
1558
1553
1592
1307
1565
1549
1564
1581
1554
1566
1563
1526
1544
1549
1557
1571
1563
1537
1602
1538
1551
1565
1553
1593
1584
1561
1582
1518
1566
1551
1554
1556
1566
1575
1580
1341
1535
1537
1532
1538
1554
1573
1566
1382
1598
1550
1546
1547
1546
1540
1554
1523
1596
1670
1579
1748
1575
1558
1569
1546
1624
1577
1775
1584
1601
1572
1558
1538
1584
1566
1580
1581
1631
1630
1564
1532
1590
1567
1581
1571
1593
1571
1549
1543
1724
1543
1575
1538
1588
1594
1645
1603
1550
1615
1553
1582
1562
1592
1560
1541
1569
1582
1728
1598
1577
1564
1592
1558
1582
1568
1559
1539
1609
1578
1576
1573
1575
1593
1625
1576
1552
1577
1545
1557
1558
1570
1563
1563
1640
1562
1564
1555
1562
1565
1578
1571
1573
1565
1564
1547
1576
1577
1592
1574
1579
1713
1595
1675
1610
1566
1578
1566
1582
1579
1579
1540
1544
1585
1558
1570
1580
1556
1564
1549
1720
1552
1776
1558
1577
1570
1607
1551
1584
1557
1560
1558
1572
1594
1562
1541
1587
1568
1576
1588
1567
1574
1567
1545
1587
1561
1563
1555
1548
1544
1567
1543
1592
1728
1572
1558
1563
1632
1680
1548
1569
1578
1572
1580
1601
1564
1557
1546
1583
1549
1569
1565
1649
1570
1562
1540
1568
1558
1575
1588
1566
1588
1559
1540
1559
1562
1588
1580
1543
1570
1658
1538
1725
1563
1555
1579
1562
1583
1574
1528
1583
1577
1553
1572
1686
1574
1576
1550
1578
1565
1577
1694
1653
1629
1565
1542
1592
1552
1564
1655
1560
1572
1542
1535
1686
1588
1639
1585
1653
1755
1640
1622
1573
1566
1588
1581
1583
1594
1654
1549
1573
1554
1577
1766
1558
1715
1562
1544
1570
1645
1563
1581
1600
1594
1572
1544
1555
1561
1564
1646
1638
1569
1724
1551
1638
1559
1551
1553
1553
1573
1547
1545
1556
1557
1538
1549
1535
1553
1493
1531
1545
1493
1562
1531
1351
1427
1496
1526
1578
1568
1552
1535
1539
1522
1560
1533
1522
1575
1571
1578
1592
1550
1543
1535
1545
1565
1544
1572
1590
1557
1479
1513
1549
1543
1561
1548
1563
1569
1560
1536
1584
1582
1562
1553
1562
1555
1561
1534
1547
1554
1557
1540
1573
1537
1582
1531
1576
1533
1587
1562
1524
1579
1578
1544
1563
1564
1559
1550
1552
1540
1571
1526
1569
1555
1545
1536
1540
1575
1553
1525
1571
1551
1554
1557
1530
1558
1544
1546
1541
1567
1579
1554
1545
1514
1563
1532
1545
1567
1546
1577
1548
1551
1531
1530
1549
1537
1575
1550
1553
1532
1484
1358
1549
1518
1542
1536
1572
1572
1571
