11607
4395
2887
3530
3812
3819
3812
3804
3818
3614
3577
3811
3581
3798
3480
3336
3536
3584
3516
3295
3291
3536
3327
3500
3505
3519
3362
3282
3506
3505
3514
3296
3327
3297
3502
3304
3279
3340
3309
3494
3500
3545
3507
3297
3505
3262
3526
3266
3305
3297
3266
3520
3300
3291
3300
3279
3302
3497
3300
3600
3502
3507
3571
3507
3506
3297
3515
3533
3528
3792
3308
3328
3310
3501
3323
3788
3311
3524
3281
3345
3517
3387
4175
3495
3358
3524
3311
3294
3310
3283
3526
3319
4153
3299
3302
3328
3273
3289
3292
3278
3517
3503
3501
3309
4184
3518
3305
3510
3514
3332
3503
3506
4824
3314
3520
3291
3285
3300
3509
3296
3326
3290
3341
3285
3277
3516
3318
3518
3348
3344
3330
3560
3305
3276
3506
3509
3509
3267
3506
3273
3337
3273
3284
3266
3527
3280
3500
3293
3305
3347
3520
3508
3290
3576
3327
3302
3344
3296
3334
3516
3497
3512
3500
3286
3286
3502
3508
3561
3517
3288
3271
3324
3340
3312
3307
3508
3502
3501
3304
3497
3272
3286
3512
3265
3301
3286
3301
3527
3505
3511
3284
3264
3518
3292
3335
3326
3511
3500
3284
3303
3328
3326
3294
3509
3337
3344
3317
3522
3508
3515
3284
3525
3315
3562
3291
3298
3288
3500
3501
3510
3271
3304
3503
3513
3503
3505
3493
3548
3557
3280
3301
3300
3319
3291
3318
3512
3506
3512
3297
3525
3517
3513
3513
3509
3362
3278
3514
3282
3515
3495
3299
3298
3292
3329
3310
3271
3278
3505
3297
3355
3303
3508
3516
3345
3273
3292
3273
3512
3505
3510
3501
3264
3505
3502
3332
3319
3349
3345
3305
3282
3505
3303
3279
3509
3308
3304
3277
3296
3356
3314
3344
3287
3517
3344
3502
3506
3567
3506
5797
3401
3369
3342
3374
3353
3541
3351
3556
3316
3535
3497
3508
3303
3501
3309
3507
3504
3496
3270
3278
3513
3516
3556
3313
3301
3297
3334
3280
3509
3510
3337
3508
3504
3271
3335
3344
3303
3293
3284
3511
3272
3504
3269
3513
3504
3332
3260
3283
3521
3503
3337
3278
3301
3297
3520
3300
3289
3502
3306
3337
3275
3320
3518
3498
3286
3510
3294
3292
3347
3272
3359
3284
3273
3536
3531
3510
3370
3300
3296
3335
3306
3512
3513
3505
3500
3502
3292
3505
3303
3298
3275
3336
3308
3309
3507
3494
3283
3281
3269
3308
3513
3300
3309
3283
3310
3351
3505
3281
3275
3286
3524
3512
3319
3513
3563
3309
3289
3495
3502
3510
3316
3341
3298
3500
3334
3506
3506
3493
3505
3288
3308
3352
3362
3314
3521
3518
3514
3295
3514
3264
3509
3316
3341
3513
3503
3500
3546
3529
3283
3273
3506
3357
3310
3502
3502
3281
3333
3292
3302
3311
3304
3505
3310
3503
3285
3285
3339
3501
3302
3270
3331
3510
3511
3496
3494
3280
3510
3502
3509
3306
3523
3334
3518
3522
3287
3281
3280
3509
3287
3517
3500
3274
3493
3279
3285
3320
3540
3288
3500
3289
3292
3317
3312
3502
3506
3321
3287
3287
3296
3509
3276
3314
3302
3504
3507
3325
3516
3288
3302
3509
3537
3508
3276
3308
3508
3508
3514
3505
3502
3282
3501
3501
3512
3508
3309
3306
3353
3315
3299
3343
3344
3297
3296
3300
3345
3298
3295
3309
3537
3344
3294
3296
3349
3305
3308
3295
3573
3298
3302
3274
3303
3293
3355
3294
3302
3303
3300
3345
3296
3299
3315
3338
3304
3321
3326
3301
3339
3293
3313
3346
3338
3290
3350
3304
3295
3307
3348
3304
3300
3310
3293
3308
3358
3322
3374
3580
3306
3309
3365
3310
3298
3301
3294
3306
3375
3342
3293
3296
3345
3348
3343
3313
3573
3544
3570
3302
3301
3344
3304
3307
3302
3566
3289
3340
3309
3298
3341
3308
3298
3294
3357
3291
3295
3348
3308
3288
3348
3298
3297
3303
3352
3299
3301
3302
3342
3347
3298
3317
3567
3301
3307
3290
3349
3299
3541
3310
3315
3343
3300
3292
3335
3305
3342
3299
3299
3302
3350
3299
3345
3576
3301
3361
3301
3302
3302
3349
3303
3304
3297
3341
3293
3338
3301
3335
3294
3295
3347
3354
3302
3300
3304
3347
3352
3363
3294
3306
3318
3301
3303
3571
3359
3318
3310
3354
3301
3297
3308
3352
3328
3303
3306
3299
3570
3301
3302
3347
3351
3301
3352
3315
3306
3344
3301
3551
3328
3538
3328
3298
3299
3312
3347
3295
3526
3372
3305
3320
3341
3300
3297
3352
3353
3552
3500
3297
3295
3300
3350
3306
3290
3304
3350
3306
3292
3361
3529
3517
3300
3350
3346
3354
3296
3327
3330
3366
3351
3570
3547
3512
3514
3500
3511
3515
3350
3528
3508
3520
3507
3501
3515
3521
3511
3504
3509
3509
3574
3542
3302
3360
3331
3556
3523
3309
3298
3317
3304
3564
3290
3302
3292
3300
3348
3311
3302
3347
3339
3301
3300
3296
3347
3303
3301
3311
3346
3298
3329
3543
3300
3365
3301
3300
3299
3349
3293
3292
3287
3344
4277
3315
3301
3359
3299
3301
3301
3303
3536
3297
3344
3357
3295
3345
3304
3360
3306
3358
3304
3300
3302
3342
3359
3358
3353
3571
3347
3567
3359
3557
3343
3354
3348
3594
3303
3355
3345
3348
3350
3593
3356
3336
3350
3367
3313
3563
3547
3368
3357
3299
3565
3321
3359
3338
3350
3357
3556
3344
3568
3349
3356
3300
3574
3315
3343
3289
3319
3567
3347
3345
3301
3367
3312
3357
3303
3303
3287
3352
3307
3305
3296
3297
3302
3344
3338
3301
3302
3297
3301
3345
3300
3302
3295
3338
3299
3305
3304
3303
3299
3572
3302
3297
3301
3355
3297
3300
3353
3297
3302
3353
3296
3351
3302
3303
3350
3359
3298
3309
3311
3306
3353
3301
3299
3304
3348
3305
3296
3295
3344
3294
3293
3298
3323
3367
3297
3357
3549
3316
3563
3308
3350
3334
3351
3340
3301
3290
3346
3344
3370
3298
3302
3351
3301
3348
3297
3307
3344
3299
3304
3292
3596
3339
3346
3298
3340
3564
3357
3348
3305
3559
3288
3299
3292
3348
3336
3393
