6605
1070
816
1520
1354
1428
1534
1456
1449
1443
1530
1764
1373
1587
1541
1779
1489
1541
1639
1792
1440
1427
1529
1747
1328
1428
1590
1795
1480
1536
1646
1637
1326
1433
1530
1625
1361
1517
1656
1660
1349
1583
1553
1769
1328
1430
1564
1787
1440
1429
1538
1633
1326
1425
1568
1804
1333
1435
1530
1447
1382
1433
1546
1637
1326
1427
1555
1644
1329
1428
1550
1638
1330
1427
1535
1631
1322
1448
1535
1633
1322
1429
1534
1645
1326
1425
1554
1639
1326
1434
1534
1759
1334
1478
1537
1753
1332
1427
1608
1783
1376
1431
1534
1644
1338
1432
1528
1632
1324
1555
1527
1627
1437
1429
1563
1764
1386
1434
1538
1747
1333
1424
1529
1769
1377
1432
1543
1634
1321
1429
1528
1754
1330
1474
1584
1646
1445
1426
1533
1630
1322
1433
1559
1788
1337
1425
1647
1670
1355
1442
1529
1642
1337
1440
1647
1636
1327
1434
1553
1673
1328
1420
1591
1630
1329
1429
1533
1640
1360
1431
1523
1632
1321
1536
1551
1632
1325
1423
1559
1678
1322
1551
1537
1635
1337
1433
1526
1628
1361
1583
1537
1642
1382
1448
1540
1671
1330
1428
1538
1637
1324
1446
1535
1628
1317
1422
1569
1681
1335
1552
1536
1637
1335
1478
1584
1774
1448
1428
1541
1646
1346
1443
1526
1631
1331
1548
1528
1632
1354
1431
1539
1756
1441
1428
1565
1790
1324
1435
1526
1654
1336
1428
1551
1632
1318
1430
1552
1675
1327
1430
1552
1644
1325
1430
1525
1751
1335
1422
1531
1767
1331
1425
1526
1641
1336
1438
1534
1633
1327
1430
1530
1636
1336
1433
1529
1642
1337
1433
1621
1648
1333
1428
1551
1629
1327
1429
1529
1643
1453
1464
1545
1766
1373
1441
1538
1776
1443
1434
1533
1635
1336
1430
1535
1640
1446
1426
1680
1789
1409
1458
1578
1635
1332
1426
1558
1778
1383
1432
1532
1640
1331
1432
1593
1670
1444
1480
1535
1638
1371
1450
1585
1741
1321
1426
1525
1645
1330
1430
1541
1670
1332
1435
1524
1646
1462
1539
1528
1624
1324
1467
1534
1633
1334
1430
1549
1631
1332
1424
1589
1637
1322
1429
1558
1669
1329
1475
1600
1643
1323
1439
1528
1648
1340
1450
1523
1648
1328
1423
1554
1638
1319
1434
1588
1636
1335
1424
1554
1751
1332
1428
1529
1648
1447
1427
1531
1632
1339
1486
1550
1633
1333
1433
1529
1636
1327
1441
1545
1637
1437
1551
1592
1629
1321
1559
1529
1635
1337
1424
1584
1638
1323
1442
1561
1643
1327
1446
1532
1634
1325
1426
1611
1673
1334
1424
1543
1648
1356
1478
1535
1630
1351
1448
1534
1628
1322
1423
1559
1637
1328
1428
1558
1633
1326
1426
1519
1643
1336
1453
1532
1630
1349
1478
1537
1635
1342
1533
1544
1642
1381
1432
1536
1643
1334
1552
1535
1630
1322
1446
1534
1640
1335
1538
1653
1760
1326
1431
1532
1758
1332
1450
1554
1636
1359
1428
1545
1633
1331
1429
1532
1639
1337
1471
1538
1635
1326
1431
1530
1627
1337
1484
1530
1639
1337
1537
1532
1628
1436
1470
1533
1637
1335
1427
1555
1630
1321
1544
1531
1750
1452
1550
1539
1638
1320
1428
1629
1637
1330
1556
1579
1626
1348
1555
1526
1629
1350
1534
1537
1632
1330
1432
1538
1642
1397
1462
1540
1764
1454
1470
1536
1632
1321
1604
1602
1640
1337
1425
1579
1637
1328
1427
1620
1785
1444
1439
1548
1632
1340
1563
1527
1788
1323
1427
1562
1675
1328
1494
1603
1634
1332
1430
1552
1637
1328
1427
1525
1789
1317
1592
1690
1795
1384
1426
1533
1635
1329
1534
1536
1636
1328
1426
1566
1684
1358
1534
1537
1757
1333
1465
1555
1783
1444
1432
1543
1751
1321
1433
1535
1646
1441
1433
1575
1788
1376
1436
1534
1632
1320
1434
1561
1667
1319
1429
1567
1805
1332
1550
1547
1635
1332
1449
1542
1633
1323
1426
1540
1748
1376
1430
1554
1750
1435
1431
1551
1685
1334
1428
1566
1635
1346
1430
1535
1633
1347
1545
1535
1757
1381
1461
1535
1643
1442
1430
1538
1630
1320
1432
1536
1634
1329
1425
1555
1642
1332
1435
1529
1637
1342
1424
1525
1638
1324
1425
1566
1630
1352
1579
1538
1633
1332
1429
1542
1636
1321
1484
1546
1645
1333
1458
1583
1636
1397
1551
1529
1636
1337
1434
1551
1684
1339
1538
1530
1636
1329
1532
1538
1667
1437
1425
1530
1631
1335
1432
1557
1632
1374
1422
1585
1632
1321
1425
1551
1638
1324
1433
1534
1633
1327
1570
1545
1634
1318
1541
1535
1765
1445
1465
1586
1630
1337
1425
1530
1635
1480
1584
1648
1633
1334
1432
1547
1640
1323
1450
1541
1637
1378
1539
1544
1754
1372
1434
1573
1789
1459
1547
1536
1647
1376
1437
1536
1747
1441
1430
1537
1631
1323
1444
1531
1633
1330
1547
1534
1652
1374
1436
1536
1680
1441
1548
1538
1646
1379
1434
1546
1680
1327
1549
1536
1635
1320
1442
1657
1644
1323
1588
1531
1795
1334
1426
1581
1637
1322
1428
1558
1656
1319
1429
1537
1645
1348
1429
1542
1640
1335
1435
1563
1635
1327
1421
1630
1637
1316
1435
1583
1634
1323
1534
1587
1639
1326
1432
1535
1633
1321
1474
1659
1746
1331
1470
1531
1639
1440
1435
1540
1640
1324
1559
1528
1634
1328
1464
1543
1642
1377
1428
1531
1632
1334
1429
1556
1640
1323
1477
1530
1721
1350
1543
1540
1644
1326
1429
1532
1651
1330
1433
1538
1643
1340
1489
1535
1633
1342
1557
1545
1640
1379
1433
1538
1750
1334
1577
1598
1789
1461
1480
1693
1636
1323
1429
1557
1670
1324
1555
1529
1636
1330
1545
1541
1645
1349
1481
1541
1632
1356
1434
1574
1788
1376
1438
1540
1644
1342
1542
1533
1639
1321
1560
1534
1642
1356
1426
1539
1645
1339
1486
1540
1636
1350
1432
1534
1638
1386
1547
1537
1630
1352
1437
1536
1635
1322
1429
1549
1637
1331
1433
1534
1755
1336
1453
1540
1684
1512
