6313
882
684
1404
1169
1417
943
1336
1260
1293
1157
1145
1130
1300
1080
1160
1060
1299
1085
1345
1090
1295
1147
1356
1286
1495
1253
1365
1130
1143
1124
1297
1132
1350
1082
1278
1131
1299
1146
1283
1086
1149
1132
1290
1130
1142
1119
1376
1090
1420
1082
1323
1158
1325
1158
1325
1137
1281
1081
1158
1155
1287
1157
1338
1158
1284
1145
1146
1091
1345
1087
1338
1106
1330
1110
1350
1121
1282
1130
1351
1143
1322
1135
1330
1082
1294
942
1283
1139
1137
1116
1287
1136
1311
1079
1335
1082
1157
1128
1337
1137
1328
1083
1335
1083
1145
1121
1347
1157
1295
942
1292
1122
1332
1134
1286
1121
1144
1084
1486
1168
1352
1080
1339
1134
1331
1137
1294
1140
1288
1087
1282
1134
1298
1118
1329
1126
1147
1130
1284
1151
1328
1149
1283
1162
1336
1129
1350
1118
1286
942
1339
1147
1262
1094
1292
1127
1334
1144
1282
1163
1337
1196
1325
1106
1285
1158
1331
1096
1286
1142
1281
1138
1344
1077
1289
1078
1341
1081
1256
1144
1334
945
1339
1099
1283
1127
1341
1219
1280
1082
1347
1095
1284
942
1291
1133
1288
1114
1327
1079
1349
943
1285
1096
1332
1129
1296
1088
1285
1140
1295
961
1320
1144
1278
941
1284
1118
1296
1161
1324
949
1295
1119
1285
1095
1335
1138
1349
1081
1308
943
1158
1137
1323
1126
1339
1144
1335
1082
1301
1097
1268
1133
1145
1151
1299
1142
1363
1262
1276
1179
1331
1082
1323
1092
1260
1078
1337
1131
1291
1128
1308
1150
1344
1151
1350
1137
1282
1142
1301
1079
1444
1131
1343
1144
1258
1130
1337
1206
1270
1140
1338
1159
1142
1115
1338
1156
1279
1104
1344
1167
1143
1074
1345
1124
1351
1138
1354
1115
1315
1089
1336
1094
1276
933
1339
1133
1285
1091
1403
1154
1286
1057
1302
1081
1335
1158
1161
942
1320
1097
1254
1163
1320
1152
1287
1138
1288
1086
1145
1120
1281
1141
1282
1159
1284
1068
1287
1131
1282
1095
1344
1146
1329
1091
1293
934
1289
1144
1300
1151
1326
1134
1340
1127
1319
953
1342
1155
1327
1243
1340
1108
1338
1127
1332
1156
1294
1243
1291
1124
1360
1092
1333
1148
1286
1133
1335
1160
1331
1098
1146
1124
1279
1129
1268
1079
1147
1133
1342
1146
1285
1143
1446
1134
1321
1123
1306
1136
1294
1143
1320
1234
1429
1081
1291
1116
1344
1140
1355
1082
1136
937
1329
1083
1298
1141
1341
1140
1281
1137
1341
1118
1282
1054
1303
1087
1300
1098
1138
1091
1278
1089
1334
944
1291
1151
1332
938
1299
1117
1332
1126
1294
1077
1299
1153
1347
1098
1341
1140
1160
1081
1288
1134
1146
1132
1288
1135
1141
1122
1146
1102
1300
1133
1403
1086
1280
1127
1286
1156
1279
1075
1332
1143
1152
1156
1330
1151
1335
1097
1344
1147
1288
1083
1339
1105
1271
943
1145
1154
1280
936
1331
1093
1357
1084
1299
1125
1142
1138
1331
962
1286
1074
1146
1156
1275
1142
1333
1144
1154
1138
1335
1142
1320
1081
1303
943
1163
1093
1344
1131
1286
1079
1360
1124
1327
1130
1295
1147
1290
1144
1316
1124
1296
1143
1333
965
1300
1134
1152
1087
1305
1084
1328
1226
1283
1078
1155
1117
1291
1075
1408
1255
1332
1103
1341
961
1143
1131
1291
1143
1144
1105
1212
1129
1295
1005
1363
1248
1209
1059
1336
1135
1141
1110
1299
1146
1368
1086
1306
1255
1157
1130
1293
1146
1327
1142
1338
1092
1349
1120
1341
1150
1300
1134
1161
1121
1336
1128
1346
1055
1285
1120
1335
1136
1334
1118
1331
1135
1334
1162
1339
1144
1279
1088
1297
1145
1338
1144
1148
1166
1302
1142
1345
1081
1290
1140
1256
1108
1141
1132
1330
1134
1282
1116
1146
1116
1352
1133
1341
940
1289
1116
1148
1089
1294
1108
1350
1085
1141
1093
1282
1093
1156
1070
1287
1253
1264
1124
1296
1097
1339
1076
1259
1092
1334
944
1283
1125
1147
936
1335
1135
1343
1136
1347
1152
1283
1143
1286
944
1331
936
1343
1205
1283
1131
1146
1109
1286
1125
1341
1083
1303
1130
1353
943
1279
1130
1308
1083
1148
1083
1161
1130
1337
1082
1290
1137
1291
1120
1291
942
1150
1061
1283
1102
1340
1069
1450
1093
1339
1130
1292
953
1144
1077
1322
1101
1308
1149
1144
1166
1301
1138
1298
1087
1321
1119
1146
1146
1145
933
1332
1143
1157
1134
1148
1082
1263
1138
1347
1155
1329
1141
1343
1133
1352
1127
1331
1085
1262
1126
1322
1155
1159
1129
1294
1055
1147
1145
1304
1151
1139
926
1338
1081
1271
1123
1340
1139
1293
1087
1300
1081
1289
1084
1291
1087
1335
1130
1139
1077
1301
1142
1158
947
1351
1131
1300
941
1320
1110
1261
1092
1279
1124
1301
1090
1326
1087
1359
1078
1338
1133
1155
1153
1347
1160
1340
1099
1325
1154
1343
957
1139
1129
1138
1107
1280
1127
1342
1270
1355
942
1359
1079
1313
1081
1316
1083
1143
1077
1370
1090
1282
1081
1344
945
1310
942
1297
1124
1289
1144
1460
1104
1153
1141
1337
1115
1306
1114
1338
1131
1159
1141
1137
1136
1342
1128
1143
1094
1282
1096
1332
1124
1338
1124
1293
940
1356
1133
1307
1148
1300
1084
1279
1091
1300
1081
1344
1101
1146
1082
1342
1129
1275
1155
1284
1109
1298
1128
1298
1143
1308
1080
1381
1090
1292
1082
1341
1126
1338
945
1286
952
1244
1094
1161
1099
1318
1096
1336
1098
1260
1080
1364
1095
1341
1264
1330
1130
1347
1087
1355
1080
1262
942
1338
1075
1292
1080
1345
948
1336
1056
1353
1078
1273
1085
1299
1158
1329
1106
1344
1154
1288
1106
1412
1145
1291
1119
1306
1080
1285
1146
1355
1083
1136
1077
1337
1110
1292
1082
1243
967
1146
1144
1285
1150
1324
1126
1281
1129
1338
1092
1295
1132
1171
1264
1143
1127
1139
1078
1354
1203
