11930
2183
2165
2147
2340
2370
2389
2461
2142
2132
2573
2637
2454
2137
2129
2716
2647
2625
2622
2739
2593
2654
2636
2682
2492
2717
2507
2657
2597
2817
2634
2820
2556
2679
2711
2723
2620
2711
2588
2635
2624
2856
2616
2699
2785
2703
2510
2786
2586
2683
2562
2803
2700
2619
2568
2667
2563
2623
2527
2777
2547
2712
2516
2597
2673
2706
2567
2716
2664
2680
2502
2717
2680
2724
2547
2611
2498
2617
2483
2675
2466
2683
2567
2827
2512
2691
2633
2600
2474
2728
2539
2673
2748
2586
2640
2612
2530
2734
2595
2719
2586
2772
2658
2690
2536
2740
2647
2764
2676
2729
2530
2729
2495
2658
2649
2765
2474
2671
2519
2619
2690
2603
2646
2748
2637
2771
2517
2762
2575
2735
2594
2583
2524
2671
2693
2756
2696
2703
2634
2713
2581
2773
2584
2778
2591
2703
2542
2795
2515
2844
2563
2725
2565
2660
2479
2749
2609
2684
2582
2592
2657
2779
2651
2666
2573
2701
2657
2606
2590
2695
2499
2676
2597
2602
2522
2631
2493
2706
2581
2648
2484
2742
2536
2678
2606
2651
2632
2592
2691
2632
2594
2687
2679
2628
2630
2667
2491
2656
2595
2681
2557
2685
2666
2707
2571
2686
2550
2611
2637
2768
2550
2670
2615
2697
2488
2590
2630
2667
2618
2614
2621
2737
2581
2741
2584
2769
2557
2700
2593
2602
2502
2676
2720
2593
2521
2638
2537
2631
2593
2635
2587
2605
2561
2667
2712
2711
2569
2727
2590
2757
2548
2740
2540
2723
2578
2613
2564
2732
2482
2778
2608
2753
2616
2761
2686
2601
2655
2598
2500
3005
2752
2690
2634
2769
2476
2715
2780
2634
2731
2600
2705
2601
2550
2702
2587
2499
2526
2711
2521
2773
2638
2740
2672
2683
2669
2734
2482
2722
2515
2768
2428
2772
2688
2657
2683
2601
2530
2782
2565
2659
2588
2632
2511
2721
2537
2705
2684
2599
2631
2607
2529
2651
2614
2601
2674
2615
2686
2662
2591
2739
2549
2639
2554
2733
2558
2641
2810
2606
2563
2627
2521
2642
2471
2716
2477
2749
2568
2652
2758
2698
2533
2666
2537
2641
2559
2705
2489
2631
2562
2649
2558
2656
2507
2625
2511
2654
2552
2587
2527
2709
2478
2635
2728
2674
2603
2645
2555
2612
2520
2612
2503
2906
2502
2611
2563
2717
2506
2631
2547
2619
2523
2655
3216
3419
3327
3152
3286
3447
3312
3350
3333
3347
3318
3380
3321
3388
3256
3408
3225
3381
3439
3373
3371
3512
3431
3384
3490
3525
3442
3514
3413
3504
3405
3530
3457
3560
3463
3612
3510
3594
3437
3560
3492
3607
3538
3587
3519
3587
3579
3598
3586
3640
3594
3653
3539
3565
3548
3472
3583
3679
3614
3616
3652
3699
3671
3712
3573
3590
3601
3609
3885
3446
3540
3718
3719
3761
3732
3827
3691
3734
3722
3721
3738
3829
3647
3656
3614
3816
3826
3785
3743
4131
3805
3893
3795
3842
3692
3973
3767
3773
3810
3857
3844
4126
3838
3835
3798
4024
3832
3777
3600
3998
3877
3969
3811
3958
3786
3923
3849
3930
3763
3909
3832
3845
3876
3837
3809
3973
3995
4008
3768
3838
3671
3968
3918
3831
3877
3916
3620
4043
4007
3985
4006
4069
3962
3970
3975
3910
3927
4028
3980
4016
4053
4069
4005
4162
4017
4144
3909
4000
3903
4080
3990
4054
3852
3911
3920
4074
3903
3973
4008
4037
3982
4016
4015
4082
4030
3992
3915
4051
4055
4047
4087
4065
4027
4088
4078
4102
4047
4115
3882
3968
3989
3965
4016
3992
3942
4118
4031
4176
4050
4035
4021
4134
3893
3991
4024
4109
4135
4051
4088
4166
4063
4094
4065
3947
4016
3980
4073
4089
4038
4249
3990
4138
4162
4091
4119
4045
4333
4194
4147
4119
4065
4125
3965
4176
4195
4140
4113
4181
4155
4098
4152
4146
4139
4225
4159
4211
4067
4149
4087
4316
4007
4245
4123
4230
4035
4089
4236
4253
4139
4189
4175
4223
4027
4253
3955
4183
4088
4202
4075
4234
4236
4254
4177
4172
4017
4241
4080
4216
4093
4196
4202
4251
4207
4303
4235
4275
4226
4231
4209
4185
4157
4189
4131
4275
4072
4177
4181
4294
4246
4296
4203
4246
4080
4106
4227
4205
4166
4149
4230
4215
4266
4157
4193
4291
3993
4213
4207
4345
4288
4159
4220
4354
4222
4348
4314
4241
4275
4295
4266
4404
4225
4364
4343
4314
4176
4258
4277
4188
4161
4227
4273
4441
4356
4399
4291
3951
4290
4320
4340
4311
4127
4359
4240
4303
4304
4273
4223
4375
4293
4328
4289
4312
4044
4445
4323
4390
4393
4411
4350
4235
4313
4373
4328
4411
4232
4249
4352
4269
4250
4360
4292
4412
4339
4172
4299
4342
4280
4321
4308
4345
4245
4349
4198
4357
4383
4389
4297
4342
4307
4244
4291
4488
4290
4325
4288
4425
4261
4303
4358
4406
4304
4381
4327
4424
4175
4315
4310
4328
4275
4265
4154
4330
4356
4467
4292
4296
4451
4391
4451
4357
4363
4395
4268
4477
4366
4513
4389
4425
4362
4372
4336
4455
4320
4426
4312
4355
4113
4227
4310
4495
4361
4361
4715
4549
4497
4497
4346
4423
4359
4480
4366
4441
4352
4395
4334
4438
4488
4575
4572
4479
4280
4398
4365
4437
4434
4487
4340
4408
4536
4548
4314
4536
4385
4420
4477
4446
4450
4226
4906
4328
4646
4862
4348
4441
4276
4462
4483
4563
4499
4509
4360
4387
4584
4412
4344
4458
4387
4639
4387
4440
4460
4571
4574
4486
4421
4490
4617
4575
4418
4444
4369
4528
4345
4504
4486
4498
4444
4359
4322
4436
4522
4448
4420
4491
4840
4295
4437
4429
4454
4387
4492
4549
4452
4456
4411
4466
4425
4499
4583
4548
4369
4630
4622
4617
4490
4487
4420
4508
4397
4639
4197
4474
4489
4500
4423
4558
4374
4429
4468
4468
4692
4490
4300
4399
4352
4592
4447
4503
4419
4472
4255
4463
4628
4621
4168
4478
4407
4582
4394
4530
4412
4544
4593
4590
4416
4536
4400
4434
4320
4489
4372
4600
4582
4574
4505
4632
4637
4544
3557
