5328
5415
6195
5370
5488
5359
5572
6251
6464
5399
5650
6175
7056
5674
5461
5354
6640
5455
6676
5520
5499
6225
5550
5508
5351
6492
5453
5473
6324
5349
6029
5304
5679
5950
6541
5581
6934
5530
5418
6276
5368
6736
6809
5485
5616
5970
6323
5348
6315
5393
6478
5605
5446
5510
5557
6099
6573
5412
5554
5423
5459
5584
7186
5808
5498
5397
6617
5431
5449
6530
5577
5623
5375
5500
5713
5426
5425
5741
6639
5681
6871
5993
6475
6344
5457
6859
5592
6096
5427
5653
5497
6469
6271
6108
5477
5452
5584
5625
6275
5373
5431
6619
5679
6704
5645
5836
5400
5751
5475
5525
5520
5323
5466
6094
6516
5446
5716
5465
5484
6196
5473
6768
6876
6047
6066
5600
5526
5739
6270
5357
5354
6949
5953
5374
5815
5373
5379
5510
5404
5436
6722
6933
6524
5413
5957
5669
5647
6031
5829
6080
5377
5656
6649
5702
5375
5475
5552
5449
6470
6892
5316
6301
6062
5396
5374
6265
5371
5691
6342
5496
5474
6431
5837
6196
5357
5345
6173
5342
5362
6787
5718
5397
5589
5449
5503
5461
5347
6757
5498
5438
5737
5343
5644
5434
5342
6202
5601
6951
6615
5587
5425
6642
5425
5496
5530
5478
6035
5495
6354
5514
5443
6895
5376
5457
5668
6407
5471
6112
5710
5617
5337
6537
5484
5729
5452
5342
5524
5400
6800
5336
5447
5459
5393
5467
5627
5388
5437
6356
5486
5930
5480
5460
6346
5487
6431
5289
5319
5407
5523
5563
6258
6624
6439
5621
6500
6252
5439
6571
5642
5318
7074
5404
5465
5820
6220
5383
5454
6352
5392
5334
5631
6205
5370
5439
5311
5487
6212
6597
5378
5407
5392
5466
5459
6939
5382
6081
5605
5433
6125
5618
5485
6148
5591
5500
5526
5471
5309
6811
6578
5391
5377
5317
5620
6671
5586
5656
5929
6383
5365
5476
6445
5480
5472
5674
5499
5400
5356
5433
6725
5425
5424
6531
6774
5892
6110
5495
5626
5525
5461
6744
5551
6214
5493
5519
5656
5674
5483
5584
6275
5387
6146
6585
5421
5397
5542
6125
5332
5368
6148
6076
5364
6235
5437
6161
5402
5607
5453
5489
5518
6696
5367
5441
5429
5550
5400
5332
5458
5497
6150
5411
6622
6067
5431
5378
6164
6144
5463
5368
5379
5522
5387
5584
5325
5480
6420
5680
6053
5510
5463
6081
5435
5557
6174
5511
5532
5778
6347
5308
5406
6629
5315
6171
5849
5596
5316
5510
5454
5913
5416
5648
5347
6699
5459
6168
5389
5473
7470
6813
5650
5414
6118
5717
6733
5377
5369
6184
6537
5608
5628
5349
5401
5543
5647
5443
5466
5521
5465
5526
6457
7105
6961
5550
5631
5356
6105
5463
6270
5563
5918
6027
6108
5503
6143
5503
5522
5608
5708
5384
6907
5519
5929
5694
5618
5408
5508
5442
5372
5822
5521
5479
5502
6687
6206
6091
5703
5564
6455
6879
5387
5395
5604
5536
6019
5366
6304
5342
5346
5347
5347
5453
6307
7367
5536
6374
5606
5394
5676
5336
5604
5635
5924
5433
5478
5590
5547
6809
6261
6764
5907
5692
5345
6302
5362
5950
6119
6519
5388
6831
5364
5496
6441
5356
6304
5450
5547
6901
5515
5666
5438
5457
6557
7136
6286
7001
5367
5628
5372
6267
5549
6245
6745
5370
6993
6482
5736
6707
5757
6612
5873
5380
5725
5683
6866
6700
6541
6576
5806
5453
6854
5554
5675
5910
5466
5434
5403
6749
5350
5759
5350
5570
5388
5425
5365
5526
5359
5356
5585
5476
5384
6601
6060
6215
5399
5569
5356
5391
5353
5429
5279
5390
5666
6753
5592
5420
6928
6707
5354
6877
5448
5437
6747
6640
5324
6792
6551
6275
6204
6299
5563
6208
5526
5610
6452
5468
5318
5377
6191
5418
5380
5349
5466
5355
6243
5624
5346
5730
6541
5525
6306
5597
5374
6306
5578
6930
7133
5534
5359
5415
6238
5636
5512
5505
5320
5516
6151
5593
5504
5550
5929
5582
5390
5364
6771
6188
6086
5467
5624
6811
6765
5420
5462
5496
5519
5350
5426
5497
6293
6790
6664
5671
5362
5382
5437
5410
6288
5357
5443
5376
5395
6133
6210
5401
5551
5373
5362
5412
5319
5386
6481
6269
5405
5432
6720
5388
5663
6159
5471
6252
5402
5446
5498
5332
5352
5445
6322
5706
6215
6570
5362
5486
5354
6570
5573
6616
5461
5480
5558
6619
5728
5457
5359
6163
6112
5598
5373
6160
5910
5480
5718
5319
6229
6514
5754
5367
6844
5401
5512
5423
5541
6657
5362
6763
5378
5458
5416
5450
5671
6967
5739
6743
5358
5444
6719
6190
5654
5592
5367
5341
5397
5588
5585
5354
6669
5504
5404
6267
5460
5531
5465
5609
5631
6510
5467
6164
5469
5630
5470
7251
5618
6896
5417
6092
6521
6782
5403
6816
6850
6611
5417
6087
5500
5600
5576
5557
5475
5468
5490
6720
5382
5474
6139
5438
5461
5372
5673
5585
5680
5472
6265
6738
5655
6126
5399
5372
5366
5367
5403
5414
6097
6346
5451
5622
6297
5533
6354
5346
5974
6798
5386
5400
6204
5452
6981
5531
6269
5331
5401
6730
5382
5573
5402
5428
5308
5370
6773
5337
5525
6193
5590
5355
5585
6010
5443
5567
6739
5567
5528
6451
6219
5501
5647
6602
5471
5394
5397
6186
6212
5424
5396
5444
5841
5400
5424
5384
5430
7122
5615
5378
6132
6104
7124
5670
5580
6407
6761
6378
6725
5590
5663
6105
6352
5364
5508
5402
5355
6878
5495
5390
6813
5620
6023
5657
6323
5708
6894
5394
5388
6772
6482
6000
5457
6594
5438
5524
5399
5725
5501
5370
5341
5487
5792
5675
5516
6257
5639
6142
5592
5425
5426
5428
6116
5442
6877
6284
6496
5455
6113
5385
5652
5314
5374
5338
5410
5364
6771
5446
5984
5587
6250
5374
6148
5423
5356
6345
5405
5436
5468
5449
6647
5494
5366
5360
5344
5357
5767
7209
7305
6580
5549
6056
5680
5407
5529
5553
5349
5401
6825
5694
5538
5448
5518
5567
6463
5362
7090
5534
5329
5448
5433
6353
6268
5514
6867
5682
6803
7389
6149
5622
5350
5535
