1962
1917
1691
1631
2028
1733
2711
1563
1512
2007
1752
1690
1590
1521
1528
2453
1580
1770
2349
1841
1702
2122
1518
1556
1751
1545
1622
1765
2535
1624
1565
1739
1624
1854
1625
1474
1593
1654
1711
1764
1571
1886
1867
1713
1864
1645
1537
1597
1766
1770
1625
2212
1653
1877
1634
1835
1779
1743
1568
1640
1613
1713
1819
1741
2016
1698
1673
1778
2172
1648
2422
1670
1615
1522
1901
1763
1938
1500
1715
1742
1742
1909
1756
2443
1808
1666
1673
1976
1652
1840
1659
2477
1525
1755
1630
1735
1810
1776
1574
1614
1877
1641
1644
1600
1706
1691
1752
1738
1942
1588
1779
1560
1642
1662
1755
1772
1634
2293
1532
1712
2099
1726
1677
2540
1687
1639
1762
1828
1614
1736
1620
1756
1636
1837
1729
1696
1677
1786
1656
1823
1597
1829
1673
1505
1758
1672
1740
1664
1820
1920
1616
1672
2011
1634
1587
1660
2379
2100
2155
1537
1669
1588
1608
1804
1870
1555
1813
1695
1622
2235
1635
1665
1612
1833
1643
1665
1691
1687
1870
1642
1613
1795
1644
1656
1783
2090
1767
1664
1726
1505
1516
1661
2022
1783
1813
1608
1548
1713
1704
1601
1819
1618
1799
1628
2542
1740
1792
1603
1627
1627
2743
2491
1622
1565
1836
2185
1894
1738
1675
1656
2106
1820
1944
1673
2056
2094
1877
2604
1997
1773
2171
1488
2137
1857
2184
1692
1841
1601
1872
1631
1459
1711
1593
2353
2075
1736
1633
1703
1994
1543
1723
1735
1650
1924
1776
1480
1770
1592
1711
1854
1544
1702
1988
1558
2393
1765
1716
1494
1568
2398
1715
1531
1624
1749
1842
2279
1723
1719
1697
2546
1789
1739
1731
1717
1703
1694
1789
1682
1495
1588
2132
2351
1640
1781
1565
2312
1712
1556
1560
2253
1721
1601
1828
1614
1629
1809
2455
1750
1653
1588
1793
1763
1806
1664
1840
1506
1652
1707
1671
1708
1626
1719
1670
1542
1793
1942
1703
2552
1613
1898
1670
1672
1627
1771
1504
1568
1724
1636
1954
1656
1632
1626
2352
1592
1746
1598
2589
1651
1734
1596
1605
2395
1609
1559
1753
1610
1938
1605
1608
1596
1617
2127
1775
1801
1742
1788
1749
1541
2009
1794
1684
1597
1772
2450
1815
1672
1736
1852
1686
1641
1939
1535
1696
1617
1781
1603
1897
1727
1581
2019
1622
1772
1876
2212
2532
1503
1842
2382
1562
1912
1605
1639
1739
1602
1921
1785
1760
1615
1753
1691
1761
1723
2223
1687
1573
1644
2753
1582
2254
2009
1620
1799
2087
1712
1787
1708
1653
2657
2491
1943
1590
1866
1495
1612
1637
1882
1776
2628
1809
1717
1648
1806
1757
1738
1716
1897
1571
1621
2498
1739
2421
1699
1692
1771
1725
1562
2176
1765
1649
1614
1736
1632
1603
1521
1677
1946
1976
1683
1541
1759
1642
1843
1572
1636
1528
1822
1710
1777
1881
1450
1629
1516
1755
1640
1520
2034
1671
2024
1721
1543
1707
1667
1779
1638
1738
1651
1696
2728
1502
1513
1604
1603
1760
2514
1589
1919
1620
1525
1778
1607
1692
1852
1624
1676
1603
1967
1606
1603
1605
1952
1782
1916
1604
1653
1859
1778
1691
1947
1887
1485
1571
1976
1828
1632
1724
1872
1770
1474
2516
1572
1617
1638
1623
1739
1848
1595
2049
2051
2057
1736
1919
2156
1745
1668
1785
1804
3046
1674
1600
2920
1826
2080
1972
1612
1730
1686
1711
1801
1601
2444
1619
1643
1727
1586
2528
1742
1764
2097
1688
1862
1586
1705
1694
1759
1657
1594
1601
1567
1562
1623
1709
1624
1627
1854
1912
1481
2328
1612
1641
1575
1684
1716
1689
2276
1738
1667
1711
1744
1685
1793
2342
1636
1646
1464
1608
1611
1614
2211
1491
1942
1747
1611
1565
1786
1641
1620
1595
1957
2290
1565
1931
1707
2319
1993
1608
1534
1983
1638
1594
1647
2356
2712
1529
1571
1635
1671
1609
1688
1585
1766
2257
1715
1672
1794
1796
2294
2402
1609
1762
1717
2164
2365
1616
1952
1637
2202
1867
1738
1615
2081
1734
1520
1786
2291
1703
1802
1835
1990
1524
1861
1884
1928
1730
1911
1784
1811
1776
1736
2274
1748
1653
1809
2025
1797
1943
1792
1657
1611
1642
1615
1660
1729
1636
2178
1533
1721
1587
1575
1567
1514
1946
1795
1874
1653
1740
1774
2080
1702
1784
1829
1784
1817
1736
1904
1499
1736
1666
1539
1819
1574
1650
1600
1728
1678
1823
1693
1609
2396
1755
1802
1506
1751
1673
2866
1540
1593
1656
1753
1460
1523
1811
2608
1587
2278
1692
1842
1663
1623
1598
1584
1632
1588
1666
1625
1966
1799
1926
1519
1506
1657
1614
1833
1593
2266
1957
1668
2278
1760
2163
1683
1668
1622
1754
1658
1796
1651
1604
1783
1672
1736
1834
1712
1690
1672
1697
2348
1541
1814
1748
1735
1484
2273
1799
1812
2703
1584
1847
2326
1678
2071
1817
1868
2531
1645
1726
2413
1794
1819
1707
1607
1594
1494
1607
1969
2381
1779
1564
1851
1782
1881
1946
1571
1766
1729
2490
1898
1718
1619
1510
1774
1776
1577
1720
1729
2151
1537
1653
1771
1840
1777
1679
1657
1735
1628
1772
2851
1645
2283
1817
1655
1671
1608
1766
2890
1570
1627
1576
2042
2265
1748
1631
1686
1818
1494
1578
1525
1625
1841
1450
1961
1616
1931
2328
1512
1937
1489
1621
1669
1768
1741
2128
1545
1696
1822
1632
1682
1506
1705
1827
2061
1608
1646
1632
1795
1799
1598
1568
1632
1839
2563
1722
1614
2403
1587
1620
1746
1779
1979
1676
1835
1794
1685
1508
1910
1521
1554
1810
1621
1603
1725
1677
1880
1693
2083
1862
1673
1637
1724
1740
1649
1681
1606
2055
1660
1988
1613
1656
1623
1717
1569
1627
1745
2045
2016
1913
2165
1586
1630
1546
1608
1977
1847
1653
1662
1749
1942
1798
1725
2545
1717
1687
2602
1759
1632
1750
1808
1571
2225
1784
1978
1790
2442
1646
1440
1973
1495
1484
2103
2096
1658
1598
2142
1731
1899
1646
2155
2548
1853
1621
1690
