3445
4489
3495
3908
3607
3763
4027
4347
3524
4101
4936
4731
4677
4026
3712
4343
3747
3601
3572
4071
3638
3978
3677
3669
3826
3633
3994
5373
3763
4366
3818
4017
4864
4204
4183
3994
3661
3483
4278
3716
4217
4839
4471
4189
3465
5127
4086
3929
3691
3764
3717
4019
3722
3725
3522
4726
3738
3470
4314
3758
3654
3655
3706
3573
3544
3546
3639
3576
3573
4255
3581
3714
3709
3533
3819
4315
4281
3495
3509
3735
4168
3632
4118
3776
3612
3859
3410
3596
3544
3561
4696
4067
4074
4007
4353
3702
5274
4551
4076
3459
3593
3918
3840
3776
4081
4274
3850
3667
4057
4312
3883
3599
3510
4306
4567
3872
3703
4172
4078
4268
3833
3481
5122
3910
4241
4787
4700
3447
4198
4228
4191
4811
4673
3905
4380
4337
3653
3703
4812
4699
3603
4741
3517
3499
4372
4550
3608
4840
3981
3807
4151
5161
3519
4643
3735
4712
3503
4654
4031
3665
4029
3711
4877
5087
3639
3479
4551
4668
3428
3930
3631
4365
3611
4629
4386
4013
3893
3947
4631
3739
4071
4456
4495
3740
3668
4203
4422
4078
3621
3598
4574
3463
3615
3618
4127
4882
3818
4227
4322
4636
3491
4294
3713
3664
3643
3460
4425
3499
4117
4172
3661
4280
4681
3506
3916
3881
3605
4190
4479
3546
4338
3599
3576
4652
3720
3903
5047
3436
3543
3441
3709
4085
3438
3591
4155
4404
3979
3620
3580
3738
4122
3994
3536
3521
4221
4115
3541
3936
3661
3576
3578
3454
3753
3575
3529
4188
3618
3459
3597
3566
3548
3805
3688
3711
3642
3497
4050
3722
3442
4218
4684
3775
4295
3831
3760
4111
3724
3476
3525
3618
4209
4021
3542
4707
4223
3851
4253
3714
4461
3536
3612
5123
4402
4480
4015
4204
3540
4445
3605
3769
4690
3772
4395
4326
3855
3885
3563
4600
3654
3916
4121
4483
3803
4498
4265
3472
4292
3763
4467
4368
3952
4625
3591
4262
3703
3425
4436
3959
4358
4016
3972
3747
4333
4655
3625
3488
3859
4871
3834
4233
3942
4251
4115
3606
4249
4474
3639
3743
3855
4429
4186
3717
3600
4141
3766
3682
3887
6463
4154
3495
3783
4194
4883
3970
4448
4808
3587
4568
4072
3812
5324
4033
4723
4326
3706
4653
4057
4582
4416
4164
4495
3967
3699
4269
3711
3698
4154
3907
3922
3789
5091
4706
3883
3671
3676
3493
3750
4608
4411
4576
4132
3404
3908
4331
3566
4627
4668
3614
4774
3965
3552
5490
3423
4510
4875
4187
3594
4303
3467
4072
3717
3726
3992
3383
3762
4307
3485
4264
3433
3594
3463
4203
3486
4247
3508
3483
3484
3401
3450
3850
3539
4197
4499
3854
4167
4248
4480
3647
3886
3675
3506
3523
4446
3983
3512
3494
3406
3645
3641
3611
4645
3549
4079
3488
4546
3525
3710
3895
4377
3725
3682
4288
3711
4330
4479
3796
3659
3658
3795
3558
3597
3449
4668
4385
3644
3515
3690
3649
3510
4464
3775
3503
3735
4178
4235
4224
3491
3718
3498
4528
4540
3679
4129
3529
3493
3700
4413
3556
3432
3676
4356
3737
3649
3474
4170
3643
4228
4158
3585
3527
3550
3603
3671
3622
3625
3693
3533
3629
4227
3471
3589
3653
3469
4159
3759
3988
3519
3687
3620
3672
4080
4436
3448
3991
4438
3727
3628
4034
3487
4121
4576
3874
3631
4459
4123
3899
4101
4309
3758
3885
4365
3900
3954
3912
4522
3890
3807
3492
3457
5013
4627
3837
4094
4075
3696
4752
4831
3567
3605
3624
3697
4373
3612
3758
3936
4916
4711
4088
3629
5091
4593
4314
4060
3892
3577
4379
3569
4162
3830
4383
3905
3544
3788
3885
4889
4011
3943
3850
3879
3993
3669
3838
4471
3974
3947
3475
4262
3522
4477
3550
3607
3587
3647
3462
3624
3690
4289
3620
3739
4316
3676
3540
3684
3484
3874
4347
3571
4480
4240
3697
3863
3476
3518
3646
3981
4214
3496
3473
3484
3793
3746
4149
3651
4287
3749
3769
4379
3527
3751
3475
3819
3891
4445
3542
3632
3470
4199
4271
4089
3538
3486
4295
4574
3470
3494
4437
4759
3899
4355
3847
4301
4268
4266
4542
3717
4473
5200
3765
4343
4754
4133
4648
3993
3893
5238
3961
3640
4866
3860
4734
4352
3967
4240
3868
3611
4154
4227
4481
4510
3989
3667
3589
3987
3453
4584
3793
3783
4332
3884
3652
3461
3619
3639
3539
3554
3462
4452
3586
4146
5169
4583
5320
4489
3667
3541
3443
3554
3578
4233
4812
3578
4719
4456
3706
3480
4491
4206
4291
3676
3510
4372
4217
3636
3935
4235
4653
3719
3669
4147
3504
4174
3452
3503
3680
3514
4722
4205
4298
3436
3979
4521
3479
3585
4144
3522
4114
4222
3653
4240
4228
3589
4172
3620
3665
4586
3613
3466
3726
4365
3501
3521
4417
3629
4203
3724
3477
3589
3445
4577
3419
3662
3956
3603
3645
4000
3723
3594
3826
3507
3688
4251
3543
4204
4650
4077
3541
4644
3645
3502
3567
3637
3705
3526
3552
3455
3412
3778
3824
3452
3496
3546
3482
3735
3446
4371
3615
3442
4598
3419
4300
4226
3952
4543
3570
3477
4127
4381
3710
4596
3545
3520
4118
4263
3443
3700
3540
4295
3932
4614
3932
4421
4397
3717
3768
3942
3530
3708
3524
3899
3546
4561
3739
3680
3662
4313
4112
3946
3492
3935
3571
3530
3627
3764
5161
3613
3638
3611
3675
3752
4040
3964
3828
4284
3856
4355
4130
3482
4358
4763
4374
3512
4003
4386
4443
3583
3462
3538
4768
4509
3634
3690
4900
4731
5382
4329
5048
4928
4599
4238
3886
3800
3451
4249
3580
3648
3738
4223
4419
3725
3794
3552
4140
3712
3643
5074
4572
3601
3668
3499
3692
4553
3507
3728
4430
3727
3535
3854
4060
4541
4437
4654
3868
3588
3603
4275
3838
3802
4355
3677
3690
4572
3677
4077
3746
5108
3561
4295
3954
4412
3500
3485
3737
3471
3621
3731
4632
4541
3423
3424
3583
4659
3633
4120
3515
3593
4100
4083
3571
3650
3656
3623
3758
3772
4389
4803
4487
4557
3557
4985
3556
