11358
11227
11351
12703
11375
12491
12862
11334
12478
11625
11303
11600
12756
11593
11370
12377
12168
12143
12357
13206
11518
12546
11397
13286
13139
11786
11829
11804
11808
11331
13465
13277
12817
11687
12551
12008
11817
11664
12743
11854
13349
13367
13257
12562
11701
13437
13456
13335
13221
13696
11775
13432
11644
11741
13257
11817
12754
11952
11895
11955
12470
13321
14047
12544
11234
11828
11705
11658
12340
12000
12609
12903
11744
11834
11406
11323
11842
13400
13188
11391
13652
12232
11277
13524
12121
13304
11428
11358
11327
11254
13271
12962
12723
11401
13664
13275
12209
13070
11821
13670
12599
13062
13689
11964
11845
12504
13461
12438
12336
13338
13074
12337
12379
11502
11433
11597
12605
11435
12181
12671
12925
11535
11763
12608
12979
11296
13271
11542
12253
11582
12733
11729
13706
13061
12897
11305
11497
12244
12211
11336
12860
11553
11384
11371
12244
13406
12185
12929
12271
13281
12817
11312
11351
13427
12805
12224
11306
11440
12429
13221
13586
13213
11487
13238
13867
12856
13418
12855
11312
13956
12600
12082
13279
13196
12537
13796
12136
12359
13163
13477
11973
11887
11933
11503
12837
12456
13042
13111
13277
12136
11719
11467
13041
13373
12677
13023
13484
11866
11334
12224
12158
11665
12659
11363
11380
11397
11604
12122
12837
14226
11938
13595
12604
12583
11897
13776
13509
11444
12086
13438
11371
12282
11573
12207
11391
12257
11394
12877
11991
13052
11348
13017
12142
11295
12122
13788
11489
11463
12759
11295
11336
11304
12895
12615
11536
11564
13018
11753
12638
12818
11895
11248
12741
13566
13614
12434
11327
11529
12867
13899
11282
11311
11490
12636
12293
11507
13427
11344
13556
13487
13171
14064
13118
12475
11239
11910
12761
11358
12261
12698
12894
12359
12532
11520
12566
13220
13013
13581
13254
12741
11657
13103
11854
13154
12356
13224
12004
12963
11727
11647
12557
11900
13359
12765
12515
11975
12939
11316
12494
12100
12759
11468
12813
12160
11372
11272
11303
11433
11307
12313
13442
12551
13014
12020
12403
13220
13429
12343
13073
11943
13143
12129
13346
11413
13384
11557
11472
12441
13326
12254
12809
11463
12596
12857
12884
11325
12542
12380
11423
12407
11423
12072
11275
11412
11315
13381
12533
12185
12227
13055
12267
12643
11544
11817
11397
11350
11679
14042
12701
11309
13117
12236
11407
11536
13390
13275
12372
13463
11453
12471
11846
11798
11469
11595
13153
12577
11622
11378
11630
12454
11910
11708
11850
12639
12879
13225
13325
13811
11351
11909
13049
12791
13962
12693
12364
13657
13462
11677
13864
12934
12235
13705
11350
11779
11708
12008
12675
12308
11436
13846
12932
11490
11421
12839
11446
11279
11485
12327
13416
11396
11241
11264
12872
12836
12687
12396
13179
13127
12706
12048
12605
11409
12953
12921
12788
12773
12741
11442
12690
11341
11424
12419
12971
11655
12935
11976
12823
13360
12881
11403
12381
11498
11368
11301
12839
11321
13190
13188
12649
12812
12846
12917
11252
12789
12692
12386
12906
11398
12860
11437
12440
12181
12901
13264
12358
11810
12686
12365
11417
12527
12939
12901
12981
11244
11459
12940
12331
11619
11763
11898
11812
13286
11900
11709
11322
11750
12722
11662
12210
13096
11801
12705
13729
13610
12450
11694
11917
13437
12384
13941
13230
11724
11636
13120
12305
12953
11816
13259
12931
12663
12797
12344
13320
12209
12166
11303
12159
11473
12935
12121
11308
11490
12894
13424
13643
11807
11693
12621
13318
12817
12993
12260
11186
13173
11446
11657
12821
13444
12251
13651
12696
13057
12929
11526
12570
11467
12156
11477
11311
12972
12682
12194
12813
11296
11299
12041
12552
12436
12028
12110
11272
11413
12461
12109
12982
11352
12254
12943
11424
13149
11405
11428
11256
11412
12592
11860
12427
13273
11469
11601
13273
13175
13308
11411
13472
12827
11575
13455
13920
12537
12899
12829
12206
12724
11844
13037
12625
12454
11632
13101
12823
11700
11834
11915
13335
12314
13224
12480
12923
11869
13081
12341
11780
12506
13374
13333
11619
11799
12227
11730
12650
12414
12501
13705
11416
13732
11337
11794
11607
11353
12629
13152
11291
12685
11370
11812
11809
13825
12763
12010
12195
11355
12718
12847
11479
11434
12052
12899
11396
11991
11795
11284
11354
11241
11404
11364
11404
12300
12896
11241
13373
12860
11406
11360
12908
12262
13026
11269
11407
12919
12510
11533
12692
11684
11789
13121
12526
11364
12898
12783
12620
11771
13759
11393
12192
12322
12950
11516
13038
11720
13389
12132
12439
12491
12592
12550
12515
13527
11451
13734
11566
12042
11699
11601
11978
12706
12706
11852
11905
13250
11731
13231
11913
11699
12698
12578
12638
12095
12143
13334
11794
12055
12390
11822
12058
13826
11942
12948
13807
11771
11644
12605
12053
13417
13433
11343
12176
12985
12486
12635
11268
12385
12479
12731
11297
12762
11655
11615
12502
11872
13219
13691
11969
13715
12066
13529
11651
11946
12059
12451
11366
12871
11358
11376
12485
12391
12297
12545
11384
12214
11344
11373
11315
12941
11392
13360
11302
11344
11751
12378
12934
11345
12136
12255
11459
11340
11489
11392
12505
11314
13233
11411
13660
12487
11652
11482
11409
11356
12221
12813
12827
11632
13554
11544
11322
11742
12808
12945
11728
12361
11723
12081
12471
13320
11663
13620
12448
11564
11619
12922
11983
11372
11981
11806
12294
11309
13187
13519
12879
13914
13573
11716
12422
12713
13069
13478
12145
12513
13230
11965
13049
11372
11818
13118
13657
11325
11219
11917
12314
11333
12762
11437
13604
12200
12487
13005
13413
11713
12313
12887
13255
12072
11791
12100
12701
13019
12892
11947
13327
12152
11438
12854
11445
13545
13026
11459
12700
13352
11372
13641
12548
12928
11384
11356
13267
12901
11986
11382
12708
13042
11449
12028
11321
12063
11924
11422
11331
13424
12858
13057
12922
11581
12517
12380
11378
11279
13125
13174
12373
12306
12742
12554
12423
11402
11577
12139
11436
13366
11311
11828
11612
11594
12707
11702
11789
11992
13380
11799
13303
12850
13264
12613
13697
13158
11627
12561
11882
12859
13081
11862
12772
12840
12679
11900
13036
12789
13586
11737
13573
11208
11641
11827
13318
14010
11843
11432
11329
11923
12716
13676
11987
11727
12948
12472
12719
12696
11398
12123
12647
13280
13400
12881
13584
12479
13753
12493
11774
11561
12812
12024
