4354
4547
4216
3813
4544
4550
3777
4008
4114
4470
3619
3660
3969
3852
3696
4306
4121
4167
3805
3964
3994
4015
4180
3943
4166
3790
3795
3968
4153
3787
3985
4036
4045
3795
3623
3867
3817
3839
4384
3944
3997
3831
3844
3791
4103
3724
3836
3847
3607
4236
4178
3731
3807
4219
3713
3942
3646
4207
4277
3821
3944
3973
3718
3682
4080
4448
3826
4261
3756
3964
4149
3779
3917
3827
4126
3952
3722
3758
3754
3816
3673
3760
3855
4007
4116
3794
3740
4133
3782
3703
4205
3750
4230
4091
3672
4395
3673
4627
4221
4144
4033
3827
3931
4465
4475
3787
3868
3805
3848
4109
4241
3864
3985
3778
4169
4242
3936
3704
3952
4383
4008
3774
3710
4088
4038
3965
3778
4007
3970
3948
3885
4106
3846
4058
4050
3871
4438
4109
3918
3790
3847
3998
3932
3734
4241
3938
4260
4001
4116
4181
4007
4137
4021
4442
4161
4127
4038
3949
4152
3891
4162
3767
4430
4107
4588
3940
4046
3967
3910
4074
3833
4072
3914
4083
3813
4080
4301
3990
3932
3695
3834
4305
3849
4253
3774
3993
4388
3865
4223
3894
4475
3888
4421
3602
4077
4094
3926
3948
3690
3682
3676
3829
4090
3851
4168
3759
3890
4162
3765
4492
3949
4078
4042
3951
4034
4065
3826
3746
3890
3772
4083
4136
4044
3596
3975
4384
3849
3821
3744
3803
4204
3629
3970
3791
3761
3708
3706
4267
3705
3924
3776
3810
3717
3968
3933
3985
4681
3791
3823
3965
4778
3864
3870
3899
3958
3730
3863
3924
3702
4105
3952
3740
3925
3856
3652
3772
3825
4496
4388
4763
4137
4299
3835
4171
3740
3885
4096
3760
3905
3636
3956
3786
4350
4098
4281
3913
4473
3845
3768
4146
4086
3920
4126
4267
3902
3984
3864
4041
3805
3794
3608
3900
4342
4146
4364
4316
3954
3760
4093
3847
4077
4012
3797
3738
3835
4178
3991
3965
3910
3749
4074
4542
4164
3718
3868
4565
4045
4119
4068
3730
3602
3731
4420
3906
3778
4055
3826
3921
4084
3636
3904
3935
4071
4066
4123
4017
3689
3600
4069
4245
4172
4079
3788
4080
3792
3861
3975
3991
4213
3738
4363
4145
4329
3776
3926
4057
3640
4543
4282
4202
4309
3801
3844
4043
4032
3938
3593
4368
3984
3977
3804
4112
3890
3740
4094
4132
4269
3969
4240
3847
3784
4094
4207
4684
4037
3766
4062
4027
3757
3795
4425
3939
3677
4043
3817
3871
4350
4005
4200
3814
4151
4226
3988
4093
4069
4483
3571
3734
4096
3745
3837
4224
3951
3994
4293
3782
3765
3976
4113
3977
4230
3839
3768
4239
3880
3962
4477
3913
4148
3774
3870
3607
3826
4168
3910
3901
3851
3573
4131
3678
4225
3989
3823
4270
3873
3722
3928
3544
3780
3798
3786
3725
3841
3782
4300
4224
4189
3879
3876
3921
3835
3824
4150
3800
3709
3796
3853
4041
4118
4541
4154
4048
3721
4257
3741
4201
3692
3625
4055
3874
3981
3645
3868
4027
3708
3771
3926
4081
3952
4030
4093
3853
4327
3720
3852
3842
4181
3757
3809
3697
4856
4169
3656
3693
3800
3867
3869
3961
4024
3679
3810
3679
3886
3741
3619
4057
4532
3918
3640
3943
4344
3768
3969
3550
3790
3772
3930
3760
3890
4068
3795
3906
3715
3785
4640
3739
3704
3870
4050
3965
3651
3716
3688
3992
3841
4176
3695
3711
3887
3991
4040
3820
3799
4223
3882
3743
3967
4044
4112
4163
3857
4144
4327
3765
4422
3871
4716
4087
4316
3835
3948
4443
3980
3985
4402
4377
4202
5063
4038
4454
3815
4004
4252
3930
4044
3572
3865
3951
3788
4216
3929
3882
3889
4094
3806
4232
3720
3921
3955
4053
3871
4420
4129
3755
3722
4260
3892
3825
3892
4164
4345
3999
4526
3786
3586
3792
3651
3783
3833
4082
4492
4209
4649
3706
3843
3903
4491
3990
4048
4026
4037
3636
3911
4082
3950
3800
4077
4477
3835
3793
4421
4388
3683
4215
3813
4453
3818
3809
4059
4112
4062
3553
4395
3896
3874
3789
4436
3821
3755
3754
3799
3936
4253
4261
4203
3927
3840
4063
3895
4885
3899
4297
4537
4144
3902
4362
4149
4249
4100
4261
3946
3688
3852
3720
4343
3927
3835
4181
3779
4649
3925
4283
4381
3940
4348
4056
3991
3797
3801
4124
4142
4124
3784
4037
4432
4393
4210
3843
4033
4156
3765
3965
4396
4233
3850
3837
3802
3800
3945
4067
3779
3774
4051
4462
3784
3778
3642
4268
4480
3773
4277
3750
4161
3799
3843
4528
3611
3779
3580
3974
3991
4432
3863
4008
3736
3664
3695
3940
4681
4222
3735
3947
3803
3885
4143
4558
3734
4568
4000
3751
3606
3704
3642
3647
3980
3852
3713
3714
3689
3849
3807
3861
3783
3744
3852
3835
3895
3836
3650
3747
3853
3762
3775
4460
4494
4076
3893
3776
4467
3860
3991
4189
3935
4426
3942
4340
4307
3781
3928
3903
3682
3881
4183
3884
4049
3964
4287
4398
3799
4674
3827
3751
3846
3698
4141
3995
3751
3891
4169
3950
3830
4253
3760
3734
4111
3775
4108
3625
3867
3678
4456
3923
3874
3965
4040
3731
3722
4296
4386
4084
4173
3682
3953
3828
3735
3587
3881
3989
3877
3853
3877
3642
3915
3958
3924
3715
3715
4544
3946
3689
4317
4344
4181
4065
3858
3685
3760
3788
3694
3723
3839
3814
3727
4142
3627
3950
3755
3682
4370
3597
4122
4642
4030
3997
3936
3995
3703
3856
4042
3866
3798
3812
3903
4515
3854
3988
3604
3835
3828
4405
4341
4135
4384
3739
5078
4364
3855
4340
3977
4094
3880
4100
3992
4048
4162
4038
3920
4522
3789
4310
4247
4132
4133
3776
4056
4158
3881
4232
4154
4217
3871
4342
3732
3793
3664
4118
3917
4156
4072
3772
4067
4020
4202
4066
4064
4228
3958
3894
3918
3825
3990
4210
4321
3870
4084
3767
4111
3710
3915
3750
3841
4178
3931
3921
3669
4236
3696
3886
4007
4209
3979
3658
4247
4193
3669
3603
4015
4156
3874
3931
4078
3670
4013
4109
3942
3957
4067
3685
3972
3667
