7430
6763
6668
6647
7169
6853
6464
6756
6520
6718
6597
7067
6698
6707
6700
6652
6706
6768
6769
6633
6528
6629
6620
6504
6865
6574
6605
6638
6826
6809
6859
6748
6528
6686
6773
6944
6694
6971
6682
6656
6741
6654
6444
6517
6444
6696
6770
6699
6493
6502
6713
6464
6657
6696
6565
6710
6539
6737
6772
6798
6662
6600
6701
6552
7063
6509
6719
6555
6725
6511
6746
6630
6448
6988
6824
6743
7143
6767
6837
6800
6995
7375
6991
6845
6796
6535
6660
6896
6485
6805
7240
6895
7063
6950
6747
6615
6772
6886
6815
6572
6874
6769
6826
6879
6704
6702
6655
6521
6625
6585
6765
6892
6841
7259
6808
6771
6738
6901
7031
7112
6712
6787
6928
6761
7293
6600
6580
7045
6859
6649
6745
6691
6778
6772
6671
6958
6782
6824
6846
7096
6660
6908
7075
6576
6591
6765
7039
6722
6821
6844
6717
6835
6842
6822
6771
6693
6891
6433
6579
6849
6831
6602
6775
6410
6801
6603
6647
6590
6900
6609
6626
6948
6548
6569
6992
6722
6850
6686
6740
6631
6417
6812
6962
6612
6578
6882
6761
6730
6399
6599
6632
6820
6714
6746
6546
6836
6401
6952
7005
6843
6590
6500
6755
6978
6777
6927
6583
7337
6719
6639
6824
6760
6684
6975
6738
6733
6608
6695
6640
6647
6793
6857
6873
6936
7124
6599
6639
6315
6809
6616
6993
6603
6604
6944
6619
6717
6661
6836
6658
6894
6689
6661
6830
6374
6574
6816
6700
6805
6692
6699
6774
6702
6559
6710
6614
6539
6707
6825
6650
6607
6684
6711
6902
6709
6588
6711
6882
7042
6678
6595
6832
6654
6754
6593
6789
6681
6518
6653
6715
6543
6501
6752
6700
6764
6865
6724
6931
6987
6734
6541
6963
6798
6660
6694
6606
6690
6871
6478
6839
7177
6496
6641
6707
6983
6967
6701
6623
6821
6909
6586
6669
6713
6650
6853
7165
6974
6849
6610
6892
6716
6766
6971
6743
6898
6835
6744
6868
6877
6934
6904
6830
6359
6771
6596
6869
6517
6883
6672
6455
7200
6742
6642
6835
6949
6678
7056
6793
6682
6810
6686
6922
6720
6997
6717
6836
6742
6652
6697
6707
6888
6759
6627
6739
6852
7052
6772
6813
6784
6574
6737
6765
6579
6778
6731
6663
6662
6652
6763
6713
6484
6837
7109
6568
6693
6634
6860
7170
6954
6651
6558
6894
6933
6714
6701
6790
6668
6999
6764
6715
6615
6516
6672
6609
6787
6857
6747
6923
6937
6643
6609
6708
6760
6860
6736
7036
6734
6668
6825
6676
6708
6577
6842
6975
6831
7220
6930
6725
6642
6509
6626
6915
6706
6725
6825
6538
6542
6630
6703
6759
6655
6522
7075
6581
6597
6689
6615
6655
6612
6548
6700
6824
6924
6548
6655
6902
6721
6604
6369
6708
6615
6733
6800
6576
6768
6617
6617
6594
6626
6665
6830
6515
6607
6966
6629
6710
6615
6451
6701
6632
6611
6561
6766
6625
6724
6819
6779
6580
6631
6835
6490
6531
6523
6609
6701
6815
6412
6589
6661
6662
6557
6603
6999
6783
6711
6682
6742
6645
6542
6932
6794
6851
6689
6627
6488
6711
6935
7240
6455
6519
6462
6532
6523
6806
6515
6521
6606
6697
6526
6533
6650
6465
6787
6542
6520
6591
6881
6551
6517
6596
6823
6820
6758
6437
6656
6554
6823
6801
6400
6599
6751
6519
6650
6986
6704
6723
6549
6962
6637
6782
6905
6878
6811
6704
6901
6802
6807
6735
6758
6873
6821
6684
6607
6523
6875
6772
6774
6801
6462
6618
6675
6613
6681
6306
6620
6843
6865
6566
6622
7079
6411
6883
6795
6846
6708
6671
6709
6755
6748
6888
6756
6801
6534
6798
6844
6738
6753
6956
6667
6831
6727
6539
6729
6774
6567
6517
6570
6324
6565
6615
6451
6540
6563
6886
6530
6352
6569
6637
6541
6645
6680
6707
6828
6600
6556
6571
6354
6681
6477
6585
6826
6716
6586
6787
6666
6713
6505
6680
6615
6513
6658
6595
6618
6947
6883
6869
6971
6761
6388
6698
6539
6779
6748
6607
6642
6694
6703
6691
6589
6656
6723
6556
6601
6675
6541
6634
6816
6674
6617
6745
6774
6698
7197
6957
6839
6647
6570
7001
6991
6619
6642
6684
6818
6769
6898
6539
6940
6754
6964
6890
6952
6891
6450
6616
6930
6705
6613
6902
6611
6617
6978
6715
6392
6408
6782
6899
6660
6399
6530
6917
6599
6577
6599
6432
6502
6856
6544
6530
6545
6707
6662
7080
6766
7366
6936
6659
6752
6717
6560
6869
6487
6698
6554
6841
6519
6698
6567
6562
6714
6466
6506
6704
6456
6666
6629
6557
6556
6708
6758
6716
6424
6756
6650
6763
6728
6746
6553
6750
6624
6766
6480
6269
6598
6599
6538
6559
6490
6729
6818
6578
6411
6745
6737
6667
6317
6671
6520
6713
6847
6795
6653
6579
6834
6734
6797
6654
6707
6634
6541
6607
6386
6569
6817
6840
7002
6731
7060
6795
6758
6508
6710
6663
6767
6668
6623
6692
7075
6560
6825
6340
6564
6470
6694
6506
6845
6381
6769
6647
6587
6403
6642
6691
6498
6564
6585
6769
6471
6402
6729
6733
6607
6583
6731
6789
6810
6536
6603
6493
6614
6573
6449
6586
6572
6726
6603
6590
6555
6592
6446
6458
6452
6702
6732
6829
6765
6524
6542
6703
6589
6685
6676
6482
6575
7080
6703
6812
6618
6876
6514
6738
6567
6578
6529
6688
6886
6505
6599
6515
7198
6415
7010
6793
6762
6857
6799
6861
6851
6692
6895
7096
7026
6792
6744
6723
6819
6681
6633
6980
7192
6853
6606
6720
6706
6985
6779
6860
6860
6731
6857
6661
6431
6526
6733
6790
6562
6671
6552
6430
6478
6419
6672
6544
6924
6638
6750
6730
7018
6599
6821
6752
6459
6824
6996
6373
6806
6837
6800
6777
6620
6691
6713
6763
6682
6524
6733
6856
6581
6599
6463
6617
6965
6875
6796
6350
6767
7013
6449
6579
6770
6527
6736
6577
6972
6619
6436
6578
6887
6731
6632
6710
6370
6600
6806
6515
6743
6427
6534
6668
6702
6563
6545
6570
6509
6930
6769
6382
6746
6715
6711
6568
6700
