76
160
138
703
1851
1980
1975
1952
1980
1922
1990
2177
1938
1958
1966
1976
1908
1642
1942
2417
1923
1969
1959
1954
1905
1928
1920
2385
1923
1924
1866
1907
1935
1934
2435
1926
1912
1878
1927
1933
1972
1959
2462
1967
1966
1948
1956
1989
1965
1997
2507
1960
1964
1643
1872
1892
1935
2355
1838
1649
1795
1821
1866
1798
1854
2202
2042
1683
1328
1424
1751
1664
1695
2060
1639
1639
1560
1589
1592
1616
1604
1634
2018
1597
1620
1581
1619
1592
1620
1641
1591
2031
1555
1604
1556
1588
1600
1608
1642
1566
1576
1938
1611
1505
1590
1588
1610
1637
1583
1622
1981
1550
1515
1601
1542
1597
1624
1542
1559
1941
1549
1519
1584
1579
1544
1550
1535
1566
1544
1946
1508
1588
1571
1596
1625
1556
1572
1577
2028
1550
1611
1590
1628
1532
1573
1615
1581
1593
1959
1500
1536
1552
1521
1526
1539
1323
1382
1786
1455
1440
1545
1194
1277
1281
782
1402
1489
1895
1510
1565
1520
1549
1542
1551
1551
1560
1905
1534
1580
1568
1594
1587
1572
1587
1581
1984
1523
1553
1561
1563
1597
1556
1576
1575
1579
1936
1535
1562
1545
1564
1550
1554
1540
1515
1970
1559
1514
1522
1536
1433
1468
1251
1322
1416
1982
1454
1503
1536
1552
1517
1517
1494
1587
2183
1530
1561
1601
1537
1531
1595
1481
1491
1530
1949
1519
1573
1562
1595
1576
1567
1422
1592
1955
1546
1583
1570
1591
1605
1538
1555
1584
2013
1590
1605
1575
1588
1569
1499
1561
1495
1562
1841
1434
1476
1508
1517
1390
1514
1500
1542
1936
1513
1540
1537
1534
1510
1542
1506
1496
1558
1923
1531
1550
1592
1524
1597
1576
1602
1566
1986
1584
1585
1613
1529
1598
1524
1559
1508
1576
1997
1562
1569
1541
1538
1563
1569
1507
1580
1925
1544
1562
1506
1573
1562
1593
1612
1576
1974
1537
1529
1528
1583
1538
1576
1596
1588
1587
1922
1511
1501
1573
1547
1560
1516
1541
1582
1976
1601
1534
1611
1513
1569
1609
1572
1606
1585
2015
1528
1599
1570
1586
1576
1500
1546
1502
1845
1434
1407
1409
1363
1446
1389
1473
1063
1387
1714
1170
1534
1574
1508
1519
1537
1527
1545
1948
1499
1583
1563
1592
1569
1609
1567
1599
2031
1526
1562
1603
1550
1556
1486
1581
1606
1631
1904
1550
1563
1561
1581
1528
1557
1582
1616
1911
1534
1568
1582
1575
1451
1570
1548
1583
1553
1951
1543
1553
1522
1569
1561
1562
1600
1593
1898
1551
1565
1535
1541
1509
1564
1589
1567
1968
1573
1594
1587
1586
1659
1593
1620
1589
1569
1990
1604
1589
1607
1607
1561
1572
1528
1527
1887
1557
1517
1437
1343
1494
1450
1483
1443
1467
1923
1528
1380
1355
1496
1190
1533
1498
1574
1964
1540
1550
1537
1529
1579
1568
1540
1561
1617
1947
1548
1582
1572
1589
1577
1576
1562
1608
1966
1587
1596
1532
1584
1581
1571
1567
1558
1928
1548
1574
1569
1577
1569
1564
1562
1602
1615
1951
1553
1544
1601
1549
1526
1552
1536
1566
1982
1542
1566
1596
1548
1561
1514
1585
1536
1550
2054
1532
1604
1597
1521
1542
1442
1598
1593
2033
1603
1622
1598
1587
1618
1318
1496
1543
1550
1976
1605
1581
1442
1550
1493
1578
1544
1602
1983
1598
1542
1535
1601
1473
1414
1530
1596
2002
1552
1452
1463
1505
1559
1567
1584
1532
1571
1966
1548
1536
1570
1571
1588
1584
1621
1591
1968
1531
1545
1582
1572
1588
1588
1624
1564
1552
2008
1496
1576
1573
1593
1558
1589
1573
1599
1980
1501
1562
1552
1545
1570
1605
1542
1544
1548
1935
1526
1573
1545
1548
1585
1558
1546
1554
1933
1495
1526
1533
1540
1589
1553
1586
1622
1962
1497
1558
1601
1582
1604
1611
1612
1612
1596
2010
1535
1597
1561
1568
1583
1535
1547
1486
1941
1405
1517
1458
1489
1491
1606
917
1323
1406
1273
1464
1538
1592
1528
1540
1536
1531
1566
1888
1526
1559
1577
1611
1555
1571
1580
1572
1528
1925
1550
1582
1581
1568
1547
1575
1601
1540
1917
1588
1527
1580
1537
1535
1535
1603
1521
2016
1477
1510
1544
1556
1503
1554
1574
1541
1597
1974
1527
1592
1549
1578
1554
1601
1551
1526
1965
1580
1566
1604
1508
1527
1580
1560
1535
1506
2019
1542
1504
1520
1527
1597
1508
1590
1533
1937
1476
1487
1524
1537
1521
1497
1555
1580
1572
2001
1588
1602
1547
1556
1556
1578
1608
1585
2002
1547
1520
1591
1583
1527
1516
1566
1521
1813
1479
1495
1426
1497
1463
1419
1508
1478
1397
1857
1365
1287
1452
1465
1531
1592
1557
1520
1448
1592
1418
1512
1545
1364
1367
1450
1548
1514
1891
1541
1522
1508
1540
1592
1570
1603
1563
1568
1933
1526
1545
1539
1575
1582
1754
1611
1568
1917
1530
1533
1579
1612
1576
1543
1561
1566
1983
1496
1538
1567
1593
1577
1569
1607
1566
1587
1927
1532
1539
1574
1550
1560
1571
1570
1600
1977
1546
1484
1610
1537
1519
1580
1557
1594
1500
1932
1517
1553
1532
1518
1502
1509
1532
1541
1881
1565
1526
1581
1602
1493
1543
1519
1579
1911
1618
1552
1622
1496
1506
1535
1496
1534
1520
1985
1599
1539
1568
1599
1581
1596
1588
1563
2007
1586
1605
1585
1618
1592
1610
1575
1519
1204
1919
1490
1542
1582
1567
1528
1509
1412
1537
1905
1538
1556
1573
1571
1604
1588
1529
1552
1603
1951
1555
1585
1575
1557
1583
1517
1582
1597
1947
1596
1533
1556
1594
1593
1472
1499
1520
1999
1535
1553
1546
1571
1592
1523
1583
1565
1607
1947
1567
1585
1601
1542
1510
1551
1596
1529
2020
1540
1535
1576
1589
1533
1545
1571
1539
1618
1940
1558
1585
1583
1530
1602
1586
1615
1583
2002
1611
1615
1621
1517
1591
1567
1584
1564
1959
1551
1502
1526
1408
1509
1455
1504
1361
1420
1883
1374
1485
1232
1409
1453
1364
1500
1540
2066
1503
1541
1510
1604
