91
178
167
786
1863
1964
1862
2470
1948
1915
1951
1869
1921
1972
1966
2464
1966
1953
2202
1969
1675
1981
2433
1935
1976
1958
1834
1952
1919
1955
2356
1936
1313
1793
1843
1858
1714
1605
1900
1476
1502
1386
1507
1616
1651
1731
2060
1653
1668
1625
1653
1696
1681
1694
1717
2122
1652
1713
1685
1711
1557
1640
1673
1700
2132
1750
1675
1677
1658
1726
1646
1710
1603
2063
1674
1707
1657
1693
1698
1689
1694
1732
2115
1665
1655
1634
1658
1629
1722
1656
2125
1634
1640
1755
1571
1658
1663
1640
1651
2054
1691
1684
1704
1653
1724
1685
1720
1725
2095
1687
1725
1732
1663
1728
1698
1722
1675
2132
1631
1599
1599
1526
1566
1626
1633
1574
2009
1510
1502
1523
1474
1558
1377
1574
1654
2062
1606
1655
1633
1621
1672
1620
1663
1645
1954
1576
1619
1468
1549
1518
1546
1576
1607
1943
1552
1561
1526
1558
1599
1587
1602
1597
1569
1942
1577
1496
1532
1569
1568
1610
1583
1584
1960
1563
1551
1562
1579
1566
1533
1544
1552
1955
1550
1520
1561
1588
1566
1562
1613
1582
1962
1502
1503
1544
1546
1548
1549
1578
1558
1597
1958
1512
1560
1604
1605
1614
1613
1592
1624
1974
1189
1561
1600
1566
1529
1577
1533
1566
1507
1898
1412
1501
1492
1394
1428
1445
1310
1355
1812
1199
1500
1551
1564
1562
1545
1540
1585
1915
1511
1575
1603
1576
1613
1594
1557
1546
1612
1966
1543
1572
1557
1583
1141
1553
1558
1604
1925
1543
1592
1568
1654
1513
1513
1535
1580
1529
1948
1501
1576
1610
1558
1601
1566
1541
1515
1980
1609
1548
1529
1534
1543
1567
1544
1563
1571
1954
1557
1548
1562
1607
1504
1513
1533
1543
1953
1567
1503
1538
1586
1565
1554
1593
1575
2002
1609
1530
1554
1608
1592
1569
1587
1577
1497
1895
1228
1491
1521
1508
1472
1524
1377
1496
1861
1352
1372
1374
1215
1443
1584
1546
1549
1525
1930
1526
1541
1572
1524
1541
1570
1586
1589
1998
1591
1577
1588
1569
1615
1564
1602
1586
1612
1957
1546
1545
1524
1603
1564
1563
1497
1560
1965
1548
1557
1522
1593
1575
1612
1229
1578
1945
1572
1604
1500
1547
1536
1542
1567
1559
1567
1970
1540
1554
1550
1558
1536
1538
1581
1584
1991
1606
1543
1614
1525
1658
1405
1569
1616
1596
2005
1544
1613
1569
1593
1448
1526
1530
1490
1941
1451
1545
1351
1418
1394
1463
1460
1387
1446
1723
1409
1372
1441
1171
1420
1265
813
1381
1882
1518
1547
1529
1541
1522
1538
1537
1577
1985
1509
1562
1560
1598
1579
1603
1567
1606
1607
1902
1514
1480
1594
1577
1607
1586
1612
1616
1888
1549
1572
1532
1559
1565
1578
1575
1582
1579
1968
1516
1576
1579
1553
1527
1533
1561
1523
1961
1547
1569
1496
1532
1584
1534
1528
1496
1573
1917
1501
1554
1588
1556
1598
1624
1539
1597
1993
1620
1598
1621
1602
1607
1631
1560
1615
1975
1606
1561
1572
1548
1568
1553
1454
1530
1470
1920
1462
1480
1435
1474
1428
1286
1251
1133
1617
1467
1539
1577
1448
1512
1562
1507
1537
1585
1935
1548
1529
1585
1545
1516
1527
1551
1649
1929
1545
1544
1580
1507
1594
1617
1589
1588
1998
1551
1547
1755
1518
1537
1566
1572
1602
1578
1969
1554
1570
1541
1611
1590
1572
1535
1601
1950
1546
1557
1537
1604
1605
1550
1586
1591
1550
1948
1542
1482
1565
1540
1537
1595
1577
1607
2019
1563
1572
1566
1617
1587
1616
1604
1546
1973
1516
1529
1532
1571
1516
1537
1486
1497
1460
1873
1396
1428
1461
1375
1441
1367
1420
1479
1078
1586
1313
1399
1472
1670
1074
1609
1461
1317
1765
1503
1437
1425
1427
1425
1434
1429
1446
1846
1365
1428
1453
1452
1494
1544
1501
1559
1603
1941
1547
1562
1570
1608
1579
1611
1575
1617
1951
1567
1588
1593
1623
1557
1600
1527
1588
1950
1584
1551
1587
1605
1582
1590
1583
1611
1547
1935
1566
1497
1591
1570
1545
1510
1583
1567
1966
1543
1512
1568
1298
1527
1534
1557
1496
1525
1935
1568
1593
1528
1492
1517
1524
1537
1566
1998
1466
1577
1600
1297
1579
1603
1567
1600
1972
1579
1653
1188
1532
1687
1339
1508
1557
1601
2117
1281
1602
1509
1522
1549
1474
1515
1549
1451
1936
1512
1531
1539
1534
1489
1579
1550
1584
1963
1542
1602
1519
1600
1525
1592
1531
1579
1998
1602
1607
1543
1588
1562
1528
1545
1555
1580
1927
1573
1573
1522
1508
1580
1574
1533
1548
2006
1360
1528
1468
1516
1544
1549
1592
1550
1993
1541
1517
1252
1520
1541
1480
1551
1530
1591
1820
1459
1541
1529
1573
1609
1590
1614
1609
2050
1053
1573
1544
1539
1558
1525
1578
1590
1597
1954
1518
1554
1571
1597
1582
1591
1617
1588
2027
1590
1580
1587
1635
1259
1151
1565
1433
1551
1919
1496
1562
1520
1519
1524
1583
1553
1594
1570
1925
1455
1530
1568
1595
1606
1581
1590
1581
1937
1546
1569
1578
1604
1596
1579
1566
1572
1958
1535
1564
1597
1567
1604
1534
1578
1582
1579
1934
1558
1523
1545
1538
1540
1540
1542
1547
1952
1533
1535
1576
1538
1543
1555
1548
1505
1580
1965
1600
1581
1598
1580
1624
1525
1603
1621
1979
1608
1603
1524
1558
1608
1482
1542
1540
1499
1921
1507
1541
1448
1502
1413
1288
1405
1395
1832
1416
1453
1397
1450
1160
1166
1117
1293
1904
1551
1531
1528
1527
1481
1543
1534
1552
1596
1939
1541
1553
1582
1529
1596
1591
1584
1622
1973
1518
1573
1286
988
1551
1537
1544
1575
1579
1947
1545
1528
1520
1568
1595
1562
1569
1582
1990
1764
1599
1551
1535
1534
1536
1586
1561
1957
1535
1578
1549
1561
1601
1581
1549
1553
1531
1905
1517
1519
1572
1600
1583
1602
1587
1630
1950
1549
1546
1566
1599
1549
1619
1572
1612
1605
1938
1550
1569
1590
1550
1582
1624
1518
1596
