107
203
123
127
40
33
26
24
22
48
209
175
206
218
223
135
166
184
182
180
216
161
168
129
190
182
207
181
211
192
198
199
210
212
165
192
203
32
30
25
70
172
132
188
189
192
214
631
165
183
202
139
191
201
209
767
194
204
214
221
221
216
219
220
227
220
222
224
219
223
219
217
223
66
198
212
166
210
221
216
210
224
226
259
155
186
159
173
637
199
211
207
216
218
221
221
219
205
210
218
218
221
218
223
219
222
221
217
203
221
209
225
218
295
182
167
211
224
212
219
219
220
224
220
223
240
163
193
138
622
188
208
218
223
218
217
214
224
217
216
217
228
224
216
216
217
228
226
234
204
218
223
222
168
220
220
186
224
210
216
223
227
225
227
225
228
227
227
225
266
129
725
178
639
202
212
211
222
162
199
221
220
226
224
225
222
228
226
235
172
55
225
215
205
217
228
123
156
198
137
32
26
110
205
215
184
211
215
207
217
218
241
150
177
211
666
226
90
152
153
161
223
37
147
151
195
89
150
177
770
156
194
181
203
226
153
131
180
195
212
179
191
213
213
221
216
220
219
220
208
208
140
205
244
143
145
165
163
196
641
159
184
194
193
117
209
217
215
215
214
225
182
195
216
210
218
220
219
178
219
124
207
216
216
222
219
221
755
197
207
213
207
131
213
221
213
171
160
220
165
605
170
189
201
150
205
216
208
218
235
112
175
105
201
214
170
216
216
219
222
209
218
179
214
205
222
224
226
222
218
226
218
225
215
219
234
152
198
181
212
151
197
140
228
915
158
160
187
196
208
211
214
162
183
220
214
165
218
216
217
222
221
222
204
212
218
220
224
208
72
185
197
201
193
202
214
216
217
221
218
217
217
98
209
76
212
555
169
191
45
173
198
170
200
135
171
147
190
188
154
141
108
107
595
34
84
81
137
150
152
140
118
142
110
137
158
156
165
186
138
141
169
148
153
160
161
170
252
33
50
137
474
130
116
138
153
158
159
174
71
166
177
176
180
175
184
141
155
161
165
167
146
165
169
173
164
169
169
171
173
185
102
131
152
152
175
92
138
146
627
153
97
109
125
147
134
145
109
95
83
105
124
450
99
79
147
103
134
150
156
160
156
167
168
171
170
171
170
171
160
173
165
171
172
172
154
55
152
158
162
166
153
165
164
167
168
169
167
169
167
158
169
169
179
156
27
137
159
114
116
106
135
117
132
462
145
161
618
164
168
159
159
171
172
169
169
175
147
161
168
176
173
169
171
169
171
183
103
148
157
162
166
173
171
170
170
172
162
166
165
170
167
188
116
149
157
150
161
271
32
32
94
480
109
109
126
139
144
150
164
164
166
166
167
170
168
150
167
169
165
158
164
166
49
163
636
169
170
150
161
166
168
165
168
170
168
169
170
174
137
31
88
87
110
128
121
142
154
110
130
115
120
97
94
143
507
98
137
143
150
151
151
156
162
166
154
160
163
163
134
162
163
162
162
166
165
164
169
155
159
165
167
163
163
166
28
57
149
95
135
137
31
30
89
531
29
27
29
85
125
119
160
86
88
494
109
136
142
153
158
144
161
116
126
135
156
118
146
158
150
104
106
101
103
134
107
94
137
162
88
124
72
113
128
147
158
174
116
110
108
142
148
152
158
157
156
113
149
153
148
156
181
29
79
107
132
148
528
139
150
145
152
156
161
594
148
153
158
160
161
163
157
157
154
161
158
159
162
163
141
154
157
151
156
159
159
161
176
131
155
161
159
162
163
159
118
158
159
162
160
164
152
173
107
137
100
480
152
101
137
144
146
133
163
150
150
139
155
160
160
159
163
162
161
161
152
158
161
157
159
161
161
165
605
135
147
159
132
157
160
161
159
159
119
154
162
146
158
149
160
162
162
164
166
139
99
92
123
130
472
132
113
149
161
112
147
154
153
154
172
100
127
140
134
151
155
159
21
136
154
158
151
159
157
151
160
158
159
161
162
161
157
157
116
161
163
160
157
162
164
135
148
601
145
264
32
27
102
503
128
87
127
132
136
138
151
156
158
158
157
157
168
108
86
133
140
136
152
166
122
137
155
144
154
157
131
152
156
172
96
126
133
100
138
153
147
124
142
94
151
174
98
121
121
109
122
141
124
137
117
138
518
131
132
152
106
117
145
146
150
149
605
143
153
143
156
157
157
164
158
146
155
162
162
164
162
162
164
164
122
161
159
161
165
164
162
164
105
140
156
160
152
162
166
180
95
159
210
33
31
58
114
98
79
458
106
96
124
150
30
177
