315
201
128
195
729
1139
1151
1043
1130
1166
1076
1132
1152
1114
1142
1094
1112
1581
1086
1100
1137
1167
1093
1062
1084
1096
1111
1076
1071
1091
1571
1062
1136
1116
1149
1130
1127
1161
1126
1124
1131
1126
1638
1134
1152
1156
1172
1146
1189
1101
1110
1099
1124
1131
1633
1106
1128
1153
953
1161
1171
1186
1150
1130
1184
1154
1094
1545
1041
1070
1080
1020
1061
1052
1027
1100
861
955
1017
1017
1065
1438
1027
999
1027
1003
1026
973
997
976
1046
975
1016
1072
1024
1486
985
1013
1042
1035
969
1024
1025
1048
1038
1058
1072
1129
950
1455
1029
1048
1052
1077
1020
1024
1049
1051
1044
1045
1091
1071
1403
1000
1005
1021
1070
1026
992
1051
1034
997
1019
1073
1000
1048
1453
981
1043
1051
1016
1007
1070
989
1002
1059
993
984
992
1036
1409
1038
1025
1031
983
1043
1069
1001
1038
1005
1005
1007
1011
1435
1008
992
1022
1006
1051
1072
1056
1012
1065
1038
1067
1059
1056
1450
1000
1035
986
1065
1079
1047
1073
1081
1021
1028
1066
1075
1486
1017
1054
992
1050
1060
1001
1031
1041
1041
992
1020
1027
983
1419
1005
895
983
967
998
990
982
979
931
973
982
936
942
1296
858
839
893
963
998
1067
1012
1004
994
996
877
994
1003
1382
948
981
1009
988
995
1009
1010
998
1026
1039
968
1018
1045
928
1361
979
1007
987
1007
1022
996
1000
1019
1015
998
1024
1037
1341
953
973
981
1009
979
985
1019
965
959
958
966
990
967
999
1362
1052
911
1010
994
1028
996
1028
1017
990
965
988
953
1024
1367
963
950
981
961
952
985
1003
1012
953
966
1010
950
998
1001
1354
969
966
960
973
943
945
936
978
1007
978
993
1034
1016
1447
999
1018
1028
995
1020
1027
1004
1025
1013
996
1001
1024
1044
1404
1026
1035
1042
985
1016
1014
1011
1007
982
1031
996
1021
1020
1405
952
991
960
959
963
981
936
969
900
928
958
959
953
921
1338
960
911
871
796
848
903
877
894
979
1003
1055
905
959
1352
962
919
956
942
959
988
960
1006
982
1008
1021
986
1029
972
1342
961
995
997
973
1012
988
1003
1018
1069
997
996
1018
1083
1346
963
990
988
997
964
1019
1001
945
971
1011
986
953
948
1366
955
978
1007
985
968
1009
997
984
1014
1006
1035
950
969
1386
949
986
985
921
989
983
949
993
950
963
1024
581
975
944
1342
960
968
937
999
999
980
951
966
904
1035
942
975
978
1366
1009
988
976
1021
999
1018
1014
1030
998
980
1019
984
1026
1042
1390
951
1012
1028
995
1025
1028
1029
949
953
998
973
987
1395
964
950
987
990
917
961
1019
841
913
934
941
877
874
952
880
1242
889
871
935
964
819
637
851
918
807
946
969
1004
1402
798
936
948
949
993
926
988
946
948
967
991
1000
1006
893
1392
950
968
996
928
980
1011
996
1024
990
1023
1019
1021
986
1400
951
972
1001
988
984
1021
970
995
994
1002
1022
1008
929
1030
1338
947
973
995
1018
955
913
951
1000
1003
1015
994
958
1460
954
987
986
962
953
979
995
990
918
1015
948
966
941
979
1410
953
977
981
967
929
989
1021
933
1003
922
959
948
980
1330
949
946
960
968
993
1014
988
1016
1022
1008
897
998
1001
1007
1427
1024
997
1023
1027
1038
979
1022
1021
953
1006
1002
1008
979
1418
998
962
985
996
914
969
970
970
875
935
966
923
925
955
1375
899
907
945
892
927
919
895
865
916
884
769
846
1248
906
965
998
1031
953
927
950
913
798
947
958
989
951
968
1388
950
975
957
1012
983
955
971
984
1015
1029
1000
1001
1031
1410
950
990
966
1001
1011
963
992
1012
1024
985
1016
995
1039
966
1406
1020
944
987
1013
897
991
999
994
975
1013
979
1021
1013
1357
961
967
1002
1014
919
966
1015
956
994
931
1039
940
980
1436
936
949
1021
902
967
1042
954
940
960
960
934
1004
936
994
1345
930
944
918
946
991
1010
972
1012
1019
1030
992
1039
1016
1386
1006
1038
923
949
928
951
851
951
891
960
976
954
993
960
1352
935
1006
932
1001
1039
970
988
1021
1022
1026
1033
1060
913
1376
1198
970
994
982
987
987
989
963
944
956
966
948
998
1340
792
729
953
896
959
993
1020
944
941
980
945
961
976
1406
919
955
981
1007
987
980
998
996
1021
1004
1031
1006
1074
868
1294
914
977
1002
984
1009
1017
999
982
1007
1026
991
1013
996
1374
959
989
978
1003
1046
932
958
971
1008
951
970
987
968
966
1383
958
959
981
1002
1018
989
1017
1030
869
991
961
944
1381
968
951
1001
955
973
919
986
995
1016
952
955
978
943
1025
1422
964
940
976
954
971
926
1019
949
912
962
955
943
982
1417
1005
1019
1022
1028
995
1014
1026
975
999
1016
956
989
1021
1037
1436
1002
1026
1028
993
1020
1029
997
1025
1030
982
988
1016
1032
1368
988
994
948
924
993
965
943
947
922
969
928
949
968
1335
934
947
903
936
957
815
787
538
856
613
957
998
1031
995
1355
948
958
962
948
953
948
946
917
953
995
1015
986
1008
1351
961
952
996
1027
913
978
954
1011
994
1017
1025
983
1079
918
1340
1016
963
954
975
1016
943
1016
1015
