89
186
125
139
827
1214
1198
1218
1077
1217
1256
1291
2142
1192
1176
1207
1205
1200
2250
1254
1203
1205
1197
2321
1135
1162
1161
1180
1110
1015
954
990
1004
1026
1006
2664
877
994
1017
1042
991
1035
1017
1001
1024
1007
1041
1024
1015
1734
941
999
1026
984
1600
1042
971
1018
992
953
967
972
1730
911
963
983
983
970
1009
993
981
974
1032
1864
1020
1738
968
1007
988
966
1011
975
951
969
1011
1020
987
977
1010
1679
910
978
1858
950
964
947
1019
669
991
955
1006
1015
1755
928
984
1025
947
1022
1033
1049
1043
1915
985
1018
1018
1732
923
993
1021
1009
991
1053
1079
664
766
836
763
1030
954
1741
1550
972
1011
999
1030
981
971
1000
1029
1031
997
1029
1788
935
997
1018
995
1034
981
1801
852
982
1010
1006
1040
1796
886
995
927
996
958
999
954
973
942
995
991
988
1846
1701
1000
983
1034
977
1034
1002
1025
1029
992
1033
1024
1041
924
1695
940
985
962
1894
978
1035
817
821
668
602
638
617
615
640
621
1083
611
638
646
644
656
622
650
611
646
665
653
616
573
946
587
605
549
615
541
1037
561
619
607
575
532
586
594
540
594
554
596
614
553
606
602
619
537
604
593
603
568
976
517
1057
541
583
563
567
592
584
524
569
519
559
585
533
540
555
469
520
551
528
535
973
528
546
569
561
568
576
580
560
576
579
1057
591
499
512
571
543
558
575
574
572
602
527
941
513
541
563
528
567
571
566
559
568
535
557
558
558
520
568
530
555
562
587
965
538
527
878
534
545
536
523
547
556
565
557
565
534
556
559
556
459
594
491
482
344
526
540
549
524
556
482
897
541
503
542
540
1008
547
547
511
535
541
495
536
547
515
534
464
518
474
510
176
514
524
506
881
496
533
463
485
457
475
478
485
433
486
449
459
399
984
492
449
485
479
497
527
527
584
491
481
879
498
521
540
510
543
497
541
541
521
543
553
514
540
550
534
542
557
506
531
545
545
1036
435
887
516
508
539
524
467
538
547
543
558
530
517
543
543
559
517
550
520
545
516
538
522
613
472
446
882
521
471
485
495
472
964
503
480
494
490
483
468
505
527
501
544
469
519
531
549
610
454
466
820
495
484
524
541
440
476
469
517
499
541
474
473
555
418
953
473
469
510
498
439
514
500
861
472
462
496
527
559
462
469
475
522
431
506
522
531
541
502
485
524
499
521
454
530
471
492
473
489
1155
481
472
478
510
524
509
532
536
536
549
540
548
505
534
540
544
547
528
512
538
526
582
464
455
701
513
441
490
524
525
537
542
982
545
548
515
542
542
539
546
547
515
541
541
505
562
488
453
857
505
530
468
507
499
529
538
537
534
542
519
537
543
550
542
547
959
551
445
527
464
521
483
879
511
529
546
508
540
545
536
543
543
543
468
511
509
528
538
548
505
518
486
553
466
530
419
477
552
473
938
497
517
548
472
550
301
476
481
479
478
475
434
497
407
492
218
476
458
463
499
542
839
472
514
503
505
538
531
540
542
508
535
997
524
535
511
488
531
540
537
528
498
531
535
557
478
446
821
492
511
506
523
545
508
533
540
541
538
543
520
494
546
518
543
554
455
934
528
551
506
824
480
511
538
484
531
542
507
520
474
488
466
560
390
502
499
524
537
542
512
538
484
527
530
520
482
868
471
505
977
494
530
542
537
538
554
441
286
513
481
495
541
465
476
517
528
547
467
425
328
863
457
492
516
437
485
512
524
527
545
428
472
1001
488
515
531
504
538
534
521
490
520
474
523
485
840
462
447
457
469
513
580
411
344
470
512
530
534
539
542
519
541
536
543
546
544
976
470
485
851
475
491
519
513
526
493
561
495
519
537
542
538
546
508
510
537
537
543
546
485
512
577
454
458
915
502
532
540
500
999
511
535
542
534
540
544
553
517
536
538
541
534
558
521
535
539
559
489
902
506
527
504
504
527
546
539
545
542
539
540
544
507
993
532
537
544
500
523
531
529
550
497
829
472
459
539
475
467
361
486
483
429
472
473
488
513
496
542
476
492
442
460
474
482
472
452
946
418
848
454
512
471
501
500
527
541
516
513
535
514
532
538
537
550
502
509
536
539
539
525
496
471
501
871
477
499
472
515
525
991
519
500
536
519
540
539
541
496
537
511
521
540
553
476
541
487
414
855
472
479
497
528
536
540
513
511
526
539
560
470
479
493
528
944
524
447
481
472
507
518
469
873
457
480
453
491
518
576
402
514
493
514
554
452
513
530
545
532
533
542
556
440
475
527
511
480
1235
486
521
530
563
460
479
521
461
491
442
504
515
475
470
494
516
522
458
527
535
540
620
426
869
460
500
517
650
