82
181
141
610
1823
1942
1942
1929
1923
1708
1869
2380
1897
1924
1936
1935
1959
1903
1898
2353
1889
1932
1903
1939
1955
1927
1951
2391
1899
1859
1901
1904
1903
1841
2259
1715
1780
1807
1769
1754
1749
1796
1732
2179
1814
1723
1799
1808
1828
1839
1808
2290
1819
1813
1838
1814
1819
1832
1825
2159
1770
1743
1790
1453
1677
1712
1730
1640
2172
1612
1682
1565
1554
1541
981
1641
2173
1814
1731
1759
1728
1740
1743
1748
2246
1754
1759
1773
1787
1786
1793
1755
1779
2168
1735
1765
1797
1802
1764
1760
1785
2206
1763
1724
1717
1764
1765
1755
1727
1793
2170
1747
1758
1744
1760
1808
1689
1750
2185
1748
1768
1755
1778
1724
1691
1792
2135
1735
1761
1799
1779
1826
1708
1757
1776
2079
1587
1600
1585
1612
1582
1586
1619
1572
2026
1547
1548
1514
1541
1494
1429
1517
1431
1547
1636
1408
1457
1438
1403
1293
1109
1196
1123
1126
1841
1466
1494
1593
1411
1474
1498
1484
1505
1482
1884
1502
1513
1465
1545
1532
1524
1559
1549
1905
1497
1512
1528
1466
1542
1528
1556
1544
1551
1915
1545
1503
1447
1466
1526
1516
1535
1519
1955
1495
1512
1521
1410
1439
1463
1610
1479
1475
1889
1495
1506
1443
1505
1523
1540
1478
1518
1485
1900
1650
1422
1498
1475
1483
1528
1505
1542
1935
1526
1517
1510
1562
1517
1560
1530
1558
1548
1952
1556
1536
1526
1519
1562
1475
1524
1534
1507
1797
1431
1477
1388
1471
1459
1430
1479
1417
1522
1638
1334
1294
735
1426
1484
1548
1470
1536
1443
1787
1439
1485
1458
1522
1531
1547
1507
1539
1944
1496
1452
1510
1523
1517
1529
1522
1536
1567
1884
1476
1459
1526
1512
1530
1553
1509
1524
1912
1512
1484
1469
1460
1487
1467
1008
1354
1378
1378
1804
1340
1330
1479
1511
1498
1487
1519
1470
1939
1426
1521
1520
1448
1518
1509
1560
1471
1552
1965
1457
1464
1515
1504
1557
1503
1477
1441
1510
1901
1431
1565
1460
1463
1477
1531
1519
1548
1894
1551
1532
1563
1554
1524
1558
1536
1569
1450
1843
1501
1483
1509
1467
1507
1443
1465
1479
1397
1771
1524
1323
1276
1368
1025
1484
1538
1532
1829
1478
1488
1456
1495
1456
1482
1538
1494
1535
1859
1495
1489
1500
1527
1527
1535
1565
1530
1518
1875
1496
1510
1552
1502
1537
1549
1554
1562
39
22
1188
1486
1520
1529
1517
1584
1848
1504
1564
1465
1468
1552
1461
1541
1515
949
1472
1548
1484
1432
1541
1499
1531
1507
1490
1914
1498
1501
1481
1535
1561
1538
1570
1507
1564
1929
1566
1552
1533
1575
1547
1583
1532
1555
1569
1900
1502
1437
1524
1480
1517
1430
1474
1483
1849
1467
1422
1504
1464
1574
1314
1359
1407
1395
1866
1460
1553
1487
1473
1305
1495
1455
1459
1961
1480
1482
1534
1528
1545
1535
1562
1578
1546
1922
1449
1519
1526
1601
1464
1514
1547
1543
1562
1903
1472
1503
1508
1473
1507
1536
1525
1553
1567
1882
1479
1536
1507
1549
1504
1502
1494
1521
1916
1467
1521
1551
1528
1527
1563
1553
1516
1517
1884
1459
1482
1533
1524
1554
1522
1565
1536
1955
1523
1544
1533
1541
1571
1546
1572
1576
1542
1969
1499
1530
1516
1563
1413
1452
1514
1445
1491
1885
1318
1353
1429
1457
1358
1419
1353
1384
1468
1751
1372
1030
1444
1531
1556
1429
1489
1488
1840
1494
1497
1529
1532
1523
1560
1532
1564
1516
1899
1471
1527
1527
1530
1550
1532
1556
1578
1484
1909
1474
1527
1534
1511
1530
1511
1489
1538
1866
1494
1539
1503
1518
1556
1546
1538
1468
1472
1908
1485
1545
1478
1562
1467
1518
1532
1470
1540
1907
1529
1493
1508
1468
1509
1472
1438
1490
1487
1916
1521
1562
1560
1494
1533
1503
1553
1572
1923
1566
1536
1571
1542
1573
1551
1501
1543
1479
1909
1482
1506
1456
1490
1475
1426
1411
1395
1426
1774
1404
1433
1407
1220
1262
1183
1368
1397
1883
1502
1472
1525
1495
1305
1448
1469
1479
1487
1500
1863
1491
1520
1535
1510
1563
1489
1524
1562
1881
1481
1525
1512
1534
1523
1487
1473
1541
1549
1878
1498
1519
1512
1542
1549
1515
1440
1515
1912
1506
1132
1531
1507
1546
1544
1484
1488
1531
1925
1461
1504
1514
1532
1514
1524
1469
1550
1460
1882
1432
1506
1490
1516
1571
1420
1548
1491
1941
1451
1484
1501
1552
1527
1467
1484
1474
1456
1841
1452
1457
1517
1467
1502
1544
1473
1545
1539
1958
1534
1563
1570
1540
1569
1498
1559
1546
1970
1568
1532
1557
1508
1534
1493
1454
1525
1246
1933
1432
1474
1480
1459
1499
1192
1377
1357
1426
1472
1349
1319
1498
1554
1458
1466
1418
1439
1392
1691
1334
1381
1296
1383
1483
1521
1469
1513
1514
1900
1500
1532
1500
1552
1507
1506
1558
1544
1922
1482
1531
1501
1714
1487
1523
1543
1524
1572
1871
1502
1490
1536
1466
1509
1452
1501
1464
1955
1467
1521
1536
1510
1513
1516
1555
1524
1549
1949
1471
1506
1524
1497
1509
1552
1473
1503
1943
1518
1522
1546
1540
1412
1484
1480
1525
1523
1917
1503
1500
1562
1492
1423
1452
1452
1474
1505
1869
1509
1482
1531
1594
1381
1564
1482
1534
1557
1953
1533
1534
1535
1454
1514
1504
1554
1514
1578
1935
1435
1481
1448
1539
1527
1557
1538
1585
1938
1447
1555
1537
1526
1534
1534
1544
1485
1430
1687
1231
1503
1492
1492
1491
1535
1481
1484
1487
1888
1470
1475
1517
1519
1536
1536
1532
1611
1864
1496
1472
1535
1515
1555
1528
1462
1499
1485
1833
1463
1471
1519
1531
1535
1510
1445
1488
1503
1918
1401
1482
1492
1493
1507
1517
1550
1521
1552
1909
1442
1518
1531
1522
1477
1490
1518
1486
1943
1463
1478
1497
1537
1531
1494
1508
1493
1506
1891
1465
1522
1522
1522
1551
1571
1537
1566
1903
1520
1520
1557
1549
1563
