80
156
117
108
33
164
475
483
451
489
295
514
912
494
468
484
498
493
501
511
484
496
502
462
480
499
502
470
496
501
503
504
508
508
462
488
485
895
500
511
470
496
500
502
502
509
477
497
503
464
499
502
510
470
498
504
504
495
499
503
504
506
505
508
910
400
494
411
438
443
433
169
432
452
436
479
491
488
472
510
465
393
418
426
444
400
400
422
470
407
421
740
424
408
444
350
430
469
479
492
458
480
415
462
462
485
500
486
498
500
507
472
498
502
501
523
439
432
862
372
445
171
421
316
318
435
353
369
381
456
443
451
490
458
483
490
487
499
496
508
436
446
478
434
473
831
433
404
394
430
445
407
419
464
475
469
427
439
472
474
494
497
462
443
419
444
469
485
395
457
473
434
878
431
389
461
492
420
451
499
451
453
464
475
473
489
497
505
452
484
355
693
484
436
431
467
484
890
472
402
455
510
406
448
471
454
430
413
452
456
468
474
415
424
445
487
503
478
508
382
430
468
459
482
907
373
458
478
500
482
442
471
443
473
484
489
480
509
456
473
459
447
463
501
410
508
461
394
398
411
421
355
807
434
455
384
425
375
405
477
435
422
436
478
387
455
480
473
476
487
501
469
482
499
505
526
479
471
490
885
504
494
502
505
504
504
505
494
492
512
473
494
501
500
502
505
487
468
498
487
500
500
465
483
823
429
458
477
475
458
486
495
485
498
501
506
471
497
410
479
485
494
483
500
504
504
506
506
472
469
493
900
503
504
511
478
493
500
503
503
509
504
476
530
465
399
435
500
396
432
467
426
467
289
441
455
438
430
850
426
468
454
475
489
494
484
507
462
437
410
497
308
76
66
66
146
56
53
51
49
47
66
77
437
414
777
388
443
475
457
479
472
418
467
420
419
448
461
463
491
418
399
491
480
403
463
468
485
513
427
866
405
442
465
482
443
381
424
475
483
486
484
486
495
490
456
489
398
488
482
494
496
468
469
494
467
498
841
457
452
460
484
475
458
485
469
449
494
486
447
483
468
489
412
481
464
466
465
463
485
491
473
408
473
877
430
457
456
456
477
409
401
436
449
479
453
466
485
445
460
486
503
468
454
457
425
458
488
491
472
488
886
298
449
450
472
486
452
486
493
492
461
500
461
383
474
482
465
493
488
493
491
456
498
468
478
493
504
874
406
436
460
474
474
488
498
501
492
499
500
468
417
446
465
404
449
436
472
498
412
500
404
457
496
492
895
461
395
428
434
440
496
417
409
456
433
482
517
427
474
412
482
458
403
440
394
422
424
330
433
441
415
841
408
460
475
479
480
464
448
493
497
503
501
496
467
494
500
502
486
507
462
462
483
498
471
492
912
488
502
505
501
505
472
455
476
499
498
497
514
409
464
498
501
496
503
509
479
473
495
500
503
518
467
515
886
490
499
504
443
489
499
503
506
507
509
488
417
473
496
501
525
427
434
477
492
487
499
505
456
496
507
874
493
457
459
487
495
494
485
494
501
459
478
485
503
412
399
425
430
359
93
440
432
481
460
498
438
479
833
357
400
432
434
403
409
422
413
472
413
447
426
447
423
391
435
454
479
487
487
496
452
474
504
436
446
811
424
456
472
469
493
504
465
487
491
497
507
472
453
469
493
502
497
503
503
468
500
503
499
509
409
458
800
454
468
482
487
506
462
475
463
486
499
509
481
492
501
505
495
476
507
442
479
495
471
438
435
473
442
826
455
436
474
484
465
335
442
468
489
503
481
483
489
505
464
493
503
453
467
449
501
500
528
374
889
407
465
479
476
479
325
502
452
467
490
504
487
423
463
463
495
407
425
430
412
461
489
456
393
451
441
859
435
438
424
454
407
450
489
405
455
470
417
470
487
492
445
475
441
491
497
497
490
480
504
470
476
435
853
428
433
449
431
444
396
456
453
462
473
490
477
472
493
498
417
473
483
475
493
478
502
468
490
493
474
884
213
477
474
418
442
448
455
434
460
476
481
474
484
453
459
487
475
490
470
476
461
476
481
481
498
483
806
448
439
462
470
489
504
456
483
492
479
496
445
480
461
480
488
472
473
502
469
491
478
483
488
402
500
884
462
489
493
474
508
447
479
480
472
493
416
466
460
470
464
483
480
489
445
473
476
311
449
417
424
863
247
493
414
517
409
747
219
498
515
400
425
380
420
465
411
432
450
340
450
411
430
436
425
492
410
419
470
884
427
462
459
485
474
459
449
499
495
457
486
489
496
500
503
485
399
443
477
496
491
497
503
485
468
471
