87
229
145
130
437
1144
1132
1029
1183
1176
1102
1152
1114
1174
1677
1074
1146
1156
1146
1161
1158
1109
1155
1160
1127
1147
1179
1591
1121
1169
1148
1003
1223
1074
1130
1009
913
1112
1160
1553
1102
1122
1073
1036
1064
1088
1125
1159
1099
1148
1172
1553
1047
1140
1124
1130
1038
1124
1160
1187
1131
1169
1176
1080
1588
1086
1157
1079
1121
1078
1140
1164
1134
1165
1147
1092
1116
1584
1121
1109
774
1114
1086
1141
1107
1143
1138
1153
1107
1116
1598
1081
1126
1116
1086
1158
1118
1172
1115
1079
1147
1563
1116
1082
1151
1095
1093
1141
1135
1168
1151
1088
1097
1144
1616
1166
1093
1131
1138
1141
1096
1113
1150
1117
1118
1159
1165
1658
1183
1153
1176
1185
1153
1180
1180
1132
1178
1183
1188
1655
1166
1155
1176
1193
1075
1118
1139
1075
1132
1087
1123
1060
1419
971
1046
1093
1059
1071
1103
971
1010
1034
1053
984
777
1312
793
1035
759
1033
1098
1115
1109
1073
1088
1096
1114
1095
1582
1079
1141
1123
1114
1139
1123
1156
1150
1145
1136
1187
1556
1095
1131
1118
1140
1121
1108
1152
1168
1140
1143
1172
1128
1546
1110
1122
1138
1157
1060
1145
1144
1144
1097
1115
1021
1102
1540
1108
1134
1148
1018
1027
1046
1055
1055
1006
1008
1000
1054
1407
1026
981
978
957
1036
950
1022
957
1009
955
980
991
1017
1414
1077
991
935
1002
965
967
994
985
1010
1020
1001
1025
1032
1456
1002
979
1028
1003
1023
1045
1010
1036
1022
1033
1007
1028
1046
1417
1036
997
1041
1005
1088
897
966
917
674
108
381
695
973
629
1198
876
905
932
919
894
905
955
957
957
947
1014
928
927
1404
954
968
1022
934
935
610
963
997
1001
943
1000
1006
932
966
1351
1182
995
968
979
1006
1006
926
982
1011
1030
950
1029
1434
956
985
1002
997
995
1018
1028
1005
1023
1025
1002
950
1032
971
1338
984
992
946
993
995
1024
1059
903
1022
900
907
954
1063
1318
957
1000
989
1055
956
939
964
959
966
876
1042
910
973
946
1420
958
940
912
1012
949
962
914
953
943
946
965
1009
1376
936
1002
954
983
987
994
938
994
907
949
947
984
975
1010
1416
975
1011
1023
1035
998
1012
1145
710
888
902
987
956
1006
1414
957
972
1003
1017
980
1013
1036
1004
947
951
997
985
950
971
1356
993
1016
974
1009
1024
1020
946
970
1006
1013
1026
1023
1045
1398
1012
1032
999
1021
986
1030
962
943
912
576
963
993
1023
1346
958
959
979
939
951
956
973
952
989
983
1006
1013
997
1414
953
978
980
1005
965
990
1010
989
1021
995
1017
1033
1014
930
1373
946
988
998
966
975
1011
996
1020
997
1010
1032
989
970
1444
1007
946
990
959
986
1007
1026
990
1002
1146
976
980
1033
937
1395
913
968
906
962
1002
1000
1009
959
966
965
961
862
988
1403
953
952
938
985
1004
1027
942
968
950
969
968
963
931
1361
911
833
967
1003
1010
973
965
1019
1028
995
1040
947
987
1476
940
1003
987
1013
1033
989
1022
1026
1033
994
1037
1023
996
1036
1385
976
991
994
1007
971
991
992
978
988
999
834
885
989
1312
911
930
925
955
909
911
956
904
933
917
940
924
380
907
1080
886
560
932
997
951
993
975
954
975
935
903
954
968
1359
946
986
971
1001
993
1016
980
997
1020
1018
946
1014
1037
1385
938
989
979
1003
1016
1006
993
999
1029
985
969
1012
1020
1392
951
989
960
1001
978
960
1006
936
1008
942
935
936
938
993
1413
919
986
1015
945
977
1006
1017
1024
965
1011
953
944
977
1315
1005
962
951
917
1001
919
948
963
960
1044
914
953
1041
971
1325
956
960
947
971
977
949
969
957
992
997
1024
1012
1437
992
1033
947
971
1016
1022
1033
939
1000
1002
991
1013
1023
1036
1415
1012
1027
992
1018
1013
929
997
999
999
935
976
984
908
1339
962
964
910
677
947
859
951
946
963
912
944
922
904
925
1348
913
974
934
698
496
813
909
555
861
912
984
1001
987
1344
977
636
953
911
940
993
940
969
1000
1015
998
973
1022
995
1366
971
979
974
1017
960
986
996
1026
1023
1011
1008
1021
983
1378
952
952
968
1019
964
1014
996
998
1026
998
990
1027
997
1391
945
970
976
959
990
960
963
973
1018
999
979
1022
1058
973
1347
1007
957
955
991
957
982
934
1030
936
975
980
984
943
1376
969
928
975
959
992
1031
940
969
928
935
960
933
1010
966
1261
957
966
972
969
1012
976
943
993
1018
783
971
1010
1376
690
958
974
998
1016
1024
1038
991
1041
962
964
984
971
948
1348
977
971
1012
988
1033
618
999
1001
1004
983
1008
968
981
1410
1000
976
1006
984
1011
993
865
950
1034
771
984
707
950
988
1321
949
967
864
925
934
1015
926
945
958
969
968
943
926
1367
969
975
957
950
992
972
978
987
973
990
962
977
986
987
1385
1018
974
1001
991
965
957
996
949
996
1000
970
978
1405
957
974
993
914
1044
921
942
920
974
991
1007
958
1018
1048
1369
991
959
977
997
1005
1016
974
961
953
961
1016
961
969
1425
935
951
969
996
1012
973
989
945
1000
945
974
950
995
974
1330
982
979
1004
1020
957
1009
1018
1025
1000
1002
1026
1025
