88
165
130
127
1119
1964
1957
2444
1967
1951
1934
1946
2001
1985
1971
2245
1991
2222
1937
1936
1974
1982
2368
1909
1899
1939
1982
1968
1997
1993
2403
1952
1878
1964
1976
1981
1954
2476
1943
1925
1967
1982
1986
1985
1927
2441
1924
1925
1947
2000
1940
1971
2398
1920
1931
1929
1972
1943
1893
1947
2479
1784
1811
1870
1887
1911
1906
1916
2384
1911
1907
1936
2016
1839
1934
1961
2249
1912
1941
1945
1978
1967
1934
2446
1955
1938
1934
1959
1918
1934
1898
2342
1813
1822
1568
1553
1625
1445
1268
1460
2028
1599
1619
1620
1607
1590
1616
1589
1587
1993
1556
1616
1637
1595
1596
1604
1632
1666
1985
1502
1548
1588
1598
1588
1593
1617
1636
1529
1963
1542
1565
1556
1597
1589
1616
1582
2014
1550
1535
1596
1576
1587
1548
1590
1583
1648
1896
1523
1551
1552
1615
1548
1559
1589
1564
1943
1554
1521
1540
1546
1566
1597
1575
1601
1630
1946
1620
1602
1619
1605
1626
1617
1548
1604
1965
1588
1602
1608
1565
1592
1534
1440
1467
1427
1948
1485
1526
1480
1523
1432
1493
1387
1365
1676
1452
1383
1497
1592
1559
1539
1538
1477
1541
1946
1576
1573
1576
1588
1592
1626
1524
1608
1945
1550
1565
1601
1576
1584
1595
1552
1619
1963
1580
1548
1639
1563
1571
1555
1534
1585
1606
1954
1569
1587
1579
1633
1573
1614
1485
1590
1969
1559
1541
1567
1553
1583
1546
1571
1566
1551
1965
1540
1539
1554
1545
1509
1580
1566
1627
1960
1605
1600
1612
1624
1564
1619
1597
1621
1995
1628
1612
1591
1530
1525
1600
1561
1594
1966
1551
1522
1549
1517
1447
1527
1469
1508
1449
1878
1317
1346
1270
1404
1502
1575
1564
1500
1955
1522
1558
1545
1518
1577
1567
1588
1585
1611
1949
1553
1547
1513
1531
1567
1568
1580
1619
1697
1545
1568
1531
1587
1581
1570
1562
1606
1457
2021
1546
1567
1598
1582
1592
1592
1623
1613
1891
1483
1536
1553
1544
1569
1550
1570
1604
1934
1521
1561
1546
1536
1547
1593
1509
1529
1534
1928
1566
1604
1578
1611
1611
1523
1653
1587
1986
1604
1602
1604
1609
1604
1629
1589
1576
1512
1936
1579
1523
1542
1505
1542
1530
1432
1449
1822
1483
1431
977
1371
1263
1448
1450
1480
1953
1425
1566
1532
1513
1528
1547
1561
1535
2002
1550
1497
1588
1582
1604
1600
1592
1560
1585
1924
1526
1591
1551
1575
1587
1589
1551
1573
2000
1547
1536
1576
1589
1608
1597
1568
1574
1621
1959
1540
1591
1600
1620
1555
1501
1581
1541
1996
1556
1537
1574
1609
1589
1518
1595
1574
1552
1958
1593
1582
1602
1583
1564
1593
1543
1580
2017
1580
1598
1610
1595
1585
1590
1560
1594
1977
1507
1554
1553
1517
1493
1483
1556
1342
1406
1912
1445
1539
1469
1425
1426
1558
1396
1398
1725
1489
1515
1595
1524
1536
1566
1507
1523
1551
1940
1534
1562
1551
1576
1593
1592
1580
1602
1955
1546
1556
1547
1573
1603
1601
1592
1587
1604
1949
1570
1526
1578
1537
1590
1578
1559
1577
1959
1535
1533
1580
1588
1541
1617
1613
1544
2019
1526
1516
1566
1585
1576
1549
1586
1569
1559
1934
1497
1523
1540
1497
1430
1425
1423
1551
1931
1500
1503
1564
1547
1550
1558
1564
1536
1606
2073
1543
1523
1557
1549
1535
1562
1598
1590
2026
1391
1512
1527
1506
1481
1548
1545
1553
1518
1836
1541
1559
1592
1541
1548
1560
1518
1520
1918
1529
1584
1569
1600
1581
1603
1594
1675
1966
1561
1599
1573
1589
1588
1605
1604
1584
1556
1946
1534
1569
1557
1585
1552
1565
1564
1522
1951
1531
1576
1580
1627
1466
1565
1563
1498
1544
1970
1596
1544
1563
1566
1507
1516
1528
1555
1798
1560
1547
1549
1548
1549
1568
1553
1573
1589
1983
1596
1669
1604
1623
1590
1582
1586
1618
1973
1623
1564
1592
1555
1526
1501
1479
1526
1874
1506
1464
1236
1457
1427
1381
1346
1490
1241
1743
1390
1453
1346
943
1370
1453
1557
1544
1985
1527
1549
1545
1543
1531
1535
1585
1554
1614
1946
1543
1572
1571
1514
1564
1654
1470
1580
1863
1591
1531
1546
1520
1501
1611
1283
1517
1994
1536
1545
1550
1479
1546
1571
1608
1575
1621
1940
1541
1583
1554
1598
1540
1554
1547
1544
1964
1539
1546
1554
1582
1577
1547
1550
1544
1540
1977
1550
1556
1575
1608
1619
1588
1615
1592
2018
1652
1573
1592
1597
1623
1610
1577
1557
1601
1952
1513
1546
1555
1556
1478
1548
1463
1549
1861
1458
1311
1385
1420
1440
1189
1273
1283
1392
1780
1475
1596
1411
1542
1551
1502
1542
1554
1895
1536
1564
1582
1567
1596
1586
1611
1592
1921
1537
1549
1586
1578
1606
1583
1611
1594
1563
1951
1577
1532
1556
1525
1588
1565
1601
39
32
1172
1523
1570
1589
1658
1490
2040
1522
1558
1509
1586
1554
1573
1602
1627
1556
1993
1473
1574
1562
1572
1599
1591
1578
1614
2028
1677
1536
1591
1588
1617
1610
1550
1543
1919
1547
1647
1628
1615
1528
1555
1598
1584
1850
1459
1552
1547
1477
1521
1418
1465
1402
1248
1745
1335
1541
1584
1561
1540
1540
1529
1528
1882
1518
1589
1566
1595
1589
1584
1487
1587
1589
1955
1554
1568
1589
1555
1612
1542
1588
1570
1973
1553
1572
1566
1595
1545
1568
1586
1560
1975
1557
1538
1569
1577
1558
1540
1587
1556
1610
2022
1762
1537
1575
1510
1599
1493
1533
1582
1957
1550
1564
1567
1531
1531
1537
1538
1570
1611
1986
1619
1587
1601
1600
1616
1583
1589
1624
1991
1618
1584
1604
1595
1592
1543
1501
1556
1900
1528
1498
1517
1466
1497
1438
1448
1230
1378
1935
1221
1322
1311
844
1372
1500
1585
1416
1962
1530
1536
1544
1542
1546
1571
1567
1571
1594
1917
1544
1574
1574
1561
1577
1604
1584
1599
1952
1544
1582
1567
1560
1585
1567
1622
1510
1551
1614
