91
204
125
127
650
868
889
865
895
895
907
876
903
911
897
846
879
906
841
1286
858
898
870
896
1468
810
828
870
863
869
876
884
905
1023
1270
859
852
867
873
895
891
863
900
912
854
1399
892
834
788
1414
803
819
851
875
819
800
827
886
801
865
845
873
846
714
839
1304
1368
828
875
872
787
868
824
870
833
821
779
805
804
800
1308
821
820
866
882
905
868
894
1445
884
798
881
846
871
913
848
1262
868
864
954
899
868
895
904
908
878
832
887
861
1416
897
1268
826
854
882
899
861
890
898
905
870
892
889
828
878
886
902
1203
826
845
1409
820
853
843
786
109
775
719
801
801
837
866
1274
835
831
839
863
828
837
807
837
864
1333
785
797
863
877
861
842
1259
836
850
875
874
793
848
825
884
807
862
844
881
845
1414
1244
844
824
888
805
844
881
835
889
897
868
859
895
794
850
897
1248
814
867
792
833
1387
789
875
823
844
872
871
836
847
901
873
1291
214
841
850
804
779
869
878
871
854
1356
839
843
855
880
796
1251
815
873
830
819
891
810
841
868
879
875
852
867
865
900
1273
814
817
857
666
752
721
699
692
722
757
738
653
748
765
777
592
628
1063
702
696
665
695
769
1176
730
765
751
777
762
696
760
764
708
689
688
1049
610
698
672
741
664
717
734
755
714
742
709
727
1201
655
703
732
767
1021
670
678
930
653
706
483
702
726
731
746
705
722
738
748
636
702
677
663
1037
1107
620
605
683
703
670
542
689
723
662
649
652
695
633
673
666
673
704
615
1004
640
609
688
682
714
714
1151
687
705
706
720
727
681
705
703
725
754
976
637
690
709
677
708
725
703
731
694
721
727
726
684
723
1180
695
747
606
656
1017
674
692
654
660
679
677
714
642
690
715
692
673
706
715
741
657
625
640
1010
665
1126
686
710
729
702
727
736
692
685
677
713
724
726
623
698
751
646
984
673
656
705
656
710
659
692
1140
695
644
673
705
722
688
704
708
711
694
949
642
657
696
639
638
692
678
686
709
694
729
689
720
681
1175
727
739
650
1002
650
692
710
684
716
676
717
729
700
723
722
723
683
691
720
729
616
652
647
1052
702
1178
697
675
704
696
696
723
723
729
686
684
690
717
715
780
621
1039
656
699
684
709
711
717
724
692
711
1163
672
668
708
712
712
719
700
633
578
1018
659
717
633
582
663
676
635
673
661
712
713
651
657
671
604
1200
474
1009
661
641
665
629
650
628
684
705
644
705
670
657
700
726
698
696
725
717
679
1050
693
715
722
789
690
714
680
725
697
726
720
726
700
690
716
704
750
668
1011
639
668
688
660
698
674
689
722
696
1187
665
701
645
686
725
651
704
626
957
639
688
680
680
661
705
724
697
703
732
692
732
693
718
547
733
1134
1005
661
670
639
646
650
650
692
720
636
679
542
650
651
683
700
711
727
722
659
977
650
668
657
699
1166
639
652
703
652
682
701
640
637
698
657
671
733
634
638
1017
632
699
709
711
679
714
721
781
573
689
1080
635
699
684
711
735
661
1007
635
592
684
702
666
668
715
724
729
697
720
730
731
737
703
709
725
746
1371
632
685
711
720
691
708
718
707
707
694
708
714
716
656
697
702
704
724
983
590
679
706
657
627
1097
684
531
449
645
277
664
662
651
681
704
727
656
648
937
647
631
633
612
672
633
639
672
641
634
646
1103
667
697
684
655
716
669
666
993
665
576
681
702
692
721
726
699
726
687
714
727
680
727
693
726
674
1364
680
688
694
702
725
673
719
733
706
729
690
697
720
681
660
700
660
698
638
1036
647
689
699
689
705
1164
710
709
691
721
616
700
625
684
698
721
723
1014
634
698
646
701
702
647
672
754
606
681
751
619
619
1153
654
639
646
686
640
1023
675
689
685
713
655
746
617
674
717
615
738
643
615
714
652
494
641
673
1362
652
668
683
725
655
685
687
717
677
714
728
700
719
732
693
701
719
679
1024
709
683
701
723
729
736
1137
681
712
737
573
674
700
724
732
703
753
1025
651
654
701
713
730
648
690
674
723
727
746
649
678
672
1052
637
653
736
526
836
641
686
734
634
664
669
716
738
601
670
664
662
654
671
697
719
712
717
1013
642
1077
652
430
640
637
696
695
660
694
725
671
638
644
683
691
710
739
659
1008
692
700
648
712
726
789
669
1135
706
718
729
698
718
713
724
736
702
650
1132
663
622
691
731
656
718
682
673
720
737
689
718
719
1178
663
721
663
1014
637
677
707
724
688
729
691
730
653
677
683
625
604
692
714
685
717
734
637
995
700
1083
681
661
674
691
704
697
728
625
696
654
667
652
699
733
650
964
663
759
