73
150
119
107
33
288
414
469
483
493
499
359
415
425
451
824
360
464
548
398
469
461
536
423
398
467
476
485
489
495
505
466
460
455
489
496
472
476
458
430
887
447
426
450
481
640
480
472
429
434
485
491
508
535
417
440
507
418
493
497
533
428
440
451
478
501
491
921
435
465
472
483
495
465
486
465
487
494
501
499
507
466
427
481
494
497
526
418
408
414
488
441
405
484
813
423
448
483
445
487
459
489
498
503
508
508
490
506
508
511
515
497
504
478
498
505
495
506
433
437
856
438
465
441
498
413
454
495
504
506
511
515
478
502
506
508
505
511
495
83
440
485
503
476
502
890
479
465
497
492
503
480
500
503
502
509
514
481
505
485
507
511
511
516
484
484
504
509
509
532
436
517
916
433
489
498
474
494
501
490
498
504
513
477
496
502
506
505
518
420
425
416
442
171
415
471
452
496
436
892
418
430
429
420
444
415
409
451
424
420
430
411
477
444
411
472
410
461
419
474
397
482
370
349
473
491
920
438
406
427
483
494
503
478
500
505
502
521
485
464
440
489
478
481
504
508
497
506
511
442
475
453
896
418
432
451
460
488
503
462
493
488
507
477
487
434
455
429
420
451
473
492
455
488
427
482
498
467
375
816
426
441
446
421
477
447
479
461
491
505
473
467
454
467
436
473
484
463
481
430
455
496
420
457
508
508
937
433
464
481
461
480
485
463
498
481
423
474
487
498
484
500
486
434
484
446
480
478
506
506
476
514
483
821
447
469
414
423
481
422
468
476
487
474
479
508
393
453
483
411
368
434
446
443
502
427
463
496
488
920
414
465
477
504
280
467
497
471
497
485
497
501
466
498
460
447
493
492
493
522
432
460
370
415
451
424
799
472
427
448
460
427
473
458
491
497
504
506
510
460
498
459
495
504
502
511
475
501
504
510
516
924
497
430
467
482
499
511
478
505
506
512
498
501
515
479
452
495
502
504
513
477
502
507
511
502
516
533
840
490
501
505
505
513
478
508
507
511
503
507
452
483
501
506
509
506
516
480
507
507
510
513
509
468
502
890
560
497
512
477
498
501
504
498
508
424
442
492
501
495
500
497
427
487
495
478
507
428
445
424
812
417
88
470
416
483
492
490
506
502
501
438
511
420
475
434
435
474
418
464
478
452
356
451
464
408
440
476
832
488
432
471
485
461
469
488
418
493
491
501
475
493
491
472
499
26
254
484
508
492
510
466
502
464
478
885
428
461
477
484
441
514
415
463
475
487
489
492
493
501
496
471
498
527
299
512
462
525
511
422
879
435
425
469
441
442
485
484
513
435
423
474
488
500
486
426
449
482
502
491
481
473
502
532
423
519
446
779
491
356
426
466
490
466
498
470
503
507
517
453
498
510
508
520
451
486
524
435
435
435
434
432
337
454
787
391
479
421
456
431
477
402
468
437
464
429
474
484
482
464
485
508
460
488
423
459
458
485
443
484
449
824
424
428
443
476
441
454
438
189
449
437
463
494
427
459
480
442
477
491
502
503
504
483
496
508
469
908
529
407
457
483
495
505
516
464
492
505
505
507
507
498
500
508
511
512
497
511
520
478
497
466
502
896
495
476
549
414
447
425
482
447
455
478
483
493
496
498
466
491
494
500
496
505
473
471
467
488
443
844
432
462
488
415
487
500
508
478
502
499
515
496
528
462
500
505
511
512
514
513
482
467
495
514
524
434
875
432
437
460
503
380
440
456
325
425
450
466
486
461
472
483
576
331
437
416
433
418
408
366
433
426
464
810
443
438
419
467
449
474
483
480
488
504
465
491
475
494
497
506
433
457
514
462
492
473
483
428
475
437
846
454
486
452
464
489
496
483
496
513
460
483
491
505
470
460
467
495
490
488
498
498
456
430
465
468
464
894
447
463
480
453
474
477
504
459
457
451
465
446
439
415
458
522
438
461
473
337
451
479
530
439
438
905
443
449
432
445
470
481
501
474
473
488
493
495
471
471
493
480
484
454
475
493
464
431
473
476
507
417
827
453
473
487
490
503
424
447
504
425
464
473
423
479
491
494
493
486
462
477
443
473
484
492
444
873
404
461
479
514
440
432
470
470
400
483
380
425
449
486
445
481
497
508
477
473
494
507
506
508
518
488
916
482
500
517
492
478
503
509
509
459
495
510
478
502
505
490
498
514
479
506
499
509
514
513
518
477
512
902
510
509
496
511
524
465
508
510
510
484
542
328
461
488
501
512
474
502
506
510
501
517
477
493
520
511
902
500
478
505
484
