105
198
125
146
673
1049
1497
1061
1037
1031
1069
1040
1043
1014
988
1052
992
1040
1088
1294
1073
1096
1103
1034
1066
1045
1050
1045
999
1027
1075
1088
1561
1058
1091
1097
1060
1101
1117
1055
1088
1050
1110
1094
1076
1524
1084
1020
1081
1071
1077
1091
1055
1082
1063
1079
1082
1106
985
1461
1058
944
1034
991
1006
1043
591
1029
1055
985
1024
1392
1022
1056
1002
1051
1038
1010
1032
1033
1087
1078
1059
1105
1096
1511
1021
1061
1091
1099
1070
1080
1012
1098
1080
1094
1101
1099
1487
1035
1123
982
1051
1033
997
1071
1038
1101
1069
1048
995
1079
1494
1013
1062
1041
1016
1041
1061
1041
1066
1076
1072
1100
1265
1051
1050
1028
1095
1025
1052
1125
989
1042
968
988
952
1098
1166
960
957
994
915
1019
964
985
950
1009
968
949
908
997
792
1362
959
897
984
983
994
992
999
998
1001
954
989
1004
1083
1185
989
966
985
992
1005
1008
1006
1114
691
1000
973
975
1003
1409
1012
929
986
1001
1025
989
1017
1028
990
996
1019
1022
1006
958
1460
817
961
1003
993
985
980
1020
950
955
885
873
931
959
1363
974
947
947
962
918
973
934
910
935
949
980
1031
874
994
1368
980
985
985
985
997
1012
918
935
990
1005
1015
955
997
1399
977
1004
1097
824
952
986
1003
999
1030
977
963
1013
930
1002
1345
945
971
1004
919
940
967
1015
964
842
965
990
1034
1318
973
985
1026
976
976
1017
944
904
1012
899
965
955
962
951
1361
962
1011
922
972
1025
935
982
944
1063
934
997
949
988
992
1316
943
938
974
966
968
954
972
1013
1020
1024
995
949
992
1382
1016
949
952
940
979
965
992
1009
1009
1021
989
1015
1028
1007
1383
1019
998
1016
991
985
989
1006
1049
884
939
991
1010
936
1405
950
942
962
910
965
928
986
822
893
935
970
759
808
596
1255
768
938
936
996
934
998
922
944
941
944
932
974
1346
935
947
940
992
979
991
982
1002
982
1015
1034
944
989
1025
1388
912
978
992
964
983
998
993
981
1015
984
990
1012
1057
952
1334
944
996
976
965
973
1030
924
912
970
974
1018
931
991
1377
936
953
953
974
1006
990
997
1025
967
979
983
1015
999
880
1330
960
940
982
963
979
959
998
1024
957
984
1009
1027
1349
906
995
951
959
919
910
946
981
1010
946
973
990
990
1014
1392
976
1006
1020
1030
985
1020
1026
936
989
1014
1012
990
1019
989
1372
1014
1014
992
985
997
1003
965
990
1007
981
959
986
949
1333
1004
825
905
934
963
957
909
933
943
944
907
848
935
897
1335
954
747
804
840
850
883
964
1010
994
1055
890
950
931
1342
949
959
965
937
970
973
1006
993
986
973
981
1026
927
1364
949
976
988
1001
961
972
1004
1012
1017
23
25
691
1428
967
971
980
1013
982
1013
1030
954
990
977
1005
918
986
1016
1390
954
983
1009
971
1004
1000
986
1019
1025
1040
953
977
1036
1313
955
939
990
1056
911
961
926
998
924
955
983
1023
944
966
1335
987
960
1009
951
942
980
940
958
903
925
967
968
983
1410
1002
1003
1020
1029
1033
1004
1028
657
979
929
954
973
978
1006
1445
997
1017
1027
1021
1029
1015
983
986
1024
943
985
944
1419
997
955
972
991
943
973
960
910
935
958
959
920
957
969
1361
898
946
955
813
520
741
829
831
729
935
952
970
1019
1385
942
961
927
957
903
957
940
942
986
995
972
987
1032
946
1426
901
994
956
907
998
991
973
1013
1028
974
1004
1006
1003
1005
1324
1015
944
950
1001
979
982
1022
980
1006
1027
990
987
1358
956
960
950
938
1000
1004
1019
993
973
1013
1010
1008
990
1043
1358
786
940
969
968
983
961
958
924
971
948
1044
942
911
1425
911
999
968
972
997
1026
966
1021
951
998
955
924
948
970
1340
994
1018
986
1010
1022
1033
985
1008
1025
981
1019
1024
1088
1302
927
924
934
875
928
1057
909
948
991
975
1007
1025
963
1395
955
974
998
1012
1019
979
1013
1056
926
983
1045
951
930
1011
1402
988
1005
1012
1005
975
984
994
946
1008
1057
883
867
526
1348
963
1010
962
796
1004
904
887
960
947
955
904
985
1017
964
1344
962
984
976
989
1002
1022
979
990
1008
950
1010
1019
1461
956
1008
937
984
964
998
1021
984
1011
978
983
993
1019
1022
1363
984
960
948
1001
940
1010
961
974
966
984
969
983
883
1380
932
982
973
1006
898
956
978
1017
988
909
971
999
973
1038
1413
978
944
965
990
977
1018
939
924
954
991
977
953
995
1392
976
936
977
948
962
987
1008
947
998
1013
1023
989
1011
1433
1001
1008
1020
1025
996
1020
1031
956
1006
1019
1023
993
1023
1035
1398
1002
988
1004
999
1003
955
954
986
994
841
935
966
978
1331
945
969
881
932
926
914
801
875
921
879
912
924
955
849
1137
650
933
846
922
979
1001
1031
719
961
934
965
944
940
1333
915
957
898
965
980
997
989
1025
980
1023
968
983
1018
995
1345
959
953
1004
986
1006
1011
990
989
1021
993
990
1014
1048
1336
949
923
999
988
949
966
908
982
971
921
952
1024
926
1000
