76
186
182
108
31
136
409
468
481
509
432
457
871
433
477
475
437
429
459
467
507
423
464
436
466
501
444
485
475
500
524
435
424
481
499
488
481
312
487
932
463
411
465
492
467
438
444
425
369
407
400
454
436
424
473
467
493
459
491
502
498
514
507
505
895
489
503
500
503
442
493
504
511
468
502
514
474
501
504
506
496
512
508
508
508
509
495
511
522
490
906
499
479
498
509
481
502
509
507
490
423
443
491
503
506
510
510
515
480
501
504
506
499
512
476
487
527
888
504
499
461
488
497
488
440
473
500
460
487
490
492
487
505
455
480
489
498
494
492
504
464
473
909
453
479
487
410
459
528
347
406
393
425
359
432
419
395
425
404
474
483
488
500
479
498
485
267
450
444
475
859
427
388
444
422
416
482
415
463
411
472
441
466
497
441
480
489
484
507
512
446
468
499
482
515
450
477
886
386
480
451
486
486
474
477
485
480
493
507
461
501
469
495
493
504
499
444
496
477
504
501
500
866
310
468
408
403
486
455
437
468
501
494
486
506
470
470
505
488
478
504
448
476
489
497
493
457
493
469
738
447
481
487
436
484
497
506
444
464
466
447
462
484
483
481
480
432
436
459
411
459
479
492
460
351
446
886
425
468
444
483
454
462
486
501
457
490
502
493
503
515
483
442
484
502
479
496
499
472
487
506
449
904
405
472
432
466
480
473
500
467
504
474
496
484
487
486
471
510
408
446
475
472
462
433
405
397
467
471
857
451
506
431
457
476
507
429
498
500
512
470
502
497
455
435
461
446
442
482
487
461
445
465
482
496
516
794
469
485
507
425
446
466
429
401
429
369
448
422
456
442
451
425
416
446
435
439
417
456
514
421
425
461
848
486
490
495
465
486
496
506
500
506
516
475
501
505
509
495
500
479
455
497
502
490
504
504
480
887
503
502
508
515
477
504
507
512
499
517
479
504
513
489
514
486
506
491
486
507
500
508
507
499
490
925
504
514
473
477
494
507
512
510
512
519
471
499
509
534
375
473
466
459
497
506
512
513
515
477
495
511
896
490
507
465
487
499
499
487
501
452
486
499
505
26
405
481
462
286
451
355
244
463
450
479
493
441
495
835
390
459
499
415
447
483
433
423
444
402
470
443
460
378
458
477
471
491
418
406
421
408
445
487
459
458
879
404
454
458
470
453
423
478
490
492
479
504
484
423
475
492
508
471
496
462
483
494
480
502
510
524
472
819
439
479
478
478
486
487
476
487
499
467
440
485
509
478
502
481
491
472
504
498
514
472
515
449
479
948
377
427
460
442
477
530
257
454
485
442
460
489
491
494
506
498
470
499
512
410
433
421
443
482
851
489
484
460
455
465
406
445
454
484
494
435
472
503
501
488
498
490
483
447
476
500
484
497
461
500
469
900
416
465
448
449
448
480
486
494
448
478
490
469
500
424
462
443
433
482
465
479
474
470
477
466
510
389
894
479
489
412
446
467
444
481
348
447
477
417
458
482
503
398
433
444
424
473
464
478
467
474
495
487
506
889
428
438
470
444
459
416
461
491
477
466
481
453
464
472
477
511
409
451
480
430
432
403
423
419
399
426
773
410
432
371
381
437
449
416
459
486
429
426
464
477
486
494
500
501
471
491
505
506
507
503
517
544
837
452
503
450
479
480
492
508
507
505
510
475
500
506
505
508
523
430
470
491
503
508
509
494
469
493
889
505
469
513
464
494
503
498
508
523
467
504
507
498
512
508
513
479
504
508
510
513
517
487
509
508
930
463
503
413
461
484
493
499
500
506
465
488
497
502
478
488
489
497
497
493
487
633
41
165
464
472
490
751
87
241
333
403
488
494
492
465
513
412
451
465
489
488
468
430
459
424
467
318
426
447
486
425
352
481
809
427
411
453
448
489
467
427
469
478
492
475
497
466
461
464
493
481
491
474
456
477
495
484
453
498
506
835
429
446
492
494
471
468
504
467
497
493
486
469
483
513
505
474
481
418
494
498
514
424
475
484
461
845
445
497
410
463
499
477
500
492
467
500
467
447
482
485
472
515
451
440
377
433
429
415
443
458
495
433
873
412
463
433
423
477
447
448
480
460
470
499
450
455
445
500
392
467
466
482
441
490
496
471
474
505
473
899
397
473
461
495
406
461
477
451
477
479
463
476
461
452
480
487
489
433
492
498
459
481
480
450
844
398
426
461
413
452
463
471
489
493
414
454
419
516
456
423
453
465
494
419
475
394
493
449
500
479
493
916
406
438
477
509
436
450
448
481
