73
148
115
106
31
103
476
390
487
493
477
506
510
648
473
506
470
497
506
508
509
509
503
460
492
506
511
507
509
474
504
510
507
505
510
502
492
504
507
511
912
439
462
469
710
455
473
483
465
496
509
507
511
509
479
501
511
506
509
511
510
509
511
508
518
951
388
428
432
482
33
407
446
424
488
483
497
513
431
465
411
426
430
513
353
446
365
470
455
434
442
453
414
455
866
479
489
498
432
495
475
496
502
506
514
463
500
476
498
497
516
476
479
506
527
415
447
428
402
424
830
391
29
107
333
397
257
343
390
466
458
493
439
423
508
459
440
443
499
455
468
416
473
440
432
918
414
389
483
425
447
480
501
505
456
429
478
491
507
468
490
508
431
460
475
487
494
502
512
425
451
477
918
402
455
457
478
490
501
507
510
474
500
491
502
505
508
523
395
636
441
480
509
433
443
489
447
425
391
838
422
427
472
478
496
441
418
468
479
487
493
495
503
494
470
518
411
451
496
429
479
434
389
473
505
502
832
448
475
463
482
489
511
498
530
388
438
423
405
376
419
402
424
423
386
495
372
407
453
517
420
803
456
499
430
487
498
476
503
497
509
511
329
455
488
507
484
506
509
511
473
464
501
494
507
505
504
524
879
509
511
526
436
464
504
516
486
504
513
478
507
509
510
509
605
332
442
487
505
508
511
518
491
459
886
416
472
487
466
490
483
494
496
513
480
502
511
510
512
512
516
451
495
509
511
512
521
500
525
907
496
507
514
472
542
411
441
434
466
485
456
246
443
473
53
350
62
319
227
177
188
291
297
212
228
481
490
463
891
474
315
350
435
444
418
481
376
440
453
412
467
419
481
440
431
470
495
490
469
466
484
498
495
508
431
578
447
468
461
465
502
473
499
502
494
504
456
466
497
503
511
483
488
490
475
492
495
496
497
496
912
425
465
454
476
494
464
488
497
503
505
466
495
476
474
452
501
484
522
437
503
477
500
506
511
479
325
891
430
458
456
414
443
470
461
492
444
361
481
423
459
475
494
482
465
488
521
478
493
516
468
318
479
839
430
462
481
458
478
485
483
499
443
465
505
495
487
505
537
416
446
478
486
461
492
451
501
468
498
400
863
444
398
459
471
487
503
391
456
492
495
521
426
476
474
470
480
495
502
503
507
512
378
457
489
477
507
902
420
495
495
510
427
427
475
448
461
454
472
425
459
465
401
462
474
473
493
522
465
494
504
503
512
507
863
502
498
508
463
502
468
466
499
504
507
510
492
510
508
511
508
509
520
477
502
502
509
511
505
527
889
492
500
496
459
443
477
498
508
516
500
504
470
500
510
509
512
533
404
461
500
507
513
511
516
489
893
504
502
469
507
468
495
503
502
492
505
441
461
485
495
493
493
518
433
394
421
476
397
312
432
458
884
433
425
478
470
498
481
234
454
482
433
434
427
391
482
443
446
468
479
503
436
465
481
494
451
504
427
855
397
467
459
484
497
507
479
503
477
494
514
472
493
505
494
505
522
452
487
507
525
428
456
492
470
500
869
429
466
490
467
490
490
508
474
497
444
502
509
500
482
493
509
480
501
501
495
464
477
460
511
436
489
860
434
466
494
460
488
514
430
475
475
509
432
482
476
492
502
506
507
521
481
432
479
462
500
519
463
479
804
461
477
482
502
472
524
400
406
446
423
424
459
478
483
474
493
511
427
422
490
411
414
478
426
483
840
459
478
497
464
468
470
484
527
431
430
453
491
475
499
507
491
463
439
500
421
466
492
448
464
471
452
777
430
478
430
469
483
481
505
513
458
493
504
508
511
509
471
470
501
506
512
511
517
467
523
465
918
502
449
474
493
507
507
510
510
516
478
507
509
509
502
468
469
492
504
508
505
510
516
480
505
510
517
954
370
425
557
479
495
505
513
480
502
506
479
509
477
502
473
493
468
506
507
515
475
505
501
512
512
483
893
461
497
496
491
491
513
473
500
496
463
493
506
467
492
501
494
493
487
500
469
485
491
495
526
383
430
830
444
427
393
455
459
486
494
449
507
428
444
345
433
446
440
438
404
444
415
460
457
464
483
504
434
842
412
429
454
453
483
468
465
443
476
499
459
488
491
500
479
502
504
473
515
451
490
503
511
478
451
482
882
432
474
457
444
485
494
509
472
518
438
412
465
476
466
492
470
499
486
506
503
502
509
469
521
464
485
808
403
468
450
482
489
492
501
467
494
503
513
446
485
445
467
473
477
453
487
447
484
513
416
485
918
433
395
475
484
493
482
