82
154
139
122
717
1046
1068
1047
1079
1008
1011
906
1023
1070
1030
1451
960
985
1014
1012
1013
1024
1068
986
1049
1062
1072
1070
1430
975
1013
1055
1071
1033
1062
1067
1044
1049
1076
1084
1105
1389
972
1008
1046
1072
1053
1083
1054
1053
1049
1070
1079
1106
1012
1469
925
985
1038
1057
1028
1051
1073
1036
1064
1084
1018
1056
1070
1451
970
1040
1044
984
1045
1069
978
1034
1021
997
1020
1053
1518
969
1040
1052
999
1033
1064
1062
1005
1044
983
977
1029
1013
1457
984
1050
1029
1056
1068
1040
1054
1074
1072
1054
1070
1041
1019
1399
1014
1010
952
976
974
994
1022
1038
997
1027
1031
1032
1010
1377
989
995
1014
1006
981
1007
999
997
967
980
999
932
973
929
1369
977
934
953
901
923
953
919
924
952
942
902
930
1011
821
939
934
981
980
951
988
955
944
949
971
983
827
972
983
1346
968
978
978
976
1012
985
1006
1020
1014
995
942
984
1426
963
992
974
996
997
1016
992
1011
1033
998
880
995
923
956
1439
923
948
993
1021
966
1003
975
973
891
979
1038
914
988
1390
932
985
1005
1019
963
1010
992
1029
994
956
985
957
970
990
1363
929
988
970
1018
959
991
965
959
966
993
974
974
1438
1010
1037
947
922
975
982
966
966
941
998
1014
979
1044
986
1393
1011
1027
970
1004
1008
871
965
1009
1028
991
1003
1005
1022
1414
997
1004
983
1019
984
960
929
991
1005
962
970
987
988
995
1352
976
924
960
960
909
871
938
928
861
930
945
871
930
1341
851
903
964
786
844
849
872
730
934
978
1027
975
993
944
1228
947
947
944
933
951
999
987
1017
998
974
988
1031
1391
948
975
990
922
977
992
1024
996
1021
1024
1018
989
1000
604
1366
960
963
988
1007
997
1026
990
1016
1038
967
1007
958
965
1397
919
939
976
1007
967
992
1006
1020
1017
993
1014
1023
1044
1021
1314
918
980
995
1069
899
1066
913
992
1050
943
965
918
1017
1395
873
986
1018
967
997
936
964
966
940
1031
910
956
1004
1026
1377
1012
1023
1034
993
1020
1027
1003
1016
1022
1043
974
999
1425
989
1021
1019
1009
1026
1018
1025
982
1016
1020
897
1001
1044
870
1354
959
981
952
942
974
979
930
965
883
811
886
872
970
1383
971
965
941
969
976
933
967
997
826
409
781
28
618
890
1363
1014
955
945
967
952
989
1008
930
964
74
24
586
680
804
939
935
965
938
1004
942
1007
910
983
1007
1434
923
936
952
945
933
969
1000
1009
941
929
992
945
1022
935
1421
935
984
1011
1025
990
1021
1015
995
1018
1023
1035
1018
1380
921
971
998
1007
978
1004
1111
688
732
744
813
763
717
938
1337
1003
1005
1014
1026
980
998
608
969
1015
1049
955
957
982
1383
979
1018
1017
996
1022
1025
988
1028
1028
1059
910
983
991
1212
950
987
948
1010
967
975
958
957
931
962
974
1009
958
973
1343
985
969
1005
1005
1000
991
1017
1011
994
1019
963
1020
1419
973
1009
991
1016
986
1000
1026
1084
942
963
912
921
1043
982
1375
959
918
1009
957
928
939
989
993
1036
963
893
956
1042
1383
914
963
984
1011
994
987
984
942
982
959
1013
1011
936
1020
1349
980
1016
938
987
1003
1022
1004
967
933
1005
993
1031
1361
938
958
974
978
946
1019
950
984
954
987
992
1005
982
987
1393
994
1024
990
1016
1014
1027
986
979
1019
994
1020
1016
1021
1415
981
988
985
1009
1001
1007
990
1010
1027
994
1005
1018
1006
937
1400
972
993
1005
1004
920
983
993
990
922
971
1003
929
1011
1235
944
960
514
993
954
986
953
1037
952
943
976
937
940
959
1348
920
993
944
1004
989
1024
975
1010
996
1018
978
1007
1039
1369
948
959
971
1007
1009
1019
981
1027
1011
979
953
1011
1065
1353
967
943
979
1000
999
1057
918
963
1035
941
955
987
987
975
1351
940
975
990
1005
981
1018
989
1004
958
1042
937
925
1006
1490
843
1057
945
952
939
990
1043
963
963
993
997
993
968
1333
940
970
979
962
957
964
984
960
987
950
991
972
993
1018
1362
995
956
974
1013
1021
807
983
1017
989
1038
989
1023
1337
991
993
959
989
1011
1023
1012
1029
1009
1025
994
1006
957
969
1392
990
990
947
972
987
869
939
962
972
905
945
887
928
1358
925
949
894
931
866
828
815
917
835
903
934
931
996
996
1265
952
952
860
954
954
999
978
969
1006
975
987
978
1040
1336
926
1007
959
956
955
1002
997
987
980
1016
1025
988
1020
997
1363
987
1022
911
949
1007
1007
963
1002
1032
961
963
1010
1414
955
988
1006
992
979
995
992
965
957
1007
989
997
1007
1049
1384
949
974
968
998
1028
900
984
991
985
957
992
947
972
1385
973
927
1002
969
968
1002
1008
978
946
983
967
1001
923
958
1354
945
1009
957
949
958
977
994
984
1013
1008
871
981
998
1425
992
998
1013
988
999
1003
1029
993
1013
1017
1008
991
1004
1432
987
991
1029
955
1009
1014
1016
997
1009
1028
972
997
1009
982
1360
986
980
927
943
981
1001
933
965
997
875
842
844
953
1355
1004
997
986
982
940
998
