7604
457
441
513
560
593
439
681
591
405
408
385
381
368
392
398
378
396
385
398
377
367
395
391
397
395
398
396
398
370
398
404
377
408
423
420
374
385
383
399
398
388
395
384
373
375
407
387
392
401
393
376
394
372
400
404
390
402
397
396
413
368
399
448
415
520
413
388
373
360
374
400
395
382
392
388
403
368
408
397
381
398
391
672
388
371
389
402
392
389
402
404
395
367
426
501
547
685
415
391
395
378
396
401
398
391
395
395
398
367
369
400
380
391
395
387
404
357
367
357
385
365
366
386
382
689
404
667
377
395
384
401
396
368
400
390
406
384
407
391
391
371
392
401
398
395
392
397
402
377
372
375
367
367
398
381
693
457
694
378
378
367
365
396
397
373
396
397
392
407
400
398
392
368
399
392
403
385
401
383
399
641
381
403
400
388
422
637
391
389
410
387
373
386
396
393
405
522
382
384
397
397
393
410
397
365
398
393
397
386
374
407
394
366
396
394
380
438
422
640
413
377
394
399
390
409
398
393
401
367
395
393
400
389
405
401
412
356
400
394
401
372
387
400
399
368
399
415
439
394
399
404
363
633
396
378
408
399
398
387
399
372
389
391
397
402
391
402
400
370
398
402
397
400
401
400
401
364
407
445
619
371
409
394
383
364
372
398
388
375
363
370
394
363
410
369
397
393
393
391
398
372
399
403
408
394
399
402
698
417
655
378
392
365
375
406
400
352
390
391
397
400
406
403
389
631
395
410
387
396
399
399
396
359
399
373
401
394
372
420
662
371
653
368
393
407
387
373
370
368
396
396
402
369
371
403
390
368
398
396
399
384
393
406
366
372
396
398
478
424
412
378
417
361
392
396
396
395
407
400
392
368
397
401
389
393
394
651
400
357
403
403
406
400
408
398
392
409
392
523
363
391
374
369
369
369
388
387
399
400
394
395
401
369
388
404
393
396
401
412
401
374
391
395
400
384
372
402
441
421
430
370
408
364
379
396
403
369
399
411
396
397
392
394
396
353
390
390
402
365
391
400
362
377
401
397
399
708
449
528
388
371
390
373
399
398
401
394
405
355
389
392
391
396
398
401
394
382
402
390
402
400
403
398
413
355
375
417
416
397
368
371
397
372
396
397
397
392
400
400
392
357
400
394
404
386
402
397
398
356
400
397
395
379
403
405
374
407
412
676
678
412
386
380
389
369
413
396
389
398
400
380
392
629
376
386
397
404
425
377
384
365
386
396
399
397
403
398
368
442
430
380
373
382
395
382
392
379
370
395
362
389
402
412
392
367
388
393
395
380
390
374
365
373
421
389
391
397
480
415
450
369
371
366
400
641
448
389
416
372
372
378
384
395
401
393
390
372
394
400
394
406
368
395
402
370
404
382
402
449
382
382
371
369
366
388
387
398
397
396
400
368
398
387
410
397
394
376
371
372
397
400
398
369
400
412
391
366
397
393
720
516
404
405
414
361
396
401
400
391
378
397
392
371
380
396
395
390
398
666
391
357
398
397
401
377
373
442
367
494
411
476
371
398
373
377
383
370
410
395
402
398
399
398
396
635
386
398
403
396
395
403
399
374
399
385
396
401
391
399
712
702
417
369
371
398
416
406
395
373
398
400
400
394
396
400
395
368
402
392
399
382
403
403
367
357
410
397
393
399
388
654
406
421
384
380
393
393
375
393
381
357
412
398
398
396
396
407
401
372
400
403
408
368
367
415
427
377
392
381
366
394
670
671
430
379
370
370
377
402
389
373
399
365
399
395
381
364
366
389
401
365
415
390
403
359
397
397
368
367
401
401
399
683
409
408
404
359
390
387
386
390
401
662
401
367
400
372
387
391
393
409
372
367
386
395
372
401
378
388
399
368
394
428
469
660
643
421
398
375
376
385
396
397
399
396
387
355
399
394
407
399
373
365
403
371
393
408
375
402
405
407
404
492
426
369
405
369
401
394
395
367
400
375
370
381
372
393
399
371
396
392
398
391
399
383
394
367
397
391
405
389
397
425
445
986
425
424
359
380
392
398
394
363
395
391
385
390
401
396
377
373
378
369
400
393
392
392
401
378
399
387
392
391
458
431
674
642
366
374
383
831
853
857
856
822
849
869
827
835
858
856
859
804
845
844
839
777
814
824
825
778
861
805
845
895
905
823
851
805
851
807
824
822
824
834
799
773
842
824
853
796
840
852
831
797
826
856
850
882
857
854
916
823
844
864
970
956
853
837
877
912
831
830
833
852
835
849
845
818
856
859
830
819
835
837
852
822
838
836
447
