178
261
199
195
51
256
696
253
895
717
699
699
671
768
655
894
725
713
712
704
726
691
639
715
716
728
727
821
658
961
720
723
775
497
641
595
883
652
670
702
668
667
681
908
635
700
715
730
619
617
889
635
680
624
673
634
672
437
872
687
573
447
659
599
782
652
714
611
634
641
553
604
801
475
860
641
645
668
885
656
681
664
710
715
670
668
818
685
759
506
691
738
700
676
674
709
727
695
674
847
715
702
708
136
582
534
840
678
666
666
615
631
676
754
824
596
721
693
387
733
801
821
716
638
712
714
732
889
716
733
631
716
671
610
809
668
704
696
693
664
733
677
892
714
711
727
660
656
849
672
717
692
666
712
722
731
754
713
710
712
712
722
777
760
711
704
734
610
813
646
853
721
706
702
712
725
861
764
713
701
699
712
724
767
750
714
656
710
723
670
676
863
716
709
707
719
695
614
894
698
710
712
651
711
727
884
713
710
713
712
695
415
887
706
713
602
804
712
691
866
709
714
712
711
719
726
778
673
712
731
684
281
719
785
642
699
622
654
655
703
817
648
673
686
712
712
721
879
625
653
617
684
708
733
768
776
649
675
713
690
737
797
773
701
669
710
650
732
803
683
713
717
656
671
677
935
684
677
666
653
712
715
575
887
717
711
712
711
712
772
766
717
660
678
683
699
665
863
670
680
689
720
740
642
866
714
710
710
735
804
149
876
723
791
671
713
725
672
884
716
719
711
709
743
688
672
701
724
643
672
620
700
925
718
686
678
700
713
727
944
675
713
695
710
702
689
867
714
712
689
651
712
730
929
731
685
687
691
659
844
928
666
728
650
679
721
737
804
689
713
713
713
689
433
836
707
646
61
49
50
658
636
882
651
683
692
716
660
685
953
718
716
717
717
675
703
493
662
710
246
829
724
691
743
683
673
680
681
656
628
738
679
652
671
289
670
702
811
655
637
671
634
652
607
784
674
617
702
701
714
729
887
714
780
567
638
678
685
808
716
719
611
677
678
713
907
800
589
710
709
716
732
981
544
691
717
639
725
721
934
726
701
716
739
766
449
857
711
480
678
714
659
742
738
767
724
686
676
701
735
941
717
716
713
716
712
733
741
685
715
711
141
656
615
815
929
715
712
709
707
736
754
742
649
711
714
714
737
810
666
723
657
684
713
732
811
683
714
712
665
713
730
767
789
693
704
713
712
726
682
888
703
712
715
715
678
771
764
717
715
688
682
847
814
717
651
699
402
381
682
728
864
749
589
628
673
317
721
932
712
670
597
572
678
613
806
562
682
716
712
727
646
616
703
712
725
700
703
648
824
686
685
72
49
48
624
712
729
899
720
601
647
718
570
711
886
821
723
734
610
685
741
859
701
722
718
722
737
577
874
726
719
723
722
721
667
940
725
719
721
722
721
708
579
644
864
723
721
723
698
955
680
723
722
723
729
727
906
687
707
709
722
719
705
940
726
728
674
701
718
732
941
738
653
691
701
722
720
810
680
721
717
720
661
732
940
724
736
542
667
688
649
840
895
852
637
646
714
697
864
712
717
720
720
713
729
764
666
679
685
682
670
625
809
637
681
684
682
684
664
822
704
593
685
624
648
603
808
674
629
674
680
648
603
829
660
656
108
831
666
695
914
661
685
649
703
631
712
893
718
727
693
696
701
715
933
721
718
718
719
654
716
899
718
718
720
704
438
724
892
719
715
700
711
714
736
877
719
716
721
726
702
484
893
736
585
846
722
719
742
938
669
714
720
721
708
713
938
719
738
700
606
688
736
939
717
712
675
720
728
715
904
714
711
729
691
380
743
803
688
716
655
661
574
640
812
672
668
707
740
690
384
908
668
820
720
718
716
733
875
721
720
719
718
743
753
760
711
717
680
702
717
735
942
720
669
719
708
726
714
897
718
719
720
714
393
729
775
675
655
654
612
656
668
809
749
729
658
687
721
717
828
848
721
718
716
644
745
799
690
714
712
717
714
728
949
727
699
715
717
711
739
700
770
712
716
716
720
742
804
689
713
207
707
716
724
808
628
718
717
730
675
747
813
693
721
605
717
669
879
786
770
718
657
718
717
737
950
739
677
691
686
725
725
759
686
717
717
724
596
666
971
661
626
655
673
625
687
654
885
686
681
719
714
721
774
675
721
713
713
718
738
769
773
718
737
706
743
746
808
624
717
717
721
714
740
773
765
718
719
726
704
737
804
696
716
665
709
717
735
807
685
720
718
721
713
666
787
682
717
713
699
667
728
638
893
719
715
712
717
702
