8980
8960
9039
9054
8943
8915
6841
6726
6834
7048
9488
9623
8857
8789
6764
6663
6956
7449
6967
6771
6748
8842
8904
8977
8917
8918
8837
9023
8942
9072
9148
9000
8890
8920
9437
9071
9196
9010
9106
9505
8928
8973
8820
6712
9162
8958
8980
8993
8901
6707
9412
6888
6803
8951
8948
9562
9024
6619
6708
6659
9488
6684
6665
8831
9032
6788
6824
6727
9105
9184
6714
6725
6726
6608
6638
6639
6693
8952
9139
8964
9066
6801
6842
6715
6828
8869
8914
6910
6710
8925
6768
9246
9061
8978
6699
6698
8944
8961
8989
6820
9091
8957
6657
6703
9882
8955
9357
7132
6695
6668
9482
9018
8851
6737
6624
9060
8893
6738
6846
9139
9146
8901
6714
6852
6627
6694
8948
8916
9308
6733
7088
6700
9154
8992
9466
6627
6690
6652
6692
9439
6773
7015
9682
9138
6767
6740
6827
9180
8968
6695
6693
8969
8938
6635
6691
8996
6709
9021
8893
6782
6902
9062
9629
6798
8987
6770
7347
8859
8973
6780
6659
6793
9005
6881
8953
8925
6780
9088
9320
9128
6765
9043
6751
6991
9057
9534
6936
6728
6835
8948
9030
9030
7779
6728
6785
6748
9068
9032
9601
6600
6673
6661
8948
8939
6679
6761
9039
6920
6646
9211
8975
9758
6798
6657
9151
8939
8844
9074
6628
6645
6788
6696
8946
9072
9147
6848
6771
8994
8918
8960
6698
6705
9087
9096
7002
6617
9067
9047
9402
6692
9100
9761
6662
7228
9468
8991
6806
6692
8936
9063
6676
6765
8886
9018
6695
8912
6797
9135
9126
9425
6666
9013
8986
8967
8926
6571
6866
9587
9157
6701
6673
7827
9389
8971
8888
6819
7063
8927
6784
6707
6734
6659
6616
8932
8981
8980
6705
8973
8947
8922
6807
6623
9058
8823
6636
6850
6912
8986
6679
8963
8861
6763
9242
8852
6923
6889
6752
9473
9721
8896
6977
9008
9248
7051
6783
8919
9032
8903
6723
6634
9149
6746
8792
8759
6765
6730
9523
6720
7263
8924
9473
6953
9296
8912
6910
8896
7143
6756
8848
8036
8878
6839
6677
6714
8922
6654
8978
9038
6637
6980
9966
8995
6617
6633
9059
8919
6721
6681
8968
8822
6804
6885
9368
8979
7033
7253
6870
9024
8785
8971
6696
9650
6887
9014
8978
6641
9091
10006
6707
6779
9091
9153
6765
6705
9155
9443
6792
6912
9195
6843
6853
9072
9094
8962
6704
6979
9350
9271
6828
9103
6811
6821
8994
8961
7007
6614
9773
9215
6987
9614
6724
9060
6753
9054
9180
8904
6866
6709
9412
9230
6776
8939
6854
9264
8988
6672
8837
6856
7065
9136
9074
6767
9051
6782
9123
8939
6658
9641
8896
7049
9076
9025
7061
8891
8980
7242
6735
9168
9137
6954
9021
6593
6693
9425
9014
6641
6825
9005
8840
6928
9018
10189
6736
6827
9004
9166
8995
6739
9027
9058
6892
6698
8946
8854
6884
9054
6826
7098
6773
9901
8992
8892
6666
9088
9153
6872
6694
9055
9148
6902
6907
6741
9143
9161
9054
6837
6872
9060
9196
9050
9128
6835
9090
8990
8810
9040
8977
6716
8922
8854
6771
6675
6779
9024
9059
6784
6661
6694
8888
8981
7079
6901
6718
9182
8936
6678
6864
9068
9701
9343
6681
9233
8950
9060
9014
6707
6703
9008
8940
6933
6742
9365
6831
6693
8975
9393
6711
6531
8919
9081
9217
7050
6792
6640
8855
9317
6704
6999
9024
9121
9003
8962
6709
6891
9173
9020
9047
6727
6894
9053
8984
9014
6727
6908
8905
9574
6716
6795
9028
8991
9163
6656
8976
6667
6676
9384
9104
6685
9097
6790
6688
8974
9600
6803
6599
9043
9034
8921
6587
6786
8856
6767
6688
8896
9098
7046
6657
9010
8961
6599
6682
9003
6762
6669
9327
8959
8930
6599
6717
6819
9179
9128
9189
6822
6610
6661
9012
6719
9423
9032
6873
6784
8801
8882
6976
9076
8994
8975
6722
6821
8950
7328
6756
6728
9003
8942
9001
6741
6738
9076
6691
6661
9011
9089
6716
6619
9040
9088
6868
6915
8930
9034
6970
6626
9012
8989
8960
6678
9002
8995
8952
9160
7119
6722
8857
6740
6819
9018
6728
6711
8977
6927
6656
8888
7056
7401
9256
8859
6789
9167
8900
9275
8923
6712
6698
6664
8952
8998
6782
6733
6736
9065
8930
8905
6675
6716
6705
6791
8976
8970
9089
6882
6710
9326
8889
6793
9073
6687
6695
8965
8969
6826
9089
9019
8781
6900
6722
8981
6726
6656
9049
9134
7206
9014
8997
8875
6809
9528
6683
6652
9007
9008
6744
6901
9129
8980
6734
6770
8945
8925
9045
6588
6730
6717
6874
6761
9228
8959
8853
6690
6694
6772
9104
8995
9141
6755
6996
6694
6765
6657
7494
8985
8911
6944
8785
8908
8983
6609
6704
8897
9060
8990
6762
8788
9081
8983
6807
9231
8965
8961
6689
6647
6649
9500
9016
6817
9070
9101
8909
9164
8816
6788
9045
9317
9366
9254
6708
6678
6761
6974
6572
6749
7503
6683
6664
8969
6741
9032
8951
8956
9554
6795
6675
6691
6694
8861
9048
8966
6652
8890
6742
6791
6659
6718
8855
8915
8978
6684
6793
7059
6843
9116
9035
9032
6669
6762
6924
6798
9080
9322
6701
6823
7009
9036
9122
9438
6680
6644
6993
6820
8908
9066
8999
8857
9061
6767
6979
6804
6933
6716
6750
6690
8984
9010
9046
8875
9736
6688
6582
7025
9058
8931
8843
8980
6775
6754
6671
6566
6726
8990
9047
8985
9311
7085
6843
8995
6800
6764
9159
8977
6691
9134
8963
9997
8916
8922
6839
9350
9078
6649
7134
6689
6803
9081
8916
9134
6707
8956
9028
9083
6629
6665
9053
10044
6654
9021
6712
7090
8905
9028
6621
6565
8917
8939
6709
6628
9566
9106
6682
6729
9103
9158
6675
6830
9155
6683
9162
9075
6653
6745
8957
8969
6755
9028
8909
6799
8949
8954
6671
6730
8988
9495
6690
7155
6718
8957
9160
6794
9291
8944
7068
9621
8965
6819
6856
6811
6740
8856
6751
6890
8978
9013
6629
6833
9065
8968
8927
6728
8873
8897
9138
6659
6676
9141
9054
9160
8853
8918
8918
8978
