7143
7029
6924
8950
8999
9208
7015
9146
9206
6857
6728
8947
8942
8929
9361
9518
8996
6737
6776
6745
6746
7321
6740
6744
6781
6849
6717
8937
9005
9020
9022
8854
6757
6707
8948
6848
6870
8993
6714
6740
8961
9077
9137
9165
8952
8901
9017
6828
8899
6913
7255
7083
6732
6855
6803
6915
6734
6804
6752
6715
6868
6835
9099
8951
8989
6752
6761
8977
9645
6795
6998
6705
6783
6771
9021
6592
6881
8965
9008
9012
7103
6819
6793
6876
9043
9269
9187
6712
8975
9011
6865
9044
9142
6983
6787
6804
9008
8989
6736
6842
9011
9124
6762
6667
8954
9140
8848
6757
6762
8829
8817
9046
9472
6830
6713
8988
8969
8955
6779
9085
9422
8915
6772
6729
6699
7890
9143
8952
6743
7106
6871
6961
9053
8872
9369
7010
6827
6768
9148
9005
6831
6919
10027
8963
6706
6756
7672
8918
6842
6817
6819
9020
9091
6968
6859
9195
6779
8205
9548
6753
6820
9112
8861
7372
8936
6822
9192
8802
6721
6775
7224
9374
8960
6807
9042
8936
6734
8861
9288
9050
6728
9052
6843
8965
9000
8946
6759
6838
9426
9046
8860
6737
6801
6795
7039
9445
9097
8916
6726
6727
6765
6981
9652
7263
6764
9800
8860
6663
6944
9706
9019
6742
7016
6778
8985
8934
8988
6761
6764
6733
6779
9074
9009
9001
7239
6902
6726
8963
9509
6707
6870
9442
8952
9094
7044
6667
9118
9103
6783
6740
9160
8945
6813
6758
9088
6736
6958
8960
9082
9037
6764
6899
9507
8950
6813
9197
6963
9179
9008
6782
6790
9275
9097
6794
7041
6787
6796
9595
9208
6862
6990
6914
9049
8973
8885
6815
6701
8948
9037
6934
6943
9089
9132
8877
8932
8968
6902
9674
9302
9111
6726
6933
9161
9099
6687
6924
8971
9499
6915
8950
8988
6674
9207
6740
6856
6721
9169
9087
9025
6743
9539
9005
9079
6872
6790
9059
9063
6796
6735
9013
9206
9173
6826
9065
6822
6710
9045
9055
6751
9423
9017
6837
6768
9046
6728
7268
8963
6658
9027
6751
9014
6663
7090
9101
9143
6859
9415
6897
6783
6913
6789
8905
7052
7438
9446
9279
6635
6854
8905
9049
6808
6708
8947
9025
6927
7334
9140
8954
8985
6716
6687
9011
9167
6727
8990
6740
9146
9029
6770
6876
9165
9002
6827
6736
9444
9000
6978
6903
9693
6780
6814
9127
9450
8939
6870
6887
8965
6943
6825
9010
8945
6912
9031
8967
7469
9097
9009
9345
6914
9172
7176
9175
6919
6929
9502
9468
6802
6660
8961
6710
6767
8939
6759
9849
9105
6712
9050
6719
6740
9515
9089
7239
8932
6799
9123
8888
6826
6742
8975
6731
9010
9016
6778
8939
6672
6921
6932
9075
8919
7129
8971
6787
6937
9190
9746
6781
9254
8917
8944
6827
8917
9023
6892
6783
9033
9115
6669
6939
8941
8975
6744
6872
10182
9021
6693
9033
6854
6779
9024
6781
8978
6920
6712
6651
8953
6808
6793
9375
8931
6854
6766
9100
8916
9184
8940
6782
9001
8979
9295
8970
6733
6805
9130
9529
9187
8949
8902
6915
9056
9327
6721
6792
6753
9001
8930
6787
6776
8957
9101
9074
7034
6734
7254
9154
8815
6804
8892
9356
8890
6591
6648
8932
9085
6702
8982
6770
6759
9074
8930
6700
6848
9041
6890
6838
9003
9579
6867
6750
8865
8892
8805
6725
7240
6730
9038
9186
6762
6913
9021
8866
9157
6729
6695
6762
9263
8928
7537
6831
6822
7210
8949
9541
6757
9143
9655
9005
6783
7140
8975
8894
6721
6783
8943
6805
6844
8994
9040
6842
9009
6786
6966
9384
8849
6753
6690
8873
9048
9068
6843
9463
9029
6808
8951
8963
8968
6921
6751
9193
9150
7164
6956
9629
7119
6822
9562
8965
6875
6893
6775
9009
8998
9143
6705
6781
9072
9440
9011
6705
9042
9007
7006
6782
9074
9512
6740
9071
9026
9001
6760
9079
9009
6773
6858
6722
9606
9106
6686
6762
9305
8923
8847
6794
9025
9003
6648
6733
9217
9059
6750
6957
9030
9043
6661
6797
8995
8939
6791
6785
9011
9064
6935
9024
9135
8966
8927
6787
6829
9056
6931
6811
8909
6765
8911
9368
7061
6738
9049
6852
6891
9468
8968
6638
8780
7294
6737
8959
8987
8997
9317
7196
6777
9011
6937
6888
6851
6759
7168
8930
9490
9041
6819
7028
6727
8967
6761
6726
8950
8928
6747
9649
8966
6775
6789
8945
8889
6785
9372
8947
6839
6768
9251
9242
6807
6716
8996
8995
6797
6750
8957
7019
9484
9007
6712
6837
9000
8995
6836
6879
9068
9159
6696
6744
7161
7352
9009
6679
9065
9156
6788
6698
6653
6991
9245
8880
8912
6733
6769
6750
9074
9262
9207
9076
8981
8981
9022
6769
6752
6756
9009
8900
9194
6806
7082
8988
8858
6769
6897
9236
9023
6836
6920
6726
6789
6725
6798
6840
6708
9020
6749
6751
6747
6854
9106
9110
8928
6759
6773
6780
6726
6747
6711
6640
8872
8903
9167
8923
9067
9010
9075
9115
6696
6758
6765
6731
9011
9476
9087
8974
7115
6712
6720
6945
6896
9190
8956
8981
6711
6737
7436
9091
9096
9074
8945
8942
6616
7075
7117
6804
8973
9140
6886
8904
8882
9050
6703
6698
6710
6798
6802
6741
9029
9042
8899
6735
6810
6813
6785
6661
6735
9604
9007
8916
8905
9128
8896
9060
6680
6682
6702
7260
8962
9049
8923
8967
6783
6910
7049
6694
9158
8933
8894
8965
6909
6703
9778
8963
9013
6851
8871
6730
7042
8942
9395
8979
6783
9015
6845
9476
9499
6829
6757
6736
9076
9105
8926
6703
6791
8966
8999
6726
7018
6830
9066
7132
7085
8929
8986
6818
8950
9000
6805
7052
8989
7116
6776
9507
9137
8954
6748
6804
8924
6945
6734
6703
9057
8905
8992
8943
6750
9111
9026
8852
6781
8964
8985
6873
8910
9018
6751
9558
8965
8909
6684
6851
9863
8959
6822
6749
9121
8891
6751
6756
8813
6677
6740
9166
9300
8974
8981
6661
9523
9009
6729
7196
8891
9001
7021
6757
9110
8872
6744
6869
6828
8832
8849
9126
8951
8957
9067
9085
