157
403
200
198
50
1002
934
1014
1100
954
1259
1088
1005
942
1020
1238
1039
1013
1021
984
1008
1182
1018
1021
977
993
1239
1085
1015
1018
1014
1276
1077
991
970
724
893
1306
909
966
815
976
1160
1057
1020
1059
963
1233
1053
1013
1011
1003
1264
1075
1133
907
1001
1015
1128
1054
1011
1005
1007
1257
1089
1014
1012
1023
1186
1077
964
1003
953
979
1171
1060
973
970
1010
1247
1280
990
955
996
1105
1304
987
949
969
1158
1302
985
1004
1009
968
1204
983
1001
1003
1008
1242
1084
1018
996
1009
1286
1006
976
999
1008
1022
1209
980
998
1039
1107
1192
830
943
1002
1010
1165
1063
1011
993
1007
1031
1201
1035
969
945
1003
1166
1046
1001
1009
1011
1232
1095
938
1009
1005
1219
960
987
1008
979
1053
1174
1054
1175
1073
1008
1242
1002
1003
1006
1007
1245
1082
1008
971
993
1003
1185
986
962
1004
700
1265
1085
973
1001
1016
1234
1085
1006
1009
960
1022
1206
938
1004
1005
1007
1249
1160
978
1013
1000
1212
1087
1002
1008
1007
1267
1076
1016
1001
999
1013
1135
1002
996
909
998
1240
1083
1009
1017
998
1031
1214
985
961
1008
1059
1136
1032
958
1004
1170
1313
1090
1002
1002
934
1249
1079
1009
1010
1006
1024
1200
1040
1016
1006
1010
1184
1085
1010
962
1002
1248
1076
993
1021
923
974
1202
908
997
1008
1028
1170
1064
1052
1078
1007
1219
1079
1005
926
1011
1260
1085
971
1011
993
1049
1102
1061
1008
1000
966
1262
1082
1009
956
1017
1247
1053
1015
1007
1007
1039
1081
1055
1007
1010
996
1243
1295
1008
1009
989
1262
879
947
1006
1007
1010
1199
949
959
970
988
1239
1081
1012
961
1009
1254
1086
1010
1050
917
963
1175
1055
1010
1004
950
1229
1068
1006
997
1172
1314
1083
1005
1005
1008
1213
1088
1009
1009
1009
1034
1229
1080
1011
922
950
1203
65
57
200
1177
1068
1000
1010
1013
1231
1088
1016
1012
1007
1272
998
1017
998
992
1316
1094
1015
995
419
1026
1123
1065
954
1005
1018
1235
1095
1009
1012
743
1035
1226
956
1008
962
1024
1168
1041
1010
1018
983
1244
1095
1014
1012
1013
1213
1084
1174
1063
1014
1029
1200
900
1010
1004
1014
1175
1033
1014
1027
1003
1235
1088
1014
995
1002
1267
1080
1012
964
1014
982
1139
1058
975
1017
1013
1246
1091
1010
1005
952
1263
1204
1074
1010
957
1012
1212
927
1000
1006
1009
1150
1093
998
993
1004
1246
1087
1031
834
956
1117
1181
924
1013
999
1014
1129
1303
1004
943
979
1261
1077
1011
961
1173
1327
1072
994
1000
945
987
1222
980
997
1005
962
1218
1080
1011
1010
1012
1266
1085
1007
996
1012
1032
1159
982
1017
1001
1002
1235
1091
636
1001
1008
1242
994
1182
1059
1010
1260
1088
1010
1016
998
1017
1167
992
959
1016
997
1242
1087
1011
1005
1007
1257
1073
1002
1009
961
1006
1192
1054
978
1011
1006
1244
1087
997
1005
997
1213
1232
1078
1009
992
1063
1088
955
900
994
1012
1259
1004
998
1012
989
1249
1087
1010
1012
1005
1025
1200
959
965
997
1006
1242
1085
1010
964
954
1228
1085
1001
1003
1138
1330
1081
1016
999
1007
1031
1162
1040
1023
1000
1001
1194
1072
981
1007
1008
1026
1210
985
1006
936
1000
1143
974
999
1004
1008
1238
1076
1015
984
825
1267
1090
963
1239
972
966
1216
1016
1010
1011
1012
1243
1091
994
960
1018
1236
1086
1014
1003
970
1265
1089
1001
1013
1012
966
1263
1084
1008
1003
1014
1248
1082
1013
725
999
1260
1019
1187
1054
939
1028
1204
986
1019
1006
1013
1260
1092
962
984
984
1251
1091
1007
1011
773
1019
1213
933
1017
959
947
1130
1001
970
968
976
1222
995
726
912
967
1184
1139
1080
993
1008
1026
1190
971
1008
1009
1003
1193
1086
930
988
1011
1266
1088
1008
1009
1010
1008
1207
939
1009
989
1000
1221
1084
1012
994
1011
1255
1081
1009
953
1121
1097
1202
988
1009
998
1028
1158
1059
1004
1005
1008
1191
1077
1006
1008
1011
1252
1077
1004
998
950
1014
1174
1020
994
1004
1007
1239
1080
1008
1009
1010
1252
1106
932
1079
1082
1026
1167
986
1008
1001
1009
1227
1096
1000
1015
942
1244
1088
989
1001
1007
1025
1171
716
999
1006
1009
1155
1011
998
985
1006
1263
1086
1009
1008
1007
1023
1219
1127
960
1009
1037
1206
1081
1014
1003
1011
1244
1083
1020
986
942
1026
1191
984
1009
1004
1032
1205
1093
992
1018
994
1194
1087
1007
1010
955
1261
1086
995
946
968
1178
1269
998
1005
975
1006
1242
1085
1013
1004
1002
1246
1096
993
960
1007
1027
1150
976
1010
673
1010
1259
1076
995
995
960
1250
1089
986
1010
1007
1022
1205
658
1013
1160
1127
1087
1041
1007
955
978
1248
1085
999
999
1007
1263
1080
956
1008
1008
1042
1208
1088
828
1006
1010
1283
1021
981
963
960
1026
1216
973
1009
1005
1005
927
1237
1073
1011
958
1227
1082
1008
995
1006
1253
1087
1009
1017
977
1022
1152
1025
1010
1008
999
901
1079
1007
1007
1011
1241
1087
961
1007
1006
1012
1138
1059
1007
1007
1007
1266
1261
959
1007
1009
1247
1081
1009
1008
1009
1255
1084
1018
999
962
1008
1240
1085
1008
1010
1007
1262
1085
1007
991
994
1209
1025
1014
1013
979
955
1234
1084
669
1172
1077
1228
1038
1007
1007
1010
1266
1088
1010
1006
1008
1026
1160
1055
960
998
1009
1233
1085
887
996
1007
1258
1084
997
1004
930
930
1226
1058
1007
1008
1002
1042
