142
306
268
210
5495
6247
6373
6542
6501
6531
6327
7703
6651
6655
6037
6534
6563
6804
7304
4519
4322
4410
3877
4001
4019
3902
4202
4225
3883
4148
3787
3999
4126
3418
4200
3994
3850
4236
3934
3998
3884
3910
4173
3809
4044
4109
3776
4186
3873
4523
4203
3804
3877
4145
3729
4114
3959
3896
4163
4111
3973
4147
3808
4161
3972
3881
4073
3645
3937
3889
3983
4044
3654
3889
3862
3764
4016
3663
4017
3885
3752
4192
3595
3964
3823
3765
4044
3694
3973
3645
3843
4032
3910
4003
3917
3802
3881
3617
4033
3874
3672
4022
3682
3832
3875
3769
4025
3696
3960
3641
3877
3868
3585
4026
3981
3639
3704
3606
4015
3450
3826
3840
3765
4029
3645
3649
4189
3607
1795
3538
4065
3879
3672
3931
3631
3925
3889
4035
4064
3707
3765
3781
3752
4106
3658
3979
3841
3700
4042
3739
4083
3886
3477
3924
3673
3945
3685
3832
4021
3634
4028
3801
3765
4091
3682
3959
3799
3691
3961
3565
4079
3914
3987
3942
3628
3981
3662
3694
3936
3660
3987
3576
3765
3905
3658
4000
3641
3954
3873
3624
4013
3599
3798
3809
3836
3940
3597
4003
3860
3669
3969
3580
4011
3906
3738
4007
3670
3974
3834
3690
4012
3662
4026
3878
3540
3940
3640
4169
3995
3553
4008
3571
4017
3664
3923
3969
3665
4039
3627
68
50
2615
3877
3887
3793
4019
3710
3897
3937
3744
4244
3690
3908
3866
3788
4085
3704
3678
3895
3698
4099
3873
3948
3920
3810
4003
3675
3874
3916
3698
4047
3672
4127
3788
3671
4056
3685
3813
3900
3809
4042
3679
4000
3935
4036
3998
3685
3896
3830
3724
4049
3707
3715
3805
3937
4167
3717
3650
3857
3771
4046
3653
4012
3793
3755
3982
3828
3979
3520
3648
4073
3669
4023
3787
3746
4056
3666
4154
4004
3783
4121
3506
4024
3865
3790
3969
3725
3915
3786
4339
4046
3662
3871
3824
3766
3717
3679
3791
3869
3696
4012
3768
3898
3854
3780
3998
3677
3822
3877
3694
4047
3863
3727
3793
3783
4062
3661
3892
3861
3769
4047
3656
4136
3962
3706
3973
3694
3846
3881
3709
3990
3651
3926
3900
3985
4062
3755
3639
3820
3744
4022
3667
3984
3894
4099
3982
3668
3817
3863
3694
4037
3668
3971
3803
3778
4060
3832
3804
3866
3783
3990
3654
4010
3789
3777
3974
3525
3908
3879
3688
3897
3661
3937
3806
3772
3965
3666
3925
3882
3731
4038
3579
3938
3870
3774
3979
3661
4050
3917
3711
4035
3592
4072
3814
3796
4142
3148
3748
3843
3776
4131
4085
3886
3922
3792
4013
3729
3703
3916
3700
4080
3995
3860
3846
3805
4094
3675
3822
3899
3776
4062
3633
4115
3895
3657
3978
3686
3859
3851
3692
4098
3679
3844
3767
4377
4070
3712
3701
3889
3780
4063
3616
3805
3858
3942
4102
3641
3866
3893
3699
4042
3677
3776
3797
3770
4069
3441
3662
3850
3788
4021
3661
4035
3863
3778
3996
3695
4112
3902
3612
4050
3697
3957
3811
3793
4041
3652
3933
3957
3922
3934
3610
3887
3870
3783
3995
3659
3819
3882
3853
4143
3684
3719
3800
3760
4069
3659
3920
3853
3775
4054
3730
3954
3865
3786
3993
3718
3965
3870
3687
4054
3663
4191
3914
3778
4099
3678
3892
3866
3791
4028
3682
3977
3686
4020
3988
3684
3326
3863
3696
4005
3701
3976
3806
3945
4172
3675
3797
3847
3780
4040
3618
3997
3872
3783
3996
3811
3982
3877
3516
3933
3676
3971
3807
3773
4097
3728
3728
4017
3782
4060
3616
3978
3865
3785
3973
3670
3965
4130
3694
4042
3650
3706
3771
3769
4060
3714
3857
3848
4097
4077
3616
4015
3750
3781
3996
3661
3872
3879
3694
4024
3796
3819
3815
3677
4029
3661
3943
3852
3784
4048
3777
4149
3846
3773
3987
3670
3972
3902
3689
3954
3654
4240
3865
3746
4057
3667
3718
3852
3773
4047
3629
3965
3858
4093
3986
3665
3816
3888
3685
4040
3669
4012
3819
3773
3963
4171
4013
3866
3585
4132
3697
3727
3868
3776
3992
3974
3887
3887
3718
4080
3665
3858
3845
3779
4061
3678
3935
3752
3761
4049
3615
3989
3850
3784
3973
3659
3971
3788
4324
4089
3666
3869
3841
3741
4068
3668
3676
3847
3790
4172
3616
3993
3866
3760
3986
3672
3983
3879
3696
4047
3785
3818
3808
3784
4088
3710
3952
3872
3777
4052
3641
4192
3945
3777
4019
3572
3990
3879
3698
4030
3703
3960
3719
4271
4108
3646
3812
3873
3783
4044
3644
4014
3852
3943
4087
3676
3734
3885
3697
4068
3674
3948
3853
3778
4076
3836
3936
3853
3777
4034
3604
3998
3885
3778
3765
3863
3909
3871
3686
4023
3706
3970
3816
3775
4032
3701
3966
4003
3779
4059
3687
3954
3848
3744
3994
3686
3694
3899
3912
4040
3675
3968
3810
3785
4062
3811
3822
3844
3786
4216
3681
3978
3814
3711
3978
3674
4036
3904
3675
4059
3830
3813
3807
3792
4036
3680
3893
3859
3775
4040
3628
4230
3955
3772
3950
3661
3973
3877
3698
4067
3686
3916
4115
3773
4070
3732
3652
3860
3779
4042
3687
3958
3896
4083
4032
3663
3810
3868
3698
4054
3657
3974
3805
3772
4064
3839
3948
3897
3783
4004
3659
3996
3868
3768
3992
3732
3981
3981
3708
3933
3693
3969
3865
3790
4001
3660
3875
4165
3772
4049
3617
3988
3835
3752
3996
3677
3846
3923
4021
4081
3671
3880
3837
3782
4069
3680
3722
3829
3754
4022
4060
3932
3881
3726
3990
3671
3776
3867
3650
4029
3837
3909
3791
3779
4064
3658
3788
3861
3794
4025
3669
3990
3980
3777
3966
3691
3927
3881
3687
4059
3641
3985
3814
4096
4058
3668
3843
3854
3772
4052
3708
3947
3863
3779
4189
3847
3855
3886
3688
4040
3658
3979
3846
3779
4070
3472
3795
3831
3784
4051
3623
3978
3842
3771
3986
3696
4193
4025
3695
4036
3716
3960
3814
3809
4033
3696
3905
3781
4364
4091
3539
3911
3847
3782
3983
3715
3816
3879
3708
3877
