167
305
215
205
58
56
142
380
396
393
259
404
401
472
355
343
387
307
394
384
416
328
394
415
330
556
405
395
405
378
401
404
404
394
435
379
383
403
403
398
354
399
403
405
359
395
568
406
382
404
339
408
409
403
399
420
373
425
407
535
61
373
242
317
189
263
283
558
372
354
373
318
361
372
325
362
353
519
428
364
331
339
383
375
368
361
370
332
492
368
367
365
360
368
323
361
337
351
362
439
325
363
366
340
366
361
364
367
353
555
388
131
345
354
297
361
366
346
365
298
390
366
360
297
365
366
359
364
335
347
395
438
367
321
65
252
398
359
357
373
303
551
368
357
359
369
335
352
364
324
378
377
446
370
366
228
299
347
268
139
296
298
543
351
315
361
364
364
364
341
361
351
235
560
449
395
356
364
306
361
365
313
383
329
540
315
361
322
363
360
350
365
362
298
517
371
347
356
342
353
363
249
355
385
325
551
333
249
514
369
357
363
362
286
313
546
314
355
364
337
362
367
314
359
377
291
458
366
357
354
320
357
358
296
355
357
527
418
364
311
357
364
336
366
389
364
301
471
324
360
357
361
364
298
357
366
323
342
457
331
359
370
294
359
366
364
366
351
479
424
318
364
367
358
365
365
302
355
296
529
390
245
421
367
363
309
360
363
292
387
459
310
356
318
340
338
380
369
366
277
558
358
392
406
380
355
360
366
357
452
315
539
367
362
376
300
328
392
397
388
403
315
552
398
379
98
359
380
389
388
398
417
438
363
400
396
399
399
400
384
391
350
402
552
404
400
401
400
51
371
405
361
426
421
436
391
395
400
399
401
399
393
398
381
554
324
399
397
400
354
412
400
399
410
300
543
403
379
402
399
400
398
397
398
432
419
356
401
395
349
400
369
399
399
391
428
460
401
281
378
400
397
398
399
389
429
322
540
406
395
387
399
401
346
402
390
419
436
370
399
396
401
52
325
394
390
400
395
565
400
400
372
412
401
400
394
348
409
341
455
403
396
402
396
390
401
51
318
410
451
374
401
357
409
399
402
401
398
400
426
465
386
401
401
397
416
329
365
399
50
385
553
406
398
400
375
395
386
399
398
423
400
386
349
398
399
399
395
399
386
402
403
552
422
234
496
389
390
361
390
393
387
392
532
395
405
60
49
50
51
50
433
166
359
412
399
384
400
398
401
403
402
402
381
432
302
553
407
401
401
403
348
49
410
339
370
444
371
377
393
403
398
403
400
404
402
406
544
409
401
403
400
403
364
366
401
416
297
486
518
406
402
403
403
395
420
341
390
464
454
402
398
404
403
401
402
402
366
328
390
403
398
380
388
402
379
409
401
423
450
370
401
393
401
361
414
401
393
402
406
542
363
405
403
395
413
386
401
402
378
385
445
401
399
400
347
412
403
404
402
422
437
373
403
349
395
393
401
400
399
276
460
551
390
321
399
397
356
416
399
402
434
395
377
401
400
402
346
400
400
397
413
337
523
408
323
362
357
340
345
337
354
356
520
449
403
391
400
400
401
349
398
392
423
398
390
417
367
368
399
391
366
393
484
273
553
406
385
386
400
406
386
400
401
365
394
446
401
397
401
401
95
309
499
405
399
555
406
400
394
401
401
402
401
366
406
408
388
400
397
366
413
398
399
404
384
420
443
374
400
399
398
401
401
401
362
429
385
549
373
348
368
413
400
400
402
402
411
140
454
391
398
400
403
399
398
367
388
418
434
372
399
374
413
348
397
400
400
436
385
542
416
380
433
400
399
400
397
416
263
427
383
398
396
401
399
374
342
399
400
386
558
377
412
421
364
368
398
399
342
420
405
446
401
397
379
403
391
385
399
399
365
442
373
399
398
400
414
384
397
403
395
396
528
390
399
398
390
387
400
401
400
412
381
402
398
358
366
361
403
339
400
423
386
455
363
399
394
399
399
401
397
364
402
347
549
393
343
371
405
398
400
399
398
421
427
390
399
396
399
388
361
410
400
399
421
538
375
400
397
401
349
401
400
389
411
338
538
52
373
398
399
401
399
399
402
433
375
386
388
399
399
397
402
400
328
409
400
553
405
399
367
411
274
537
404
401
412
365
454
400
398
393
401
402
398
366
394
415
446
327
394
388
345
410
400
399
288
454
306
526
401
398
401
398
399
372
408
396
419
542
373
399
397
349
330
409
399
399
400
415
245
381
399
397
399
400
400
397
403
390
390
552
403
400
400
389
400
348
400
396
415
376
403
429
304
502
403
389
397
391
399
395
556
372
401
399
398
369
409
382
