169
295
201
207
1746
3297
2893
3089
2831
3400
2967
3326
2816
3318
2801
3351
2740
3351
2814
3505
2773
3306
2790
3118
2918
3113
2905
2775
3177
2793
3082
2797
3163
3242
3110
2740
3157
2987
3295
2970
3361
2726
3323
2684
3072
2817
2991
3318
3011
2901
3024
2825
2807
3045
2758
3234
2694
3250
2760
3291
2716
3159
3314
3031
2884
3058
2825
2758
2905
2726
3265
2684
3191
1976
1922
2183
1985
2346
2110
1975
1921
2185
1900
1894
2107
1909
1891
2174
1908
1896
2101
1821
1902
2077
1969
1878
2112
1951
1807
2129
1838
1978
2006
1921
1854
2129
1987
1865
2035
1954
1865
2135
1895
1884
2126
1980
1871
1917
2204
1911
1865
2131
1891
1655
2044
1842
1846
2120
1893
1873
2048
1932
1844
2062
1970
1673
2113
1982
1870
1959
2216
1981
2188
1983
1857
2117
1973
1809
2093
1979
1861
1868
2104
1848
1848
2136
1865
1879
2048
2033
1957
1846
1862
1900
2036
1962
1847
2131
1914
1863
2140
1960
1877
2095
1983
1817
2046
1959
1849
1855
2259
1988
1749
2067
1835
1843
2230
1856
1900
2193
1923
1783
2094
1846
1854
2024
1787
1858
2081
1970
1890
1951
2201
1780
2138
1968
1819
2140
1992
1765
1953
1979
1908
2093
1952
1839
1897
2055
1862
1901
2055
1866
1995
2232
1877
1871
1972
1816
1947
2049
1942
1811
2091
1860
1863
2107
1968
1853
2084
1977
1855
1858
2302
1963
1840
2052
1851
1898
2085
1894
1872
1979
1775
1859
2046
1936
1856
2079
1972
1802
2147
1911
1915
1873
2264
1963
2051
1726
1839
2112
1959
1871
1868
2051
1897
1853
2111
1887
1848
2157
1428
1871
2065
1893
1933
2150
1818
1818
2061
1948
1880
2112
1978
1902
2046
1988
1859
2150
1979
1865
2110
1900
1879
1868
2320
1886
1859
2126
1786
1887
2144
1768
1885
1979
1874
1817
2102
1949
1875
2099
1987
1859
2105
1970
1927
2122
1918
1873
2122
1573
1880
2101
1973
1853
1903
2125
1819
1869
2038
1873
1882
2076
1824
1854
2106
1862
1947
1560
1897
1873
1893
1957
1840
2153
1978
1820
2121
1893
1885
2115
1964
1874
1862
2087
1559
1901
2150
1928
1878
2120
1863
1816
1921
1845
1865
1991
1951
1845
2090
1971
1901
2117
1973
1861
2104
1911
1899
1929
2202
1971
1868
2135
1813
1856
2070
1814
1874
2023
1890
1919
2006
1792
1936
2016
1951
1859
2097
1879
2033
2112
1972
1850
2108
1976
1793
1885
2140
1860
1861
2113
1853
1842
2086
1796
1851
1923
1854
1897
2027
2151
1952
1983
1948
1898
2123
1895
1897
2109
1983
1872
2119
1980
1836
2119
1986
1874
1909
2117
1864
1875
2218
2039
1867
2122
1862
1883
2122
1852
1857
1985
1957
1867
2105
1984
1847
2133
1982
1863
2103
1992
2038
2160
1992
1835
2158
1982
1863
1908
2059
1866
1863
2115
1864
1873
2134
1791
1868
2039
1862
1932
2013
2108
1927
1999
1943
1860
2144
1993
1825
2029
1960
1853
2133
1981
1470
2093
1917
1874
1831
2093
1871
1890
2111
1862
1838
2054
1858
1915
1923
1872
1802
2129
1972
1786
2092
1971
1900
2076
1976
1862
2098
1943
1915
1742
2226
1985
2098
1969
1835
1852
1980
1765
1901
2113
1861
1870
2041
1856
1830
2001
1953
1853
2157
2005
1804
2155
1970
1828
2094
1976
1882
2027
1899
1855
1886
2157
1793
1817
2049
1770
1802
2083
1843
1903
2095
2040
1919
2070
1907
1847
2016
1847
1808
2052
1970
1853
2119
1979
1880
2012
1912
1842
2143
1972
1901
1847
2266
1911
1877
2111
1825
1881
1939
1814
1785
2057
1832
1919
1954
1610
1882
2045
1965
1845
2166
1966
1906
2271
1892
1862
2121
1975
1850
1918
1967
1759
1864
2138
1874
1895
2124
1841
1776
2153
1954
1810
2123
1958
1978
64
65
1235
1972
1840
2177
1944
1914
1888
2065
1899
1873
2137
1885
1913
2269
1933
1858
2138
1867
1904
1999
1794
1815
2065
1891
1885
2090
1973
1878
2086
1994
1877
2073
1991
1865
1626
2249
1940
2121
1988
1894
2130
1994
1815
2181
1997
1875
2048
1984
1823
1784
2061
1887
1866
2134
1880
2052
2072
1875
1893
1982
1849
1870
2091
1910
1879
2120
1942
1865
2187
1982
1804
2120
1979
1809
2124
2169
1920
2069
1979
1824
1866
2155
1862
1864
2071
1878
1921
2047
1855
1887
1960
1830
1865
2074
1919
1885
1878
2262
1972
2019
1940
1874
2114
1973
1884
2017
1984
1866
2145
1973
1838
2100
1862
1852
2156
1983
1917
1873
2324
1822
1833
2132
1861
1818
1803
1867
1823
2051
1906
1876
2149
1578
1927
1959
1954
1869
2110
1926
2022
2224
1859
1860
2108
1980
1860
2153
1987
1816
2140
1989
1883
1869
2143
1857
1820
2062
1864
1898
2129
2048
1990
1999
1864
1881
2022
1883
1780
2074
1939
1878
2165
1835
1828
2139
1981
1819
2118
1962
1873
1881
2170
1908
2055
1984
1870
1891
2132
1903
1878
2069
1871
1903
1900
1864
1854
2099
1723
1932
2119
1913
1876
2282
1958
1814
2137
1981
1886
2107
1982
1865
2079
1989
1881
2082
1988
1907
1868
2068
1879
1787
2071
2042
1979
2085
1861
1896
1926
1846
1867
2103
1907
1837
2103
1934
1842
2158
1984
1869
2040
1981
1873
1868
2325
1972
2114
1904
1867
1906
2123
1873
1895
2032
1829
1894
1981
1839
1892
2063
1844
1848
2064
1913
1874
1930
2279
2017
2011
1977
1862
2118
1970
1903
2128
1909
1847
2155
1952
1834
1822
2079
1839
1855
2127
1880
2037
2084
1846
1823
2120
1877
1870
2053
1902
1933
1939
1961
1863
2151
1982
1905
2114
1909
1857
2129
2163
1975
2116
1991
1811
2107
2025
1818
1880
2130
1903
1825
2063
1865
1889
2084
1868
1917
2030
1887
1863
2015
2228
1836
2098
1864
1864
2101
1972
1887
2147
1950
1809
2157
1964
1895
2142
1985
1814
2051
1985
1901
2288
1988
1847
1905
2072
1869
1874
2144
1868
1896
1916
1784
1906
2017
