8324
7795
7793
7919
7948
7978
8018
8308
8002
7680
7843
8177
7786
7888
7879
7905
7799
8067
8002
7884
7906
7858
7882
7876
8163
8120
8028
7819
7849
7877
7824
8004
8037
7807
8147
8226
7967
7774
8078
7973
7854
7817
7811
7750
8164
7972
7922
8334
8121
8140
7927
8092
7745
7859
7801
7827
8371
7921
8103
7960
7820
7937
8130
7723
8007
7994
7828
8005
7860
8034
7919
7783
8235
8012
7975
8068
7875
7826
7937
8372
7790
7804
7899
7856
8053
7857
7993
7937
7864
8131
8024
7794
7947
7949
7771
7926
7743
8059
8021
7848
7794
7771
7773
7837
7841
8202
7994
7952
7817
7850
7782
8052
7946
8041
7709
8427
8152
8027
8091
7811
8060
7987
7781
7746
7732
7736
8103
7860
7885
7859
7796
7958
7927
8222
7831
7776
7954
7964
7891
7954
7771
7828
7933
7949
7975
7706
7741
8343
7844
7822
8177
8129
8256
7796
7879
7886
7886
8298
8024
7844
8101
7946
7811
7964
8008
7926
7853
7756
7774
8149
7818
7742
7894
8146
7782
7869
7750
7743
7750
8389
7971
7963
7815
7955
8183
8153
7977
7769
7853
7767
7829
7873
8050
7714
7806
7914
8048
7957
7792
7776
7987
8079
7789
7867
7856
7841
7844
8150
7938
7949
7946
8223
7983
7807
7763
8471
7923
7839
7967
7890
8002
8136
7926
8444
7959
7964
8063
7728
8047
8131
7887
7999
8051
7858
7850
7860
7670
8062
8010
7958
7886
7897
7967
7846
7822
8313
7823
7727
7810
7803
7805
7803
7872
7713
7700
7896
7757
8059
7902
7924
8088
7818
7977
7783
7783
7846
8326
8231
7861
7880
7951
7983
8146
7915
8149
8020
8228
7939
8004
7939
8197
8004
7882
8277
7827
7843
8051
7763
7906
7758
8096
7905
7925
7791
7901
7855
7767
7749
8316
8097
7784
7780
8069
7945
8194
7822
7829
8085
7728
7821
8063
8111
7808
7950
8182
8098
7849
7859
8015
8124
7884
7925
7934
8371
7866
7824
7895
7929
7958
7750
7883
8176
7790
7892
7864
8380
8121
7818
7802
7925
7867
8079
7716
8004
8048
7905
8228
7927
7911
7860
7773
7792
7786
7988
7755
7963
7940
7982
8326
8039
7841
7917
7798
7870
7719
8054
8150
8094
8157
7815
7983
7859
7702
7826
8077
8049
8112
7795
8038
7942
8381
7825
7935
8053
7814
7746
7989
7764
7795
7758
7984
8103
7842
7895
7815
8134
8111
8294
7873
8131
7944
7901
8030
7967
8327
7982
8135
7768
7692
8485
8409
8033
8016
7923
8136
7824
7871
7738
7845
8042
7765
8023
7790
7636
7850
7776
7827
7724
7844
7844
8027
7958
7942
7740
7838
7864
8077
7837
8324
7818
8008
7785
7861
8043
7845
7809
7983
7816
7765
8111
7749
7778
8333
7962
7808
7761
7999
7714
8346
8064
8070
8005
7796
7781
7801
8112
7823
7902
7763
7810
7869
7742
7829
7886
8278
8079
7855
7771
7900
8194
7973
8010
8004
7729
7923
7786
7934
7817
7847
8456
8058
7897
8031
7938
8029
8098
7749
7736
8166
7822
8141
7802
8135
7918
7766
7933
7788
7790
7989
7699
7809
7681
8103
7771
7925
7967
7740
8080
7803
7767
7807
7686
7774
7832
8049
8132
7895
8310
7966
7910
7678
8361
8033
7991
7946
7954
7950
7811
7701
7740
7870
8182
7702
7960
7882
8334
8177
7948
8056
8683
8133
8024
8134
8070
7965
8021
7989
8160
7774
7917
7934
7833
7973
8565
7729
7795
7843
7864
7855
7798
8387
7821
7803
7677
7996
7921
7735
7992
8045
7851
7835
8122
8304
7907
8169
8078
8048
7919
7986
8079
8280
7703
7724
7834
7892
8389
8108
7825
7929
7963
7939
7894
8274
8376
8088
8065
7814
7798
8041
8127
7766
7739
7777
7876
7930
7894
7939
7770
7897
7893
7773
7839
8086
7868
7804
8197
7999
8084
7934
7843
7735
7822
7858
7848
8030
7763
7702
8081
8132
7993
8035
7819
8037
7942
7988
8090
8128
7809
7911
8356
7887
8026
7855
7893
7925
7859
7929
7971
8025
7904
7791
7940
7818
7864
7837
7758
7792
8036
8157
8427
8382
7797
7865
7935
8308
8461
7771
8019
8059
7813
7972
7854
8242
8100
7690
7776
8025
7985
7986
7864
7974
7818
7765
7758
7818
7841
7908
7700
7995
8024
8125
7817
8171
7914
8633
8750
8091
8014
7875
7986
7716
7779
7827
7860
8111
7943
7792
7879
7722
7783
7869
7757
7747
7840
7908
8056
7799
7937
8014
7776
7926
7884
8008
7721
8046
8029
8225
8620
8364
7748
7770
8049
7825
7774
7967
8080
8188
7755
7864
8196
8106
7905
8060
7871
7849
7886
7891
7812
7978
7801
8148
8048
7967
7840
7814
7871
7987
7878
8171
8010
8207
8047
7708
7926
7853
7874
7811
8097
8068
8029
7944
7905
7756
8018
7911
7922
8016
7752
7776
7896
7929
7816
7849
7906
7809
7731
7896
7900
7820
7967
8194
7705
7871
7960
7895
8086
7830
7888
7848
7997
7961
7890
8009
7851
7825
7697
7845
7802
7746
7772
7773
7877
7996
7960
8112
7948
7872
7929
8006
7872
7960
7887
7812
7991
8070
7962
7683
8208
7873
8138
7875
7745
8142
7962
7947
8563
7731
7935
8014
7979
7816
7719
7901
8007
7926
7922
7687
7922
7933
7971
7936
7905
7697
8046
7886
7820
7809
7950
7687
7740
8022
7863
8267
7846
8160
7915
7742
8016
7921
8003
8116
7801
7753
7851
7910
7774
7852
7693
7895
7941
8348
7956
8076
7764
8252
8256
8108
7869
7680
7763
7794
7858
8010
7889
8069
8013
7703
8086
7869
8537
8140
7839
7767
8437
7800
7865
7749
8104
7830
7770
7904
7728
7811
7761
7760
7947
7913
7961
8009
7821
7937
7895
7938
7763
7962
7812
8214
7863
7748
7978
7927
8058
7933
8486
7974
7816
8094
8038
7725
7805
8445
8046
7819
7798
7913
7987
7939
7900
7759
7714
7803
7843
7806
8075
7793
7939
7875
8136
8082
7831
8106
8082
8202
7976
8013
7955
8094
7826
7899
7876
7991
7992
7753
7945
8082
8020
7862
8177
7840
7918
7993
7867
7868
7764
7861
7993
7992
8091
7872
7780
