153
265
198
201
125
1212
1090
1160
1167
1166
885
1142
1094
1150
1424
1218
1163
1167
1166
1403
1066
1146
1166
1163
1408
1235
1146
1167
1426
1222
1131
1305
1175
1406
1236
1164
1169
1123
1423
1202
1168
1107
1169
1409
1160
1153
1161
1415
1221
1164
1159
1168
1311
1229
1128
1167
1160
1419
1174
1161
1165
1170
1591
1180
1164
1167
1410
1242
1084
1149
1165
1386
1236
1120
1122
1166
1304
1134
1123
1142
1313
1343
1159
1166
1146
1348
1234
1162
1138
1163
1405
1237
1162
1161
1336
1551
1123
1156
1170
1399
1246
1164
1164
1164
1420
1211
1173
1094
1162
1416
1241
1135
1134
1170
1510
1166
1161
1160
1365
1233
1154
1041
1153
1394
1212
1166
1236
1184
1317
1157
1136
1160
1431
1235
1162
1157
1169
1303
1238
1070
1166
1160
1378
1142
1155
1160
1163
1497
1158
1160
982
1423
1233
1160
1131
1162
1400
1403
1215
1162
1157
1461
1148
1154
1166
1418
1234
1160
1157
1161
1418
1225
1120
1156
1161
1362
1232
1143
1176
1149
1500
1092
1156
1115
1424
1238
1111
1162
1152
1550
1195
1164
1157
1177
1308
1233
1150
1162
1171
1368
1058
1157
1163
1415
1224
1089
1161
1159
1431
1248
1145
1164
1128
1090
1233
1166
1096
1174
1421
1093
1338
1222
1413
1236
1147
1154
1118
1419
1239
1076
1163
1113
1501
1119
1162
1081
1423
1078
1148
1159
1160
1415
1208
1106
1153
1166
1410
1230
1075
1160
1158
1495
1291
1160
1168
1408
1232
1160
1158
1112
1369
1231
1130
1123
1162
1420
1231
1149
1160
1166
1349
1193
1128
1089
1419
1230
1157
1153
1158
1401
1228
110
51
347
1129
1168
1431
1234
1141
1168
1436
1231
1140
1063
1116
1384
1243
908
1160
1138
1399
1246
1150
1148
1130
1396
1239
1163
1164
1434
1243
1176
1306
1172
1301
1204
1175
1172
1175
1540
1132
1181
1163
1446
1149
1165
1085
1169
1400
1239
1085
1157
1172
1390
1236
1166
1174
1090
1403
1128
1168
1166
1439
1405
1226
1132
1169
1395
1191
1094
1124
1171
1418
1158
1149
1161
1396
1242
1119
1117
1161
1414
1221
1116
1177
1157
1397
1233
1161
1162
1126
1418
1160
1143
1162
1335
1525
1274
1162
1135
1419
1048
1155
1161
1161
1513
1163
1163
1163
1418
1237
1159
1127
1163
1373
1240
1107
1142
1164
1417
1230
1167
1168
1125
1419
1108
1167
1296
1418
1228
1162
1130
1163
1404
1078
1120
1172
1162
1406
1234
1159
1168
1143
1396
1124
1122
1160
1416
1232
1160
1163
1165
1412
1224
1169
1171
1156
1390
1416
1217
1158
1394
1240
1116
1143
1161
1400
1061
1102
1140
1157
1400
1231
1159
1126
1153
1423
1156
1085
1144
1364
1205
1094
1142
1145
1392
1206
1165
1104
1060
1311
1486
1168
1155
1182
1437
1187
1107
1162
1399
1193
1121
1159
1159
1399
1230
1155
1168
931
1405
1215
1076
1137
1173
1299
1156
1159
1167
1401
1233
1082
1303
1173
1398
1243
1117
1149
1161
1503
1138
1159
1170
1422
1055
1151
1156
1159
1400
1229
1158
1125
1131
1368
1224
1097
1165
1163
1361
1164
1156
1172
1434
1412
1170
1111
1148
1410
1118
1161
1133
1161
1504
1171
1149
1147
1382
1183
1154
1160
1161
1412
1245
1117
1159
1151
1373
1080
1139
1162
1076
1488
1132
1163
1161
1429
1405
1176
1159
1149
1420
1233
722
1145
1137
1397
1223
1155
1031
1403
1233
1158
1159
1158
1417
1224
1166
1117
1160
1375
1237
1135
1160
1153
1390
1237
1154
1332
1461
1077
1146
1163
1159
1405
1236
1158
1133
1160
1376
1231
1091
1163
1166
1413
1149
1155
1158
1403
1242
1114
1161
1117
1399
1233
1160
1030
1145
1403
1241
1270
1175
1185
1321
1162
1036
1154
1409
1240
1152
1170
1146
1403
1088
1145
1160
1192
1383
1167
1152
1159
1176
1391
1159
1054
1141
1417
1241
1163
514
1155
1422
1451
1139
1163
1088
1451
1190
1165
1144
1428
1236
1175
1021
1152
1404
1100
1112
1164
1163
1370
1241
1134
1151
1122
1450
1216
1123
1167
1420
1237
1160
1169
1296
1367
1240
1166
1169
1122
1498
1174
1165
1167
1172
1397
1136
1169
1156
1409
1081
1157
1172
1123
1399
1247
1153
1137
1168
1505
1169
1094
1166
1437
1163
1326
1218
1138
1359
1214
1161
1162
1119
1508
1136
1033
1065
1269
1476
1164
1161
1163
1256
1464
1130
1202
1074
1510
1136
1165
1160
1419
1237
1111
1087
1163
1411
1465
1129
1161
1146
1373
1224
1163
1116
1408
1237
1116
1155
1161
1403
1236
1162
1127
1162
1280
968
1165
1149
1105
1524
1156
1155
1173
1376
1236
1120
1160
1304
1455
1236
1160
1164
1163
1479
1171
1159
1117
1199
1287
1138
1158
1161
1400
1238
1051
1157
1136
1345
1241
1157
1149
1144
1513
1136
1160
1159
1184
1372
1116
1300
1219
1367
1246
1114
1163
1168
1363
1159
1116
1170
1172
1392
1121
1159
1122
1436
1160
1155
1146
1115
1406
1216
1160
1155
1162
1372
1234
1118
1160
737
1452
1214
1226
1123
1425
1236
1158
1142
1161
1397
56
360
1154
1164
1453
1175
1165
1160
1402
1236
1131
1170
1031
1395
1225
1166
1167
1168
1406
1239
1166
1158
1302
1534
1243
1164
1167
1408
1242
1162
1165
1166
1429
1180
1168
1141
1174
1420
1167
1165
1165
1411
1246
1154
1126
1164
1385
1242
1125
1168
1169
1420
1236
1339
1226
1386
1241
1167
1145
1166
1311
1233
1165
1168
1161
1371
1068
1154
1166
1141
1441
1206
1167
1145
1416
1228
1162
1118
1162
1406
1235
1117
1159
1195
1358
1457
1136
1115
1141
1400
1127
1167
1156
1408
1243
1149
1161
1160
1403
1085
1153
1127
1161
1488
1115
1126
1150
1186
1400
1155
1118
1125
1374
1247
1119
1175
1298
1253
1214
1158
1138
1115
1465
1171
1158
1163
1442
1213
1162
1160
1163
1378
1049
1109
1162
1154
1369
1228
1164
1169
1169
1403
1205
