128
290
206
206
1450
2576
2773
2514
2663
2772
2918
2732
2807
2755
2644
2882
2588
3053
2566
2901
2745
2605
2828
2567
3021
2998
3048
2610
2319
2647
2636
2835
2604
2677
2523
3032
2626
2900
2694
2876
3174
2666
2790
2385
2528
2196
2240
2527
2150
2440
2270
2145
2584
2146
2136
2500
2359
2454
2374
1954
2549
2153
2109
2492
2057
2423
2244
2001
2541
2204
2191
2331
2187
2440
2438
2244
2417
2192
2207
2467
2130
2373
2268
2184
2584
2236
2100
2459
1987
2435
2295
13787
54
47
1565
2633
2134
2138
2629
2192
2218
1795
2045
2358
1989
2103
2314
2396
2324
1999
2087
2568
1858
1994
2322
1946
2154
1998
1967
2272
2047
2000
2326
1953
2112
2054
2393
2080
1921
2035
2292
2046
2016
1983
1985
2333
1892
1959
2394
2232
2367
2305
2019
2595
2381
2521
2266
2201
2362
2287
2215
2581
2205
2439
2009
2199
2428
2297
2194
2588
2163
2251
2345
2240
2453
2302
2187
2584
2329
2131
2339
1967
2412
2318
2171
2604
2212
2228
2276
2215
2175
2370
2120
2532
2106
2175
2195
2170
2399
2238
2074
2560
2190
2186
2311
2046
2420
2134
2196
2608
2327
2274
2263
2233
2402
1833
2038
2402
2145
2298
2331
2143
2293
2206
2028
2491
2173
2350
2399
2128
61
48
1658
1997
2496
2314
2200
2572
2204
2416
2280
2205
2585
2394
2186
2542
2209
2074
2258
2164
2415
2218
2132
2345
2149
2469
2214
2115
2534
2233
2092
2272
2165
2398
2250
2149
2539
2157
2302
2260
2291
2466
2202
2300
2430
2240
2502
2231
2223
2355
2221
2030
2431
2107
2277
2128
1956
2403
2109
2168
2529
2186
2131
2342
2052
2567
2253
2285
2278
2116
2381
2246
2215
2448
2166
2358
2161
2225
2503
2307
2159
2640
2187
2098
2634
2092
2309
2299
2116
2409
2279
1935
2082
2219
2448
2017
2185
2470
2063
2175
2513
2148
2347
2395
2078
2514
1919
2369
2225
2210
2378
2406
1895
2328
2202
2196
2424
2078
2396
2270
2151
2498
2492
2380
2133
2214
2582
1990
2075
2598
2152
2394
2142
2162
2382
2201
2187
2481
2297
2450
2180
2262
2122
2171
2233
2422
2068
2434
2278
2178
2586
2195
2056
2552
2148
2419
2506
2170
2322
2189
2477
2312
2047
2396
2167
2177
2447
2202
2355
2223
2067
2419
2235
2145
2468
2262
2286
2242
2070
2403
2239
2123
2452
2133
1986
2366
2170
2409
2227
2165
2672
1990
2423
2510
2161
2444
2303
2234
2718
1875
2321
2423
1903
2389
2284
2065
2449
2177
2366
2202
2132
2757
2099
2048
2488
2197
2311
2221
2098
2574
2199
2082
2624
2162
2293
2391
2066
2545
2363
2249
2324
2273
2243
2194
2133
2525
2101
2129
2599
2228
2423
2274
2070
2529
2217
2234
2363
2422
2381
2145
1789
2444
2193
2430
2185
2104
2390
2211
2193
2464
2106
2307
2216
2078
2421
2419
2212
2465
2181
2359
2208
2053
2471
2158
2078
2455
2133
2358
2171
2197
2376
2202
2203
2441
2105
2423
2217
2197
2504
2179
2068
2617
2199
2389
2223
2137
2386
2240
2081
2419
2184
2398
2478
2139
2488
2108
2134
2237
2139
2078
2250
2165
2594
2206
2093
2385
2121
2426
2235
2156
2448
2273
2180
2551
2134
2404
2180
2127
2510
2190
2177
2520
2044
2389
2155
2079
2533
2135
2130
2640
2075
2299
2221
2082
2507
1841
2095
2234
2067
2360
2182
2204
2508
2212
2144
2571
2245
2448
2102
2214
2474
2090
2419
2145
2127
2381
2236
2143
2385
2189
2333
2210
2133
2421
2494
2131
2527
2192
2347
2209
2129
2541
2201
2200
2500
2072
2313
2193
2196
2579
2147
2122
2513
2274
2318
2241
2133
2527
2151
2107
2443
2128
2428
2238
2073
2569
2101
2176
2503
2154
2302
2461
2134
2538
2183
2145
2186
2180
2434
2242
2125
2506
2100
2159
2466
2141
2390
2236
2277
2649
2188
2225
2400
2152
2351
2291
2222
2608
2222
2115
2371
2183
2461
2315
2130
2586
2387
2412
2196
2131
2444
2253
2078
2556
2213
2132
2270
2147
2348
2227
2118
2514
2162
2143
2536
2198
2367
2257
2092
2523
2119
2116
2586
2168
2365
2251
2123
2547
2138
2186
2304
2126
2343
2477
2204
2491
2182
2373
2201
2132
2412
2242
2133
2467
2121
2388
2194
2080
2377
2245
2079
2442
2275
2400
2229
2132
2297
2264
2134
2438
2208
2331
2119
2094
2391
2252
2094
2485
1962
2494
2449
2206
2479
2210
2078
2596
2195
2360
2242
2134
2507
2218
2181
2590
2235
2500
1556
2349
2579
2230
2390
2195
2094
2074
2265
2148
2538
2236
2348
2215
2222
2351
2266
2111
2417
2384
2499
2225
2151
2514
1856
2137
2543
2161
2337
2339
1779
2350
2246
2125
2550
2172
2340
2559
2219
2448
2163
2135
2278
2158
2368
2256
2140
2418
2128
2024
2165
2175
2358
2235
2133
2585
2271
2398
2206
2133
2191
2236
2185
2486
2216
2409
2154
2150
2402
2254
2116
2451
2079
2248
2599
2190
2503
2214
2139
2445
2051
2279
2296
2168
2520
2231
2072
2290
2226
2411
2237
2165
2326
2715
2365
2229
2114
2384
2198
2119
2443
2186
2160
2203
2165
2396
2240
2086
2425
2372
2564
1958
1938
1367
1730
1974
2449
1951
1995
2135
1817
1215
1905
2031
2358
1942
1968
2458
2333
2396
2025
2034
2300
1996
2171
1973
2012
2335
1979
2189
2314
2257
2226
2069
2136
2471
2367
2226
2509
2157
2353
2298
2049
2608
2243
2464
2216
2299
2204
2252
2229
2137
2184
2283
2072
2373
2335
2245
2074
2550
2182
2370
2217
2142
2069
2226
2122
2415
2155
2119
2433
2206
2354
2536
2183
2409
2131
2422
2206
2151
2444
2171
2144
2428
2170
2373
2255
2111
2378
2197
2135
2534
2261
2322
2179
2123
2521
2210
2270
2420
2121
2450
2244
2152
2553
2229
2141
2590
2212
2560
2446
2177
2481
2208
2425
2251
2177
2460
2162
2123
2585
2198
2179
2493
2137
2430
2237
2524
2504
2218
2314
2252
2211
2389
2273
