152
293
214
210
50
49
49
334
276
431
498
242
516
434
448
461
61
384
437
417
455
455
475
446
439
399
445
437
457
446
467
451
505
437
448
442
442
432
385
431
450
623
440
444
410
432
443
439
359
447
369
600
467
426
399
458
392
279
452
529
321
612
454
432
392
448
443
462
384
403
310
613
446
447
439
430
446
442
447
457
544
497
430
432
444
396
338
378
387
347
605
389
357
392
444
441
445
441
443
465
504
414
53
54
125
396
409
444
444
461
501
415
445
428
380
441
444
443
439
452
627
440
439
435
461
369
427
444
441
440
600
452
446
443
445
441
395
431
501
346
617
441
435
439
402
467
121
426
453
335
616
386
407
404
411
401
410
413
408
63
55
53
45
418
442
447
447
485
393
526
448
434
451
445
451
432
448
465
498
453
387
397
447
388
446
435
449
459
608
459
447
447
450
454
447
450
451
448
498
427
457
419
448
448
380
448
461
383
597
448
447
446
443
448
452
442
456
470
519
435
447
441
467
413
417
445
420
497
431
448
445
448
443
437
453
445
460
630
455
446
449
439
450
449
443
555
327
608
377
456
447
447
449
447
442
466
379
606
432
456
448
446
441
445
450
463
459
523
390
403
450
400
448
446
451
475
518
425
433
450
451
452
450
449
447
461
642
437
450
476
421
307
422
341
388
342
626
409
415
437
447
449
445
447
416
335
609
452
440
439
441
430
463
55
86
375
526
407
377
441
430
439
440
437
391
453
515
432
434
441
439
438
445
440
456
419
421
405
382
402
443
436
441
440
459
500
413
448
382
404
422
355
352
347
399
280
502
412
57
82
297
317
357
361
355
297
387
353
347
359
359
359
358
325
353
361
362
373
370
395
360
358
349
385
59
106
329
345
374
250
495
364
358
360
362
316
359
364
365
360
370
518
381
298
331
362
359
361
361
188
294
216
391
332
361
347
358
377
304
321
363
353
374
370
374
375
359
361
364
354
361
362
334
461
55
470
301
355
364
357
300
365
362
361
354
376
356
355
312
324
359
366
345
359
362
360
335
405
339
171
298
275
364
348
321
360
362
371
296
495
367
352
324
360
359
363
358
348
362
377
415
352
362
366
205
271
331
260
356
355
387
370
393
326
364
304
327
356
358
353
361
381
408
352
336
357
346
352
372
345
225
356
318
302
510
361
363
352
363
356
356
360
360
452
269
495
366
357
359
362
349
362
357
384
275
245
428
201
360
358
352
355
362
362
362
361
365
372
406
354
352
362
362
360
362
361
312
377
304
500
367
358
358
307
156
325
338
357
351
389
342
355
310
327
358
356
357
360
364
361
335
409
333
316
346
359
360
362
225
308
359
373
361
400
362
357
312
365
352
361
364
354
455
254
425
358
357
360
366
223
360
232
348
306
373
366
331
338
367
359
361
355
356
359
358
381
399
333
322
361
359
361
360
361
363
261
354
306
420
365
357
360
362
54
97
286
185
291
56
316
360
303
287
321
325
325
318
325
325
150
515
325
107
249
244
288
317
233
316
282
222
468
326
281
317
317
317
317
327
323
279
288
481
302
325
253
320
277
149
323
322
326
320
333
386
297
315
320
319
75
292
283
325
406
273
507
321
338
316
297
357
216
348
299
346
370
512
368
320
54
53
100
358
354
358
363
374
358
413
363
360
366
360
333
364
300
276
365
315
506
369
343
371
357
363
360
367
354
457
231
520
372
362
362
366
365
363
375
347
317
381
347
334
367
369
311
343
234
334
327
338
310
513
334
354
321
359
363
366
344
311
361
369
318
518
58
49
47
47
351
359
366
366
310
370
368
365
380
335
437
316
328
368
361
370
367
370
361
56
52
268
278
366
354
371
361
335
365
369
389
288
480
382
357
265
333
359
369
361
365
370
384
409
361
366
351
315
370
369
360
356
348
394
393
341
368
356
365
321
347
366
371
360
390
365
359
275
349
369
362
368
313
368
364
337
428
344
356
368
368
357
369
325
396
333
348
376
404
367
352
359
367
368
368
365
372
379
265
422
358
364
367
367
369
370
367
369
451
269
502
369
368
367
367
368
366
368
368
368
272
412
287
360
363
367
370
364
343
367
368
390
357
387
306
336
372
362
367
364
365
372
360
421
186
344
358
311
359
369
368
305
365
379
375
417
353
367
369
331
359
353
373
369
375
347
428
281
324
367
363
366
299
371
365
351
310
488
378
365
364
368
369
332
386
345
454
259
507
361
380
305
334
361
365
367
364
317
369
364
341
354
365
366
344
379
360
366
376
371
365
372
