151
295
198
204
1397
3171
2484
2929
2776
2871
3037
2779
2815
2612
3190
2580
3153
2607
2918
2757
2614
2917
2609
3182
2614
3200
2817
2902
2795
2611
2950
2541
3125
2530
3205
2557
2992
2744
2782
3188
2820
3366
2591
2901
2580
3159
2510
2941
2681
2906
2776
2536
2861
2598
3159
3114
3193
2614
2911
2776
2871
2718
2545
3070
2539
3201
2524
2903
2768
2914
3011
2530
2036
1694
1719
1994
1863
1732
1965
1806
1705
1734
1938
1791
1691
1899
1606
1728
1985
1779
1706
1851
2102
1773
1662
1753
1697
1711
1929
1786
1724
1727
1872
1719
1709
1955
1808
1697
1696
1881
1624
1711
1739
1775
1810
2053
1783
1642
1657
1896
1671
1731
1873
1789
1711
1958
1740
1708
1722
1927
1710
1675
1926
1792
1646
1671
1930
1770
1728
1911
1737
1668
1673
1948
1673
1723
1864
1690
1714
1963
1698
1709
1716
1893
1686
1685
1963
1795
1599
1683
1960
1714
1680
1854
1650
1673
1857
1791
1710
1677
1948
1655
1699
1959
1741
1711
1697
1886
1710
1704
1951
1783
1650
1903
2079
1757
1696
1771
1650
1457
1844
1787
1678
1685
1789
1638
1688
1893
63
54
971
1717
1915
1738
1709
1982
1795
1673
1746
1814
1682
1719
1937
1797
1689
1638
1950
1672
1678
1938
1797
1677
1687
1887
1687
1706
1891
1732
1759
1948
1802
1644
1712
1794
1659
1714
1888
1757
1692
1869
1807
1731
1604
1886
1689
1687
1924
1754
1730
1703
2031
1719
1717
1800
1640
1624
1939
1801
1707
1663
1895
1675
1676
1877
1807
1711
1677
1937
1685
1716
1784
1725
1849
2031
1781
1702
1705
1950
1071
1609
1864
1774
1690
1931
1791
1684
1695
1836
1694
1712
1913
1730
1698
1678
1909
1695
1695
1800
1767
1673
1940
1812
1633
1608
1917
1697
1686
1932
1811
1690
1671
1888
1684
1748
1848
1768
1720
1977
2029
1648
1685
1940
1688
1663
1926
1759
1649
1871
1801
1685
1738
1886
1673
1651
1831
2018
1696
1814
1909
1679
1844
1847
1753
1662
1971
1779
1686
1697
1888
1669
1686
1872
1778
1683
1942
1704
1641
1705
1858
1598
1723
1936
1898
1757
1955
1796
1670
1682
1800
1641
1358
1857
1780
1686
1723
1881
1684
1696
1782
1736
1587
1653
1838
1539
1722
1719
2083
1800
1937
1795
1693
1618
1898
1704
1678
1917
1741
1679
1679
1879
1698
1660
1895
1645
1702
1916
1789
1689
1846
1881
1688
1702
1972
1781
1664
1636
1899
1666
1689
1868
1766
1680
1922
1714
1680
1688
1870
1676
1681
1914
1814
1688
1961
1780
1698
1725
1911
1637
1692
1889
1796
1688
1676
1896
1680
1681
1957
1684
1666
1681
1902
1678
1702
1860
1993
1625
1961
1776
1695
1712
1973
1323
1631
1895
1763
1723
1690
1955
1688
1730
1829
1723
1687
1926
1805
1688
1850
2098
1775
1657
1871
1738
1684
1979
1790
1720
1692
1887
1689
1685
1935
1794
1721
1688
1963
1630
1757
1811
1791
1839
1904
1800
1692
1589
1905
1696
1668
1970
1807
1686
1685
1885
1689
1713
1771
1723
1717
1919
1793
1667
1751
1882
1837
1621
1893
1790
1720
1882
1817
1644
1657
1802
1646
1682
1915
1744
1728
1713
1864
1681
1709
1955
1796
1667
1694
2059
1804
1700
1908
1686
1650
1866
1792
1680
1679
1906
1686
1661
1937
1730
1712
1727
1939
1723
1718
1922
1675
1732
1928
1793
1615
1680
1909
1731
1645
1861
1819
1634
1931
1792
1714
1706
1801
1681
1714
1948
1789
1724
1715
1962
1760
1684
1921
1758
1685
1921
1788
1702
1565
1772
1671
1677
1946
1793
1693
1709
1825
1721
1679
1895
1792
1708
1872
2051
1799
1704
1786
1652
1677
1970
1806
1653
1595
1906
1710
1669
1921
1734
1707
1673
1875
1663
1730
1851
1690
1863
2030
1793
1637
1673
1929
1672
1766
1879
1799
1676
1869
1794
1685
1714
1711
1673
1719
1926
1708
1692
1721
1969
1775
1690
1832
1768
1606
1922
1793
1686
1704
1845
1716
1682
1877
1796
1685
1717
1901
1673
1691
1795
1717
1718
1669
1949
1784
1709
1934
1699
1604
1904
1801
1717
1668
1673
1676
1678
1865
1807
1664
1691
1812
1632
1690
1889
1595
1717
2100
1778
1699
1686
1925
1683
1665
1879
1792
1667
1928
1788
1665
1728
1843
1675
1716
1925
1790
1687
1686
1956
1616
1846
1921
1786
1693
1968
1786
1663
1635
1793
1700
1660
1915
1791
1667
1699
1840
1672
1711
1927
1800
1690
1678
2071
1725
1728
1883
1762
1694
1962
1837
1625
1583
1894
1710
1673
1928
1798
1690
1648
1880
1482
1703
1859
1768
1677
1938
2014
1379
1714
1916
1703
1696
1985
1745
1684
1641
1930
1673
1692
1809
1760
1671
1904
1751
1679
1704
1807
1648
1627
2015
1786
1657
1963
1788
1689
1720
1924
1627
1708
1892
1557
1694
1663
1876
1683
1671
1919
1753
1705
1693
1949
1760
1686
1921
1680
1502
1798
1994
1708
1811
1898
1695
1596
1863
1734
1669
1915
1781
1705
1718
1896
1608
1715
2089
1784
1683
1934
1796
1687
1637
1909
1792
1680
1922
1791
1688
1721
1827
1682
1680
1921
1798
1676
1477
1961
1664
1785
1780
1638
1682
1966
1791
1681
1656
1933
1681
1686
1698
1788
1682
1681
1873
1669
1705
1808
1766
1676
1963
2014
1650
1714
1951
1683
1522
1935
1801
1695
1642
1790
1661
1635
1843
1780
1658
1948
1748
1686
1694
1877
1678
1889
2029
1788
1639
1955
1779
1680
1728
1906
1762
1676
1909
1798
1686
1680
1936
1711
1677
1927
1751
1676
1722
1911
1727
1760
1805
1647
1652
1961
1784
1727
1672
1932
1671
1677
1902
1797
1731
1557
1866
1675
1711
1881
1701
1691
1967
2013
1686
1743
1754
1676
1660
1963
1766
1687
1697
1869
1674
1729
1811
1761
1701
1674
1953
1681
1698
1799
1610
1788
1892
1701
1623
1667
1876
1619
1004
1955
1749
1719
1939
1802
1702
1719
1861
1651
1676
1924
1804
1689
1683
2148
1738
1691
1827
