7925
7857
7744
7791
7746
7943
7973
7759
8156
7968
7757
7863
7814
7844
7769
7836
7880
7966
8453
8284
8291
8085
8006
7880
8171
8018
7788
7833
8332
7818
7851
8200
8112
8030
7840
7835
8043
7714
7985
7986
7731
8141
8012
8235
7985
7857
8062
7947
7882
7807
7762
7912
8271
7808
7793
7884
7745
8107
7906
7909
7806
8190
7760
7836
7777
8096
8269
8034
7767
7707
8076
7854
8052
7930
8102
8043
7957
8295
8059
8125
7868
7878
8046
8034
8269
7937
7906
7800
7933
7899
7816
7855
7952
7994
7849
7954
8359
7923
7723
8418
7759
7867
8090
7817
8009
8025
8045
7867
7797
8188
8052
7913
8078
7802
8036
7812
8031
8031
7851
7810
7798
8054
7792
8043
7752
7845
7828
7747
7860
7804
8007
7972
7876
8326
7824
7800
7797
8207
8071
7778
8591
7962
7968
7776
8101
7919
8140
7955
7764
8042
7917
7919
7767
7855
7933
7823
7857
8197
7802
7841
7882
8014
8121
8287
8107
7833
7857
7860
7818
8000
7951
8014
7799
7850
7943
7792
7774
8049
8208
8015
7913
8191
7722
7983
7702
8000
7926
7978
7773
7797
7805
7861
7809
7984
7783
7825
8078
7930
7751
7708
8126
7908
7910
7896
8039
8260
8118
7946
7809
7764
7848
7909
8404
7892
7796
8065
7756
8264
7853
7751
7950
7968
8113
7671
7847
7937
7866
7986
8029
7760
7837
8086
8000
8082
8025
8016
8269
7726
7732
7972
7836
7888
7772
7761
7782
7897
7878
8139
7835
8089
8124
8019
7997
8288
8101
7952
7874
8029
8027
8358
8324
7703
7877
7853
8173
7927
8155
7914
8206
7803
8100
8318
7946
7935
8345
7965
7803
7886
7819
7837
8183
7853
7961
7997
8064
7959
8082
8035
7971
7744
7812
8058
7727
8048
7843
7775
7850
8080
7818
8060
7945
7952
7834
7973
8142
8338
7775
7853
7927
7826
7980
7695
8239
7823
7849
7809
8237
7928
7831
8021
8078
8344
8045
7866
7807
7933
8422
7767
7727
7964
7851
7747
7976
7840
7771
7804
8096
8057
8044
8239
8258
7961
7856
8133
7987
7829
7824
7840
7915
7812
7846
8092
8034
7923
7766
8051
7917
7832
7848
7846
7855
7730
7906
7963
7741
8005
7993
8301
7893
8125
7802
7978
7753
7924
7826
7826
7888
8340
7854
7806
7898
8058
8356
7776
7826
7942
8051
8133
8116
8152
7870
7976
7927
7843
7831
7834
7807
7868
7821
7742
7838
7972
7918
7890
7795
7971
8306
7817
7816
7976
7843
8185
7866
7973
7807
7762
7806
8330
7848
8006
8258
8235
8379
8321
8049
7931
7753
7807
7741
7730
7794
7694
8025
8379
7783
7836
7861
7798
8095
8210
7963
8163
7799
8300
7734
7975
8052
7969
7821
7739
7947
8393
8069
7883
7953
7808
8329
8048
7862
7789
8035
8007
7872
8270
7739
7822
7698
7765
8007
8302
7678
8077
8387
7888
7869
7849
7779
8016
7923
8006
7953
8223
8841
8019
7753
7783
7957
7802
7815
7929
7942
8070
8083
7814
7931
7913
7820
7867
8416
7909
7692
8196
7777
8007
8314
7939
7765
7909
7807
8027
7810
7868
7951
7899
7824
7897
8089
7987
7941
8021
7890
7796
8156
7992
7999
7950
7716
7915
8376
7763
7959
8093
8204
7852
7918
7745
7847
7774
7914
7897
7798
7968
7875
7844
8438
7949
7840
7875
8040
7978
7927
7809
7940
7944
8000
8218
7999
7703
7797
7832
8033
7870
7933
7737
8370
8103
8204
8019
7749
7770
7847
7933
7997
7726
7808
7763
8098
8094
8132
8027
7716
7714
7812
7765
8059
7869
7988
7982
7858
7922
7966
8019
7991
8114
8238
8494
7826
7784
7739
8062
7996
8452
8020
7865
7806
7925
7789
7924
7752
8078
7822
7867
8040
8044
8017
7907
8032
7918
7888
7825
7758
8183
7753
7947
7691
7898
7867
7993
7886
7823
7857
7787
8116
7783
7842
7882
8248
7863
7830
8280
7891
7892
8049
7800
7968
7922
7973
7889
7873
8151
7790
7817
7944
7986
7803
7776
7878
7703
8006
7985
7901
7750
8071
8260
8007
7900
7813
8169
7774
7806
8083
8738
7984
7832
7741
8024
8070
7992
8404
7786
7814
7912
8033
7831
8113
8170
8132
7951
8004
8124
7829
7831
7948
7943
7900
7906
8078
8105
7841
8160
7903
7864
7838
8196
7874
7773
7797
7832
7819
8007
7957
8073
7917
7796
7884
8143
7970
7844
7997
7807
7990
7930
8014
8098
7988
7943
8289
8359
8024
8015
7951
7905
7828
7866
8101
7820
8518
8030
8130
7762
7929
7883
7879
7871
8183
7960
7896
7788
7852
7869
7939
7834
7831
7966
8010
7805
8088
8513
8119
7991
7785
8005
7932
7981
7884
8049
7818
7833
7718
8302
7927
8214
7784
7922
7785
7776
7882
8191
8345
7854
7757
7912
7948
8131
8261
7853
7866
7824
7982
7915
8076
8490
7957
8001
8019
7800
7842
7998
7851
7754
7907
7960
7971
8057
7972
8092
8048
7818
7705
8046
7777
7932
8350
7801
8245
8252
8288
7929
7971
7800
7755
7761
7792
8002
8103
7795
7910
7992
8802
8048
8828
8046
7880
8057
8010
7944
7996
7927
7866
8059
7944
8107
7948
7860
8227
7771
8208
7984
7934
7998
8216
8046
7893
7928
8048
7887
7934
7811
7822
7959
8006
7904
8355
7823
7787
7888
7900
7676
7734
7951
7799
7802
7931
7826
8261
7988
7797
7744
7960
7995
8094
7938
7797
8180
8114
7834
7815
8700
7851
8146
7878
7755
8057
8152
8408
7931
7885
7900
7802
8583
8136
8188
7831
7957
7795
7952
7856
7802
7794
8070
7845
7833
7696
7792
7924
7872
8042
7873
7992
7826
8494
8117
7757
7968
7809
8049
8063
8276
7930
7868
7983
8057
7662
7884
7992
7825
7830
7774
7882
8142
7814
7843
8023
8134
7792
8470
8262
7833
7900
7897
7963
8034
7898
7793
7830
8062
7791
7902
8138
7728
8075
7963
7751
7920
7816
8466
8074
8118
7774
7943
8001
7793
7943
7773
7844
7913
8001
7725
8067
7795
7883
7986
7839
7860
7957
7742
7960
7873
7951
7985
8329
8247
7917
7973
7967
8046
8405
7925
7898
8030
