143
379
203
206
716
2048
2493
2174
2128
2428
2258
2163
2278
2125
2432
2460
2274
2423
2279
2099
2429
2251
2464
2293
2110
2431
2239
2095
2434
2243
2137
2554
2070
2391
2736
2240
2415
2290
2381
2069
2097
2420
2282
2047
2244
2575
2333
2420
2127
2469
2264
2152
2586
2244
2090
2456
2296
2378
2247
2104
2427
2292
2107
2383
2249
2110
2613
1854
1412
1720
1353
1490
1369
1707
1417
1351
1340
1551
1277
1273
1348
1548
1423
1344
1192
1572
1435
1301
1276
1258
1523
1318
1219
1305
1545
1041
1302
1483
1536
1336
1305
1300
1530
1386
1303
1304
1265
1498
1250
1210
1299
1520
1399
1245
1296
1535
1377
1273
1292
1259
1467
1172
1287
1261
1522
1369
1445
1360
1477
1323
1297
1248
1308
1561
1296
1305
1241
1519
1369
1229
1292
1491
1389
1288
1285
1240
1450
1294
1294
1250
1531
1261
1241
1189
1277
1616
1424
1297
1301
1590
1305
1256
1293
1334
1335
1306
1262
1290
1428
1195
1293
1267
1581
1256
1303
1282
1498
1369
1288
1246
1510
1373
1298
1236
1287
1700
1250
1290
1289
1471
1383
1242
1302
1505
1268
1264
1253
1281
1465
1317
1286
1263
1534
1378
1275
1288
1286
1472
1245
1248
1286
1510
1372
1162
1428
1474
1371
1297
1241
1255
1507
1273
1296
1266
1510
1365
1278
1288
1520
1332
1250
1296
1275
1568
1307
1243
1306
1486
1370
1241
1241
1510
1347
1248
1284
1252
1460
1284
1267
1245
1511
1375
1273
1287
1286
1513
1299
1240
1320
1418
1348
1162
1268
1514
1364
1264
1287
1278
1473
1194
1295
1448
1597
1329
1287
1286
1512
1363
1288
1243
1299
1460
1261
1285
1255
1456
1368
1275
1280
1222
1521
1272
1294
1268
1473
1367
1244
1225
1458
1318
1458
1352
1408
1359
1243
1269
1235
1538
1369
1211
1282
1478
1366
1286
1280
1288
1464
1288
1244
1244
1448
1341
1288
1289
1540
1360
1263
1288
1270
1482
1341
1253
1288
1483
1365
1286
1270
1520
1371
1275
1244
1284
1516
1333
1292
1249
1509
1357
1249
1269
105
1143
1276
1285
1288
1498
1383
1257
1463
1602
1373
1216
1288
1488
1373
1296
1292
1351
1370
1293
1286
1240
1513
1368
1295
1250
1242
1527
1283
1269
1261
1371
1355
1270
1293
1490
1375
1465
1358
1512
1377
1208
1295
1260
1543
1373
1212
1255
1485
1376
1290
1234
1301
1472
1294
1293
1304
1492
1336
1305
1246
1498
1377
1259
1297
1255
1630
1365
1245
1318
1406
1367
1290
1266
1515
1388
1266
1293
1261
1599
1194
1290
1293
1506
1378
1258
1278
1515
1373
1292
1197
1299
1423
1282
1229
1447
1597
1345
1257
1302
1428
1374
1294
1268
1305
1459
1283
1294
1297
1521
1172
1283
1296
1289
1518
885
1291
1243
1515
1339
1156
1283
1484
1359
1299
1425
1519
1370
1271
1295
1215
1557
1264
1285
1302
1502
1332
1288
1290
1521
1324
1245
1291
1294
1515
1368
1292
1257
1521
1377
1201
1268
1237
1636
1277
1245
1294
1583
1260
1291
1201
1512
1372
1271
1262
1292
1505
750
1280
1274
1452
1379
1213
1277
1507
1363
1292
1246
1302
1416
1239
1283
1285
1663
1217
1256
1288
1490
1371
1286
1245
1298
1486
1269
1242
1270
1455
1346
1277
1224
1233
1466
1265
1282
1279
1477
1371
1287
1136
1503
1176
1338
1289
1580
1263
1283
1288
1290
1549
1321
1239
1301
1494
1080
1262
1296
1252
1465
1293
1271
1304
1366
1340
1288
1286
860
1457
1298
1244
1294
1526
1237
1358
1278
1259
1368
1257
1294
1515
1330
1316
1229
1299
1576
1294
1297
1253
1515
1380
1201
1311
1502
1367
1293
1285
1315
1477
1299
1298
84
61
496
1258
1295
1529
1395
1258
1306
1526
1378
1315
1210
1533
1378
1265
1315
1265
1491
1294
1282
1302
1465
1381
1302
1282
1524
1383
1313
1352
1342
1479
1254
1303
1304
1485
1376
1322
1210
1531
1330
1286
1251
1283
1485
1269
1305
1316
1515
1375
1301
1304
1485
1383
1307
1303
1313
1692
1370
1304
1311
1517
1339
1306
1304
1520
1449
1165
1264
1524
1384
1260
1247
1296
1549
1327
1261
1291
1523
1380
1307
1256
1482
1381
1301
1297
1434
1654
1377
1299
725
1547
1332
1302
1290
1530
1381
1256
1303
1305
1479
1300
1211
1311
1477
1336
1278
1264
1548
1384
1297
1299
1225
1479
1265
1323
1350
1455
1380
1297
1269
1522
1338
1284
1305
1305
1516
1286
1300
1299
1516
1383
1208
1297
1522
1368
1305
1254
1299
1475
1264
1293
1220
1483
1590
1255
1216
1481
1373
1155
1281
1297
1402
1310
1280
1283
1515
1335
1307
1221
1369
1612
1247
1291
1413
1466
1298
1297
1308
1449
1379
1299
1137
1629
1350
1209
1270
1295
1518
1298
1292
1364
1350
1337
1307
1235
1520
1387
1287
1284
1300
1518
1117
1208
1288
1510
1338
1286
1296
1524
1376
1309
1298
1286
1471
1291
916
1281
1514
1323
1247
1306
1484
1378
1306
1248
1312
1434
1271
1298
1214
1519
1321
1297
1293
1507
1378
1289
1295
1296
1530
1448
1223
1279
1527
1339
1293
1298
1504
1375
1305
1278
1260
1467
1305
1265
1292
1534
1287
1382
1100
1476
1333
1260
1285
1256
1482
1248
1296
1466
1586
1351
1254
1256
1544
1376
1289
1297
1213
1477
1285
1295
1251
1514
1421
1166
1256
1519
1300
1276
1292
1298
1473
1374
1304
1289
1517
1332
1266
1417
1479
1331
1304
1263
1252
1468
1282
1313
1254
1379
1374
1243
1216
1497
1258
1176
1284
1293
1590
1167
1289
1153
1509
1336
757
1276
1308
1663
1396
1180
1289
1425
1305
1254
1304
1483
1347
1291
1252
1521
1376
1220
1300
1293
1544
1314
1309
1282
1480
1381
1297
1240
1521
1382
1292
1299
1473
1647
1329
1262
1252
1495
1258
1288
1262
1524
1367
1295
1295
1293
1456
1256
1292
1297
1091
1392
1226
1226
1296
1518
1156
1269
1298
1544
1311
1433
1245
1517
1379
1223
1295
1390
