9087
9326
8884
9150
9106
9471
6824
6709
6977
9145
9004
9000
9087
6955
6779
7225
6723
6768
6863
6766
8949
9301
8999
8976
9534
9579
9191
9145
9015
6968
6928
6736
9608
9089
9101
8966
8929
9476
9025
9039
8920
9603
6782
6664
6849
6745
9132
8851
9081
9136
8925
9186
9108
8911
9545
8953
8916
8991
9023
9004
9552
9033
6895
9111
9079
9134
9134
6613
6787
8962
9555
9676
8958
6786
6786
9046
6712
6613
6895
9029
9049
9181
9568
9063
6888
6767
9081
9023
6751
6758
9120
6806
6684
9268
9124
6806
6749
9001
9618
8980
6754
8963
9277
8961
6769
6824
8983
9046
6920
6794
6802
6789
9026
9521
6713
6772
6805
9045
6816
6726
6732
8994
8936
9522
6815
6744
7724
8984
8987
8970
9050
6685
6735
6735
9125
8966
9158
6750
6830
6691
8959
8923
6782
6880
9151
9199
6816
6730
9002
9159
6754
6827
9367
9040
6809
6750
8935
7034
6709
8978
8935
6685
9359
8978
9058
9436
6847
7067
9076
8972
8940
6826
6688
9082
6833
8993
9062
6722
6728
9549
8828
6786
9081
7179
6674
8923
8959
8937
6807
6703
9009
9031
9098
9110
6895
6923
6632
7168
8946
9157
8830
6958
6803
9180
9043
6921
6876
8978
6797
6971
6815
9088
9906
6748
6759
6757
9029
9012
9103
9025
6960
6727
6689
9121
9061
9041
6852
6816
9083
9273
9162
6747
6921
9020
8948
7589
6854
8905
8936
9140
6782
6737
8986
9001
6785
9030
8976
6961
6844
8998
9028
6890
6746
9098
8983
6734
9016
6745
7124
9077
8987
6775
8989
9031
9070
9040
6800
6774
6808
9113
9026
6702
6828
8931
9088
9162
8942
7050
9128
9049
6670
6830
6734
7070
6948
9247
9076
6823
6716
9556
9113
6833
6724
9704
9241
6946
6893
7131
6965
7019
9447
9005
6755
9237
9282
9088
6772
6692
9041
9197
6746
6795
9099
9518
7046
6883
6751
9562
8961
7098
6734
9030
6742
6771
8978
9189
6694
8949
9296
6769
9045
9007
6797
9046
9016
6989
8902
6767
7391
8951
6737
8980
8890
7171
9006
9019
6815
8974
9047
9147
6908
8969
9018
9172
6804
6761
9098
6918
7735
9060
8993
6749
6664
8921
9353
9100
6810
6821
6789
9484
9222
6882
9677
6848
6838
9239
6740
8987
8970
9111
7130
6732
9050
6768
6734
6741
9272
9013
7030
9058
6681
6914
7314
9171
9168
6706
6780
9192
9055
6879
9155
7105
6868
9171
9149
6870
6761
9106
8914
6925
9073
6735
9061
6858
7096
9070
9657
6884
6848
9125
9022
6682
8995
7162
6722
6742
9057
8975
6887
7355
9074
9078
6857
9094
6687
8933
9187
6946
9127
9118
6769
9066
9052
6671
9046
9016
7023
6784
9050
8904
6757
9008
6952
7002
8951
9016
6868
6781
9260
8979
6755
9235
9029
7315
6742
8916
8918
9070
6779
9108
9054
6777
6822
6784
6843
6737
9045
9280
6727
7144
6738
8993
9017
6693
6818
9160
7139
7155
9064
8986
9096
6842
6851
6772
9027
9558
6892
6882
6667
8966
9107
9043
6916
6789
8950
6922
9560
9528
7121
9701
9073
9111
6876
7099
9053
8970
8982
6734
7182
8985
10120
8973
6869
6832
9234
9096
6727
6737
9162
8976
6795
6723
9133
9588
8994
8988
6745
6649
6817
9391
8980
6772
9089
8993
6680
8343
8973
6768
6722
6823
9019
8899
8953
6744
6684
7269
8936
6804
6814
6824
8939
9419
8935
9774
6812
6777
9012
9043
9659
6790
6756
9043
9034
7041
6766
9081
9499
6815
6694
9041
9018
8968
6800
9010
7020
6783
9131
9029
6622
8994
9147
6765
9065
9532
7437
6826
8926
9103
9076
6756
6817
9132
6818
6684
9035
9411
8973
6907
6835
9041
6778
6657
9030
6758
6824
6727
8930
9044
9016
6817
6756
6725
9169
8935
6795
6762
9664
8969
6773
9034
9032
6896
6785
9519
8976
7220
6898
9106
8924
6771
6738
8856
8873
8962
6849
6860
9034
8986
6728
6743
8839
6802
6805
8904
8975
6702
6791
9088
9021
8991
6870
9135
8970
6738
6805
9136
8914
6786
6862
9126
8893
7126
9045
7037
6823
9463
6779
6758
9528
9193
6803
6729
9182
7146
9034
6686
6769
9031
6720
6751
6654
9126
8970
9032
8933
6724
6674
8871
8987
9196
9490
6866
8908
9331
9092
9019
7092
7353
6930
9818
9482
8960
6740
6736
8946
9128
6727
9049
6964
6674
6657
8947
6819
6857
8978
9013
6816
6776
9358
6873
6736
9034
9000
6733
6826
8935
8961
7163
9275
6935
6757
9063
9210
6748
6740
8965
9231
6671
6710
7025
9148
9908
9119
6742
8983
6745
6753
6763
9398
9169
9071
6824
6740
6721
9220
9151
8928
9374
7186
6897
7195
6835
9481
6759
6606
9235
9083
6941
6760
7822
9020
9074
8939
6780
9271
9772
9139
6881
9033
9635
10317
8933
6803
9067
8923
9043
6659
8881
8911
9002
9004
9158
6807
9135
8870
9063
8919
9064
9076
6642
6947
6792
6764
6762
6788
6776
6722
6777
6603
9021
8914
9088
9084
6734
7030
6694
6779
6640
9147
9044
8967
6832
6801
6843
6750
9011
9028
8980
6753
6804
6757
6747
8985
8999
9068
6928
6862
6620
6730
6861
8920
6889
6765
9041
9109
9345
9011
9176
6970
6748
6701
6843
9108
9279
8856
9052
9711
9020
8973
6777
6802
6858
6754
6699
6748
8950
8886
9049
8866
9211
7080
6733
6919
9125
9184
9116
9159
9164
6844
6741
6798
6637
8965
6784
6755
6675
9142
6687
6942
8930
8907
6855
6890
9399
9174
9181
9499
6809
9011
9023
9121
6686
6788
7078
6749
9106
8969
6759
7195
9197
8945
6773
6934
9495
9011
6725
9182
9554
6769
6721
9212
9015
6685
8869
8958
6793
7049
9268
9068
6809
6800
8996
9069
6850
6753
9052
6722
6772
9016
6896
6756
9120
6747
6808
9039
8960
6727
9245
9103
6829
7081
9004
9155
9013
6838
6796
9121
9260
6948
9084
9153
6902
6813
8962
9317
6822
6899
6856
9213
7170
6756
9058
9009
9020
7125
9129
9052
9315
6796
6776
9052
9344
6758
6742
6762
9084
9082
6730
6933
9018
