44554
44921
44889
44975
44035
44714
44909
44828
44680
44886
44953
44528
44317
44360
44847
46026
44785
44928
45696
44781
46034
44491
45971
46505
44213
45951
44464
35547
44923
44256
44834
44702
45773
45804
44395
44605
45298
44892
44839
45748
44403
45685
44479
44777
44719
44734
44299
44257
44481
44413
44815
44879
45256
44158
44857
44336
44477
44839
44964
45181
44606
45274
44201
44584
44914
45597
44784
45733
46129
44397
44816
44709
44327
46516
44309
45270
44233
44285
45169
44770
46077
45727
44915
46433
44938
44918
44902
44950
44757
45534
44660
44913
44388
44892
44698
44207
44370
44972
44768
44768
44847
44606
44681
44777
44371
44067
44850
46276
44719
44252
44762
44813
45275
45444
44773
44675
45896
45018
45632
44964
45603
44103
44427
44577
44840
45549
44923
44890
45189
44514
44514
45153
44874
46522
44811
44903
44444
44886
44857
44833
44787
44701
44372
44803
44959
44385
44940
45672
45585
44565
44470
45042
44437
43928
44726
44314
44774
44313
45141
44011
44556
44705
44908
44633
44881
44323
45863
45547
44715
45606
44492
44810
44335
46401
44275
44903
44966
46072
44557
44817
44030
44834
44534
44881
44463
45893
44364
44722
45480
44471
45578
44397
44994
44841
44426
44946
44495
44292
45773
46091
45931
45089
44487
45166
44658
44898
44519
44831
45068
44263
44804
44840
44388
44387
45970
44810
44750
44413
44555
44861
44273
44482
44886
44884
45745
44658
44528
44865
45352
44374
44339
44300
44566
44589
44943
45040
44419
46148
44365
44924
45096
45027
45095
44519
44877
44448
44499
44707
44939
45035
44522
45102
44978
44392
44958
44824
45307
44892
45630
44776
44728
44301
44266
44702
44364
44497
45120
44932
44316
44246
44447
44838
44940
44470
44809
44305
45783
44472
45667
44373
44753
44807
45074
44801
44560
44905
44523
45123
45683
44010
44293
45792
44963
44437
44502
44079
45023
45793
44575
44630
44426
45159
44980
44893
45432
44506
44364
45924
44395
44935
44601
45308
45526
43975
44751
44123
45067
44248
44928
45715
44381
44742
44501
44491
44862
44798
44993
44435
44383
44902
44309
45094
44674
45031
44471
44871
44521
45100
44775
45087
44749
44775
44449
44655
45026
44852
44728
44488
45846
44422
44863
44524
43992
44421
44927
45478
44937
44846
44835
43861
44306
45870
44647
45005
44792
45309
44875
45921
44186
44335
45146
44611
44592
44948
44291
44436
44583
45043
44754
44397
45549
44954
44368
45400
44997
44872
44833
46572
44811
44775
44386
45950
44888
44772
44597
44192
45944
44769
44857
44711
44879
45791
45045
45593
44887
45023
45353
44740
44779
44407
44609
44424
44515
44518
44896
44350
44222
44436
44327
44778
44745
44329
44572
44461
45785
44294
44219
46391
44409
44583
44365
44909
45778
45116
44439
45076
44917
44512
45606
44430
44631
44389
44603
44793
44066
45884
44444
44502
44403
44912
44894
44958
44757
47990
45754
44843
45005
44920
44633
44341
44900
44776
44889
45254
44818
44317
44832
46507
44910
44257
44405
44942
45227
44841
44929
44445
44510
44912
45025
44505
44517
44250
44531
45278
45826
45049
44885
46277
45710
45043
44866
44953
44829
46021
44655
46267
44824
44922
44898
44711
45783
45019
46293
44614
44312
44822
44938
44969
44806
44973
44461
44820
44936
44573
45064
44992
44944
44427
44753
44722
44441
44790
44908
44988
44554
44874
44794
44770
44940
45126
44308
44597
45906
46044
44467
44436
45415
44893
44518
44856
45359
44356
44800
45687
45008
44968
45022
44920
44856
44759
45829
44781
44310
44856
44470
44930
46567
44441
44179
44258
44281
45653
45823
44529
44453
45648
44591
44361
44476
44949
45436
44510
44261
45262
44888
45650
44969
44489
45660
44386
44813
44428
44785
44672
44445
44388
44733
45681
44973
45104
44433
45810
45605
44454
44734
44319
46920
44958
45652
45708
44331
44423
44451
44479
44870
44376
44255
45010
44795
44579
44455
44266
44656
45459
45129
45108
44509
44451
44374
44775
44212
44314
44713
44889
45595
44287
44977
44885
44436
45779
44859
44800
44913
44440
45146
45853
45644
44657
44464
44492
44510
44299
44818
44638
44754
44888
45610
44321
44858
44843
44363
44228
45542
44477
44936
44646
44301
45627
44243
44734
44787
44486
44421
45005
44553
44578
44593
44543
44366
45426
45025
45920
44647
44802
44778
44459
44316
44915
44543
44364
44883
44990
44992
45753
44586
44955
46075
46384
44676
45990
45060
45001
44493
44827
45237
45808
46349
45842
45159
44609
45179
45320
45246
44686
44824
44434
45133
45024
45047
46630
45656
44963
45941
45004
45097
44740
45030
44662
44568
46304
44707
45024
44692
45172
45245
45196
44660
46054
44520
45204
44884
46129
44463
46115
45185
45117
44632
45175
45074
45092
45080
44940
44515
45597
44680
44831
44776
45426
44484
44734
44604
46933
44575
44679
45276
44463
45012
44501
44568
46433
44752
45070
45053
45037
44561
45110
45177
44693
44537
45117
44573
45573
44496
45196
45142
46382
44648
45265
45106
45106
45126
45287
44906
44636
45203
35030
45159
44681
45041
45224
44778
44980
46133
45197
45107
46319
45073
45019
45413
44467
44737
44748
45008
44709
44574
45038
44923
44732
45396
46524
44578
44530
45101
46058
45143
44802
44427
44498
45176
44672
45894
45778
44633
45219
45848
45198
44666
44485
44829
44895
45044
44403
44645
45039
44403
44551
45329
44802
45778
46172
44500
44990
44851
44978
46463
45128
44885
44654
45942
44829
44459
44967
44904
44416
44813
44836
44451
44963
44309
45765
44889
45548
45740
45662
44472
44618
44573
44925
44787
45133
44650
45002
45414
45769
44512
46333
44638
44360
44910
44337
44917
44931
44927
44932
44976
45936
44743
44942
44741
44549
44917
45020
44692
44950
44957
45013
44410
44973
46617
44004
46154
44903
43565
44965
44845
45834
44948
44694
44878
44463
44557
44545
45066
44512
43963
44915
44656
45011
44769
46607
44670
45034
46229
44517
45034
44988
46190
44869
45189
44420
44398
45082
44374
44381
44851
45883
44951
44892
44815
45038
44790
46040
45663
44393
44488
45089
44313
44504
44919
44645
45053
45090
45756
44708
44594
45728
44572
44581
44955
45388
44669
44518
44519
45466
45922
45009
44990
45026
44554
46565
44742
45150
45183
44613
44573
46841
44735
45029
45211
44947
46148
44596
45005
44777
45269
46419
44905
44676
44985
44523
44587
44385
44945
44596
44584
45058
45214
44660
44610
44647
