202
350
293
224
67
605
622
769
846
785
435
665
617
788
892
789
1236
978
954
666
1085
1078
519
988
662
750
739
755
1129
512
810
987
965
1028
788
854
651
1182
517
696
941
1018
854
1085
966
939
986
1004
1018
655
924
782
757
804
970
958
990
1201
884
890
165
369
288
724
1096
919
948
997
709
1098
915
839
496
756
549
1173
1005
885
940
975
1245
1176
986
795
989
463
1160
690
989
810
803
1099
1050
550
1229
659
1121
814
924
957
979
867
1137
812
602
922
602
891
708
860
875
864
889
1060
709
949
926
768
1153
1027
708
997
838
821
946
880
881
959
948
1272
976
955
955
827
1026
944
1036
676
852
805
1173
619
927
739
805
980
966
958
973
1038
841
688
603
621
619
686
395
535
485
602
622
376
507
384
615
525
544
739
630
558
589
548
598
593
708
626
591
405
582
589
581
575
736
578
575
560
592
578
580
585
700
560
632
168
543
524
570
581
499
733
571
568
570
560
550
572
528
676
575
569
649
194
534
566
573
675
554
578
578
576
574
551
563
663
646
575
574
548
870
388
383
285
723
578
523
330
524
349
451
522
692
571
569
568
563
554
554
489
553
477
527
535
577
577
554
546
503
733
412
197
70
671
232
560
140
523
357
405
489
463
98
109
483
563
655
557
593
517
490
532
603
679
476
537
588
525
555
403
719
519
690
554
566
541
585
541
559
567
719
579
508
567
553
648
252
589
248
587
547
564
570
569
569
576
533
725
580
568
508
550
552
568
569
721
552
376
306
559
516
565
560
673
667
416
546
560
496
564
594
480
705
510
485
547
617
461
511
328
465
503
471
471
474
476
387
569
502
699
529
555
561
545
585
518
541
428
476
505
466
543
572
551
568
604
568
499
564
563
556
568
579
495
720
569
551
575
544
568
568
537
717
466
577
569
568
531
568
573
722
574
316
291
382
509
432
399
486
641
438
571
534
564
640
226
541
668
647
529
472
511
521
365
564
539
810
373
516
245
611
363
497
510
707
533
498
466
505
551
524
434
626
537
538
372
499
498
475
565
587
559
550
558
546
405
513
616
388
642
614
548
533
564
502
137
55
52
51
471
124
405
241
238
933
492
371
478
370
460
432
540
362
452
455
143
236
529
616
560
501
644
315
578
276
517
688
569
318
546
580
419
596
412
713
573
613
403
486
498
400
569
594
504
466
502
533
555
541
550
526
499
481
536
572
531
392
591
463
741
440
524
480
525
561
420
470
687
499
603
447
499
558
536
521
529
566
564
172
498
528
533
544
554
563
559
545
499
563
569
565
578
732
432
568
586
347
610
536
447
757
410
568
564
559
508
582
578
469
731
507
502
541
543
550
444
363
667
407
511
548
483
469
511
429
457
513
501
558
434
563
568
572
515
683
167
460
487
573
465
520
368
731
411
534
478
481
474
501
535
660
625
587
436
538
517
560
579
505
649
579
505
574
570
574
520
555
728
574
530
517
530
569
572
585
590
444
395
542
516
476
480
568
504
686
576
567
545
585
555
573
578
503
566
531
579
421
412
391
575
513
690
577
573
524
583
568
533
668
622
522
579
520
530
548
514
586
591
560
543
565
574
584
511
540
556
536
562
569
575
572
378
605
519
702
510
506
526
569
573
564
576
720
559
580
581
478
517
547
559
561
606
569
569
488
582
509
535
457
595
524
466
531
532
577
212
633
646
456
550
437
561
505
557
572
524
569
567
570
564
359
563
474
576
390
524
566
574
570
572
510
591
641
541
578
572
561
557
577
571
495
648
545
585
486
532
567
544
572
640
615
474
507
502
582
566
587
588
534
526
583
567
598
589
623
511
691
467
572
569
562
571
574
600
653
519
576
572
573
573
537
605
594
617
578
571
513
566
574
611
524
592
512
501
546
496
483
517
568
558
319
499
550
558
567
480
575
539
616
564
572
576
572
555
575
565
734
561
563
601
554
611
571
542
632
514
566
569
570
576
572
586
514
691
574
573
566
479
583
565
542
725
516
525
570
575
573
573
568
582
535
574
573
576
558
575
568
541
603
531
569
529
566
567
573
581
725
576
574
562
578
559
577
581
543
625
159
609
472
530
482
537
572
589
533
534
538
558
573
507
582
661
562
593
313
392
512
534
493
478
676
581
549
571
555
570
531
528
716
573
569
570
386
582
582
580
698
475
575
572
575
570
576
585
516
689
578
565
576
570
575
577
579
432
651
521
574
576
578
569
550
586
539
574
591
550
532
573
584
521
700
367
559
572
523
571
592
404
703
530
541
529
530
523
544
534
624
537
572
459
500
513
583
