137
254
203
206
574
1544
1834
1781
1852
1764
1958
1651
1642
1938
1771
1639
1637
1935
1647
1622
1950
1781
1649
1652
1858
1641
1712
1914
1737
1650
1922
1993
1721
1688
1863
1642
1681
1920
1848
1521
1489
1941
1640
1686
1927
1774
1680
1276
1803
1615
1608
1894
1765
1647
1664
1875
1709
1506
2104
1651
1586
1640
1505
1247
1395
1644
1503
1414
1386
1663
1513
1438
1283
1652
1510
1416
1386
1667
1504
1423
1380
1533
1779
1464
1416
1654
1428
1432
1384
1175
1471
1410
1415
1600
1507
1427
1366
1670
1287
1397
1349
1686
1505
1416
1378
1667
1510
1330
1594
1681
1505
1438
1373
1657
1505
1435
938
1655
1505
1425
1377
1645
1504
1383
1403
1605
1497
1382
1410
1636
1466
1423
1421
1684
1454
1356
1479
1741
1430
1389
1392
1738
1429
1305
1400
1723
1392
1378
1419
1705
1467
1372
1385
1672
1402
1386
1407
1748
1383
1425
1421
1679
1553
1385
1313
1740
1389
1367
1427
1650
1326
1404
1423
1696
1424
1396
1421
1675
1424
1392
1402
1678
1477
1427
1408
1703
1426
1432
1340
1800
1470
1411
1429
1574
1397
1428
1383
1661
1496
1411
1384
1646
1418
1421
1361
1727
113
58
481
1369
1431
1652
1419
1584
1452
1637
1372
1386
1389
1622
1422
1416
914
1590
1438
1387
1382
1750
1396
1379
1430
1651
1363
1299
1420
1664
1423
1390
1425
1751
1363
1441
1447
1654
1336
1388
1438
1645
1389
1467
1359
1546
1414
1383
1415
1745
1398
1392
1417
1666
1497
1392
1377
1620
1421
1439
1365
1172
1530
1408
1478
1446
1460
1422
1436
1648
1409
1385
1334
1590
1393
1417
1392
1696
1436
1400
1394
1621
1428
1338
1412
1699
1455
1371
1012
1760
1480
1415
1354
1627
1427
1382
1433
1608
1370
1386
1420
1635
1509
1393
1440
1555
1381
1408
1430
1647
1340
1407
1418
1717
1419
1271
1507
1656
1494
102
51
648
1389
1425
1671
1505
1433
1397
1433
1661
1345
1407
1676
1505
1410
1390
1675
1520
1626
1305
1670
1502
1434
1420
1429
1656
1468
1177
1580
1509
1392
1403
1679
1508
1428
1408
1674
1462
1374
1424
1695
1515
1399
1421
1678
1678
1465
1366
1672
1505
1430
1388
1637
1513
1437
1368
1687
1510
1429
1422
1660
1498
1430
1429
1610
1498
1391
1400
1668
1509
1397
1399
1692
1647
1442
1384
1683
1423
1433
1384
1749
1430
1388
1383
1739
1423
1433
1388
1698
1492
1441
1374
1638
1425
1429
1391
1655
1432
1189
1511
1716
1494
1432
1362
1648
1426
1421
1435
1646
1374
1423
1424
1654
1386
1394
1339
1655
1419
1375
1425
1653
1510
1408
1376
1655
1385
1567
1392
1583
1425
1420
1430
1722
1388
821
1386
1673
1513
1414
1424
1645
1397
1436
1405
1727
1343
1431
1427
1648
1422
1426
1413
1788
1429
1304
1423
1636
1401
1427
1399
1641
1355
1425
1328
1598
1431
1396
1396
1697
1516
1401
1386
1528
1425
1395
1406
1757
1401
1396
1505
1759
1358
1411
1388
1661
1429
1384
1421
1636
1404
1307
1433
1649
1386
1407
1375
1708
1183
1362
1336
1720
1423
1393
1439
1782
1448
1479
1749
1457
1423
1392
1669
1496
1431
1392
1414
1631
1332
1382
1424
1647
1387
1425
1433
1632
1389
1380
1439
1636
1409
1429
1390
1758
1563
1427
1346
1638
1415
1430
1399
1645
1318
1391
1397
1249
1410
1385
1416
1711
1494
1354
1408
1665
1320
1393
1405
1740
1390
1569
1504
1505
1424
1344
1430
1752
1400
1403
1412
1645
1388
1406
1385
1586
1389
1422
1438
1616
1507
1426
1423
1671
1472
1426
1429
1588
1608
1426
1438
1644
1367
1262
1416
1575
1402
1398
1370
1752
1411
1394
1393
1633
1423
1463
1279
1718
1390
1351
1332
1738
1416
1407
1389
1546
1642
1384
1424
1578
1354
1420
1390
1617
1421
1421
1433
1642
1388
1378
1424
1702
1506
1356
1431
1654
1360
1350
1422
1752
1382
1421
1623
1589
1337
1352
1379
1677
1459
1364
1448
1615
1394
1427
1459
1559
1395
1429
1448
1572
1348
1439
1429
1699
1352
1421
1467
1575
1600
1430
1436
1646
1394
1384
1432
1643
1423
1419
1402
1742
1424
1435
1306
1642
1431
1445
1376
1651
1436
1435
1407
1587
1437
1392
1417
1832
1468
1426
1407
1647
1395
1390
1425
1663
1429
1384
1437
1655
1389
1342
1425
1708
1465
1370
1436
1590
1395
1426
1386
1729
1389
1594
1508
1649
1389
1421
1443
1642
1429
1402
1444
1644
1385
1423
1439
1585
1382
1440
1395
1631
1398
1442
1385
1700
1510
1396
1390
1722
1399
1490
1401
1569
1424
1434
1127
1632
1429
1423
1391
1763
1429
1429
1381
1587
1436
1401
1415
1670
1397
1387
1422
1764
1345
1365
1607
1813
1396
1384
1418
1611
1397
1331
1431
1661
1374
1396
1437
1587
1385
1429
1383
1658
1401
1393
1436
1576
1385
1435
1416
1646
1382
1561
1443
1510
1386
1433
1395
1690
1404
1431
1397
1626
1422
1429
1384
1748
1428
1369
1376
1738
1427
1429
1387
1694
1508
1421
1386
1645
1519
1495
1399
1638
1422
1418
1404
1586
1427
1409
1393
1742
1426
1386
1429
1564
1358
1389
1409
1742
1378
1431
1428
1656
1415
1365
1424
1844
1450
1428
1436
1643
1401
1430
1387
1660
1352
1422
1391
1707
1387
1414
1416
1614
1504
1413
1420
1745
1383
1432
1421
1577
1353
1434
1573
1788
1462
1424
1392
1660
1390
1367
1431
1609
1397
1421
1399
1640
1422
1429
1385
1641
1419
1404
1414
1637
1499
1417
1421
1694
1418
1416
1524
1779
1496
1402
1425
1588
1421
1418
1434
1702
1404
1425
1437
1147
1373
1408
1502
1428
1401
1419
1353
1718
1363
1377
1414
1689
1510
1578
1471
1645
1395
1403
1215
1595
1412
1419
1436
1599
1425
1423
1431
1625
1491
1422
1424
1680
1192
1375
1438
1726
1389
1390
1409
1788
1188
1450
1491
1720
1386
1367
1427
1639
1407
1430
1424
1637
1423
1475
