180
298
206
209
67
1099
567
934
1158
1000
1220
1122
983
954
921
1129
956
1025
1016
1027
1229
1045
1016
1041
1032
1194
1091
965
966
1035
1246
1106
1009
1001
1046
1023
1263
1007
1053
993
983
895
1310
1093
1000
1044
1255
1119
1000
1033
1043
1217
999
1041
1010
1001
1276
1115
1045
1038
1045
1246
1124
1034
998
634
1052
1154
1056
991
1038
1024
1244
1124
1001
1030
991
1066
1350
1171
1069
1029
1159
1424
988
1037
1000
1214
1115
1071
961
1010
1295
1115
1036
1045
1022
1279
1109
948
1030
880
893
741
1034
888
881
872
882
887
1028
878
313
997
887
920
1032
849
879
874
883
890
1050
892
873
890
818
887
1051
862
879
879
891
881
1034
884
888
882
886
888
1024
875
875
882
876
878
1011
899
915
818
856
864
1063
917
730
869
873
903
1037
866
850
883
843
848
1067
867
802
775
783
539
1020
865
870
876
879
868
1018
992
540
930
632
802
844
873
822
854
893
859
1037
857
884
868
877
890
851
878
856
871
884
841
1049
859
868
870
864
879
1052
849
796
793
830
866
1049
877
873
871
797
850
1017
903
826
886
787
848
1021
885
877
876
879
881
960
952
882
817
886
997
1030
953
878
916
779
844
849
919
878
875
811
890
861
904
879
875
870
888
822
970
885
876
875
967
739
1017
871
878
877
881
888
1029
877
883
875
878
894
1024
872
909
629
867
880
1095
891
830
872
876
886
1054
837
870
859
648
880
1052
882
880
879
865
886
1033
883
893
818
831
849
1030
878
884
875
876
884
1031
869
878
881
901
803
1015
1018
878
880
879
885
1045
890
882
866
874
882
1060
812
880
877
877
885
1054
846
841
887
874
882
1029
887
872
824
871
897
907
812
610
870
878
892
913
850
887
768
976
847
939
847
881
880
875
896
938
806
876
885
858
893
895
874
844
376
722
855
840
871
858
876
872
918
858
1027
822
878
872
877
816
1020
873
867
874
886
870
1027
1003
867
828
887
820
1022
853
864
876
914
804
1022
900
861
871
916
803
1049
879
854
862
877
887
1030
883
886
860
881
887
1027
827
878
861
519
868
1028
881
882
877
918
850
912
958
881
826
876
885
1058
880
871
878
877
867
1020
866
878
876
878
830
1050
872
852
864
878
885
1029
825
860
878
879
882
1031
830
879
879
881
891
1029
878
806
1005
879
866
1053
887
878
821
881
882
1046
880
863
816
847
905
924
848
882
874
879
832
911
849
880
875
882
818
983
889
850
832
774
851
809
63
50
631
868
921
789
934
984
884
873
893
821
1029
890
876
805
881
787
1037
870
877
880
922
837
1029
886
872
887
818
880
1033
887
891
869
880
889
1003
897
882
883
882
889
1006
889
882
905
892
844
1049
889
870
881
775
897
1055
831
884
882
892
866
1051
885
878
884
797
890
1035
881
865
819
881
888
1032
880
887
877
875
878
1036
888
883
883
875
838
1030
885
1018
884
850
888
1054
884
880
860
523
871
1031
885
882
891
865
885
1051
882
881
881
845
872
1025
834
883
879
889
872
1033
882
881
873
852
922
856
848
881
823
878
894
958
1016
884
879
879
900
938
849
882
877
826
892
942
811
866
878
881
886
900
929
880
880
882
883
809
909
873
860
877
893
824
1007
890
829
845
913
855
1029
808
906
679
997
779
1021
882
879
872
881
884
1050
879
806
876
874
868
1047
875
880
867
883
892
1028
881
800
881
823
894
1028
879
881
873
880
884
1031
881
869
477
747
833
880
852
972
712
833
806
959
883
785
877
872
881
1037
805
898
834
845
882
1047
879
877
875
878
884
1033
882
864
626
880
843
1027
880
881
876
877
895
902
848
878
852
645
907
924
976
886
866
873
893
898
924
868
875
859
656
960
668
863
879
878
883
906
929
888
815
840
873
842
894
836
433
491
845
872
901
878
872
876
859
610
1026
876
833
824
887
845
996
880
874
877
879
876
1050
883
879
821
865
883
1048
842
826
871
881
883
1037
880
879
877
905
731
1014
886
873
865
879
882
1031
882
880
884
880
887
1049
925
877
881
883
890
1054
870
838
902
802
854
954
855
71
58
152
1053
907
826
861
872
888
1036
880
880
887
888
890
1016
896
845
889
904
916
1034
894
872
876
886
892
1063
839
844
883
889
891
1103
875
888
884
889
878
917
848
848
804
822
805
942
858
843
848
842
777
1005
841
849
850
812
847
925
835
850
854
937
855
999
835
850
852
847
805
958
856
851
853
854
844
955
853
852
850
850
850
824
808
839
847
847
847
950
796
843
850
845
851
939
775
801
834
848
890
819
908
893
846
845
850
1053
860
760
840
848
848
972
839
816
473
822
907
918
805
800
728
800
827
1008
909
820
845
835
718
935
851
852
845
773
836
995
838
847
845
845
845
1012
669
933
851
841
815
1016
847
850
846
891
