1246
280
205
210
57
56
53
117
54
59
51
51
167
73
136
163
173
187
156
131
133
163
126
162
151
170
76
131
312
142
163
166
172
172
174
136
171
159
172
174
172
105
263
236
169
166
49
72
52
53
185
211
132
114
171
174
200
197
362
193
206
203
201
211
147
194
182
214
198
246
100
51
89
287
335
100
146
166
170
166
63
145
199
205
195
212
153
184
193
367
146
170
205
170
153
198
186
144
208
195
206
193
225
146
238
203
204
151
139
192
124
98
339
123
192
199
223
167
163
258
185
197
197
203
207
195
208
211
208
202
92
214
200
211
215
184
181
209
202
209
208
195
201
196
210
215
146
211
215
201
255
222
201
195
184
212
196
209
202
199
210
127
192
155
133
254
183
185
214
206
208
188
209
207
143
206
202
203
201
177
246
174
210
194
204
145
204
202
208
212
201
203
199
211
209
177
192
53
118
164
193
54
56
98
185
179
216
197
200
240
191
195
273
206
196
198
171
218
237
201
194
203
188
209
223
106
303
178
208
209
207
198
213
175
215
202
206
220
157
208
130
370
177
203
144
208
190
210
209
208
208
138
179
205
202
300
165
254
207
204
206
204
188
199
195
217
202
199
221
154
199
164
265
178
210
198
211
193
156
207
212
211
174
221
202
237
163
234
145
215
193
208
213
195
203
183
204
206
210
199
209
230
144
199
210
200
192
210
195
213
205
161
203
198
211
200
225
191
259
215
206
212
102
376
195
197
211
203
209
203
178
225
137
257
189
210
211
207
222
157
212
162
196
183
158
214
188
142
227
185
168
195
193
122
188
170
223
190
178
148
222
162
120
159
181
199
147
196
194
173
182
163
187
173
170
171
206
86
51
219
165
174
212
97
205
165
157
164
174
176
190
174
139
199
337
182
84
168
162
174
196
158
167
87
179
121
177
174
124
305
111
185
206
210
191
203
130
201
215
208
209
213
207
201
235
239
208
74
124
269
181
120
176
160
199
126
197
216
114
169
245
171
117
53
54
52
55
68
50
48
166
60
55
50
205
231
149
139
146
146
142
86
106
147
144
121
145
144
145
146
158
85
183
112
145
104
137
132
115
161
143
52
157
142
152
159
132
151
167
117
199
144
139
141
147
156
165
113
146
148
150
134
149
158
109
170
100
258
112
146
135
140
151
140
118
90
114
143
144
95
148
140
147
211
53
84
263
147
148
103
143
135
149
147
141
138
143
146
148
126
147
153
165
108
158
93
117
129
116
108
113
104
113
113
115
113
110
111
122
103
52
162
58
139
119
100
130
143
136
110
110
134
95
55
59
53
51
53
90
301
85
81
103
112
123
90
136
139
89
121
97
92
115
67
125
99
224
119
100
115
146
147
147
87
138
157
86
147
137
145
144
141
158
115
192
142
140
148
146
141
147
72
154
145
125
161
129
148
144
138
172
100
181
113
57
166
85
113
115
129
151
147
138
145
169
52
197
81
141
78
139
147
143
147
136
154
94
107
136
122
127
124
80
136
144
156
85
127
137
152
100
111
79
85
126
100
145
140
145
145
128
112
135
83
134
121
117
102
131
137
107
136
156
120
122
138
146
145
144
149
155
102
198
141
147
136
148
160
61
137
150
76
147
144
149
147
138
140
172
128
240
94
162
141
147
144
128
93
120
93
153
88
87
100
95
110
119
86
251
121
87
102
128
148
63
59
57
54
144
52
48
123
62
135
84
155
151
55
130
147
87
102
85
155
93
136
143
60
53
117
97
64
109
56
56
49
56
49
50
59
132
57
52
52
52
50
93
80
50
83
86
51
52
108
80
110
134
136
142
123
78
140
144
140
132
145
146
152
54
282
120
87
97
86
94
108
138
138
140
146
140
133
148
145
132
140
92
223
122
140
106
109
113
143
142
145
84
100
111
73
71
82
82
80
81
161
129
137
118
49
91
54
51
53
63
51
50
46
47
46
47
46
104
264
103
78
137
144
143
145
131
146
118
152
143
122
146
146
146
165
177
133
98
107
141
107
134
123
91
205
104
142
139
145
146
133
151
86
204
98
103
157
145
91
145
134
152
147
148
148
138
149
140
134
167
141
129
147
143
139
164
99
122
81
99
124
99
146
148
133
148
131
130
139
130
147
141
159
118
103
110
82
148
149
144
147
138
149
148
191
51
158
108
144
143
146
148
147
148
119
148
141
119
159
146
148
139
138
85
149
122
143
139
148
146
146
148
145
152
142
94
139
146
147
147
90
84
137
126
144
131
147
148
148
140
142
146
145
143
146
151
