44421
44913
45030
44599
44942
44885
45200
44815
44502
44822
44998
45850
44403
44925
44923
44399
45024
44935
44585
45827
44942
46040
44985
44960
45519
44871
44981
44764
44460
44941
44845
44851
44889
45146
44418
44919
44756
45776
44467
45262
44597
44613
45368
44415
46120
46520
45130
44519
44911
45367
44944
44486
44542
45488
45536
44888
44373
45711
44411
44792
44367
44838
45004
45722
44753
45889
44742
44757
45272
45066
44962
44514
45422
44827
44404
46012
44913
44874
44951
45028
44877
44399
45764
44283
44888
45874
45004
44607
45002
44449
44497
44993
45366
44584
44393
44762
45834
44750
44714
45046
46128
45816
44416
44482
44910
45850
45107
44919
44976
44659
44904
44685
44686
44636
44597
44558
45656
44424
45166
46275
44899
45025
44368
46941
44411
44963
44631
45096
45749
45089
45062
44948
44852
44990
45642
44933
44473
44460
44453
44823
44912
44890
44517
45120
44942
44563
44432
45169
44697
44472
44962
44399
44529
44604
44878
44056
44765
44874
44481
44566
44521
44465
44366
44817
45220
44316
44603
44943
45016
44592
44533
44503
45099
44285
44953
44900
46739
45813
44253
45408
44376
44804
44450
44695
44836
45658
44203
44935
45101
44558
44486
44276
45115
44390
44929
44812
44927
44963
45095
44734
44978
44389
44783
44949
45309
44830
44739
44472
44347
44884
44829
46231
44418
44574
44456
45454
45846
44456
44618
44436
44519
44412
46136
44932
45252
45019
44533
45380
44557
45277
44766
44857
44272
46408
45640
44895
44576
44289
44545
44402
46108
44885
44457
44972
44436
44757
44810
45006
44951
44296
44926
44593
44959
44416
44806
44896
45098
45331
45561
46333
44384
44929
44411
44909
44497
44558
44153
44841
44853
44935
44600
45289
44324
44921
44728
44608
44453
44691
46001
44727
44874
44949
45409
44855
44429
44390
45654
44025
44439
44624
44308
44269
45952
44634
44352
44454
44926
44894
44437
44256
44827
45025
45129
44546
44469
44377
44251
44839
45417
44739
45010
44840
44631
44324
44840
44248
44890
44874
46146
44052
45004
45960
44450
44831
44817
44909
44951
45726
44500
46029
44905
45418
44472
44293
44610
44744
44347
44917
44900
45012
44356
46655
44842
44436
44232
44381
44363
45930
44314
44231
44874
44154
44946
44701
45135
45021
45046
44570
44392
44392
45321
44056
44431
44807
44476
44803
44370
44739
44762
44325
44931
44792
44665
44597
44933
44252
44840
45746
45820
44733
44363
46025
44746
44433
44976
44409
44317
44574
44740
45248
44711
44984
46311
44371
44422
44426
45709
45795
44812
44606
44813
44876
44447
45487
44786
44398
45550
44760
45121
44494
44835
44448
44427
44852
44678
44930
44228
44864
44915
44425
44865
44920
44504
44703
44223
44751
44263
45067
44857
44399
44280
44968
44816
44259
45625
44813
44851
44453
46297
44790
44820
44939
44363
44469
44789
46313
44476
44523
44782
45061
45924
44543
44790
44788
44709
44353
45015
44940
45095
46416
45118
44816
44881
45015
44906
44416
45559
44862
45090
44746
44908
44440
44474
45068
44746
46089
44812
44955
46131
44478
44919
44923
44865
45092
44319
44384
45352
44312
46119
45752
45473
44759
44996
44464
45107
45231
44897
44744
44478
44464
44716
44582
45110
44853
44457
44297
44298
44532
44746
44344
44524
44886
44866
44647
44454
45129
45709
44314
45014
44935
44294
44504
44941
44934
44446
44893
44468
44458
44893
44762
44814
44778
45462
44517
44329
44358
44320
44341
44853
44983
44286
44866
44935
45066
44522
45502
44859
44224
44246
44427
44866
44483
44751
44405
44464
44835
44919
44388
44747
45076
44478
44654
44956
44772
44489
44890
44996
44411
46199
44599
44430
44846
44476
44253
44479
44250
46212
45791
44588
44741
44653
44311
44942
44414
44388
45196
44273
44496
44159
44634
44317
44790
44263
44894
44930
44447
44518
45121
44911
44262
44473
44365
44477
44346
44497
44439
45507
45287
45970
44899
45445
44951
44347
44753
44858
44381
44350
44846
44189
44731
44455
44346
46462
44135
45003
44272
45018
44362
44532
44314
44741
45691
44306
44293
45071
44760
44158
44779
45311
46094
45992
45993
46317
44330
44802
44244
45447
44495
44891
44223
44705
45154
44259
46416
45583
44486
46438
44894
44972
44799
45763
44361
45019
44988
45196
44805
44952
44850
44960
45188
44353
44540
45515
44696
44618
45592
44692
46078
44734
45074
46295
44740
44829
46335
44322
44669
44995
44703
44645
44385
44761
45179
44359
44876
44842
44102
44824
44330
44344
44974
45623
45016
44947
45009
44335
45557
44779
44435
44827
44918
44348
44578
44397
44533
44301
46170
44934
44727
44784
44377
44459
44726
44902
44541
44937
44826
46175
46141
44934
44652
45832
44348
44776
44770
45863
44226
44528
44419
45037
45215
44813
45042
45430
44164
44236
44683
44775
45132
44543
44797
45000
44867
44842
44497
44538
44857
44398
46344
44475
44491
44851
44863
44957
44497
44347
44162
45693
45477
44879
44428
44696
44692
45664
44865
45599
44344
44459
44447
44945
44375
46165
44554
45814
44895
44286
44835
44489
44326
44461
44705
43966
45225
44460
44756
44463
44407
45900
44302
44745
44642
44946
44857
44612
44339
44802
44542
46565
44484
44259
44286
44675
45267
45663
44268
44657
44572
45915
44452
44970
44847
44953
44848
44575
45490
44537
44803
44336
44584
46320
45001
44575
45010
44915
45534
44858
44749
45794
44696
44469
44584
44908
45096
44541
44276
44824
44401
44283
44477
45341
44354
44884
45622
44759
44258
44754
44674
44543
45527
44905
44910
44344
44887
44904
44377
44428
44721
44818
44520
44582
44372
44837
44393
45900
44881
46757
44954
44833
44957
44406
44527
44895
44941
44393
44781
44778
44479
44953
44310
44892
45260
44398
44399
44353
46266
45416
46116
44533
44476
46342
45734
44274
44937
44541
44518
44278
44743
46580
44900
44325
47819
44743
45234
45818
44967
44164
44815
45216
44397
44826
44768
44868
44421
44411
44940
44220
44395
44473
44824
44297
44718
44429
45118
44752
44643
45610
44269
44688
44671
44764
44356
44897
44290
44474
44743
44851
45017
45233
45505
44536
44642
44502
44544
44397
44552
45866
44860
44544
45086
44940
46641
45055
44614
45897
44348
44990
44656
45196
46310
44579
44906
45050
45701
44987
44931
44535
44632
44952
44876
44552
44522
44384
46345
44409
44990
44671
44999
44501
44919
45947
44813
44870
44451
44952
44829
44457
45054
44390
44397
45072
44759
