9536
9557
9592
6963
7159
7406
10064
9701
9837
9796
9539
7328
6909
7480
7843
9428
9627
9461
9807
9604
9575
9465
7371
9693
9842
9650
9536
6759
7347
7178
7382
7231
7216
7304
7760
7539
7067
7360
7538
7169
7432
7269
7283
7323
7238
7502
7617
7459
7255
9534
9673
9206
9466
9503
9861
9643
9692
9956
9740
9711
9635
9684
10235
9734
7283
9713
9246
9506
7076
9516
9808
9737
9423
9299
9617
9864
9920
7202
7131
7459
9155
9661
9505
9434
9712
7283
7129
9044
10333
7427
7547
9905
7501
7440
9207
9436
7400
7168
7439
9676
7495
7845
9693
9179
9491
7740
7340
9932
9634
9671
9639
7507
7170
9548
9027
7816
7411
7210
9640
9433
7232
7225
9669
9687
9103
9979
6827
7151
7439
9877
9701
9544
7270
7118
7495
7340
9624
9404
10088
7413
9438
9904
9107
7282
7228
9662
9622
7269
7478
9662
9710
7526
7480
9820
9647
8052
7252
9518
7435
7828
9559
9374
7299
9804
9750
9085
9494
7310
7323
9562
10611
9510
7437
6893
10113
7287
9839
9390
7372
7705
10232
9440
7329
9739
8914
7278
9724
9504
8984
7003
7224
9235
9554
9712
9612
10055
7571
7275
7921
9766
9802
9436
7175
7198
9455
9772
7635
7199
9376
7212
7269
8136
9891
9549
9476
7628
7282
7251
9653
10051
9638
9499
7362
6937
7510
9729
9445
7216
7371
9849
9706
9482
9411
7212
9655
9653
9783
7553
7581
9457
9944
6979
7403
10550
9178
6936
10083
9561
7348
7213
7259
9644
7525
7272
9598
9232
9152
9387
7257
7998
9656
9377
7427
7235
10623
9663
9704
7541
7835
7308
9524
9439
7392
7267
7289
9488
10237
9643
7252
9855
9441
9604
9652
7176
7236
7340
9732
9951
7448
7483
7153
9739
7628
7296
6733
9248
7418
7269
9390
9538
7422
9230
9623
7254
9394
9276
9513
7377
7339
7270
9366
7462
7475
9815
9538
7360
7245
7617
9652
10044
7591
7214
9997
7245
6998
9444
9622
7411
9725
7537
7447
7208
9088
7149
9665
9489
7323
9540
7595
9956
7535
7268
9664
9714
7248
9096
7422
7873
9465
9632
9403
7367
9280
9627
9098
7311
7583
9586
8934
7668
10007
9406
7659
7021
9918
9455
9672
9381
7034
7428
9487
9483
6879
9319
7381
9496
9125
7436
9477
9560
9443
8186
7177
9102
10151
7586
7021
9526
9444
9925
9375
9864
9336
7755
9140
9601
7894
7356
9737
10522
7365
9613
9626
7503
10028
9856
7602
7392
9495
9579
7946
9389
7264
9641
7367
7067
9657
9038
7257
7350
9740
9299
9520
10089
7777
7306
6889
9944
9583
7163
7656
10044
9204
7298
9525
7247
9550
10218
7525
9689
9601
6807
9643
7567
7351
9686
9288
7786
7420
9566
9685
7371
9491
7484
7218
9734
9720
7682
7166
9788
9445
7402
9860
9620
7507
7015
7259
9709
9098
7163
9689
9772
10026
7269
9594
7523
7641
9538
7766
9697
6865
7720
9533
9545
7467
7740
9587
9499
7296
9750
9579
9563
7016
7230
7464
9695
10044
10299
7362
7474
7203
9938
9672
7382
7220
9500
7070
7464
7671
7677
7203
9505
9715
9609
6902
9671
9399
9629
7336
7563
9679
9568
9892
7901
7405
9341
9799
7444
7449
8095
9329
7193
7025
10845
6997
9634
9565
7531
7923
7677
9851
7206
7158
9879
7180
7369
9515
9008
9779
7510
7466
7469
10239
10461
7463
7567
7214
9535
7303
7427
7457
7467
9648
9568
9656
7499
7627
9744
9683
9220
7534
7316
10047
9907
7421
7598
9501
9661
7380
7409
9273
9159
7296
9415
9428
7366
7459
9768
9883
7330
9667
9726
7271
7654
9054
7480
7577
6854
9580
9485
7600
7182
9349
7306
7592
6958
10213
9607
7409
9600
9654
7501
9596
9416
7350
7254
7224
10135
9105
9552
7360
7509
7771
9593
9539
9796
7372
9752
9625
7337
7517
9258
7271
7423
9474
10176
7721
7292
9609
9586
7559
7200
9447
9494
9552
7385
6915
9578
9444
7244
7332
9421
7249
7652
9531
9297
7446
7419
9915
11073
7501
7939
9675
9326
7403
7194
9738
10005
9205
7725
9268
9330
7524
9846
7470
9671
9406
9647
7620
9699
9596
9439
7429
7143
9558
9589
7484
7419
9882
6857
7244
7341
9899
9662
9995
9298
7734
8135
7121
9622
10206
7403
7503
9698
9313
9469
9708
7408
7632
7187
7410
9577
9559
9610
7152
9582
7390
7554
9520
9414
7490
6934
9635
7468
7294
9743
9663
7418
7188
9612
10059
7496
7263
9457
7472
7197
7136
9830
7494
9056
10192
7354
9454
9655
9558
7391
9701
9302
7484
7340
7219
9617
10058
9906
9702
9669
9701
7451
7254
9537
9401
9757
9613
7199
7626
10494
10025
9446
9760
9495
7199
7303
7157
10168
9880
10167
9636
9862
9366
7335
7397
9401
9533
7705
7485
7711
9163
9956
7197
7602
9741
9684
9335
9410
9677
9576
10188
7557
7703
9665
9504
9443
9615
7406
7210
9913
9153
10090
9443
9380
9175
9399
8978
9399
6848
7568
7697
7210
7615
7292
9803
9735
9655
9818
9382
7167
7904
7839
9738
9526
9747
9658
9579
9663
7559
7390
7646
10035
9364
6823
9408
7739
7541
7174
9440
9168
9827
9669
7200
7258
7316
9625
9549
7152
7288
7252
9433
10171
9674
9651
7345
7250
7376
9633
9534
9472
9634
9725
10107
9645
9781
7407
7602
7456
6890
7170
9651
9533
9001
9663
9995
7158
7304
7503
9543
9476
9574
9551
9407
7488
7765
7178
6890
9283
7446
7455
7509
9409
8287
9516
9689
9594
7166
7245
7319
7202
9787
10155
7539
9781
9725
9632
9601
7490
7179
7580
9579
9495
8120
9547
9319
10006
9878
7492
9480
9963
7438
9362
9585
7400
7445
9561
7554
9381
9486
9334
9543
7860
9409
9623
7726
7406
9230
9427
6818
7288
9263
7571
7495
9389
7245
7742
9697
6885
7407
9486
7517
7328
9320
9960
7627
7449
10187
9783
9599
7217
6830
9637
9552
7264
9512
9416
7272
10133
10211
9470
9862
7346
7260
9596
7736
6898
9499
9602
10282
7826
7059
9390
9068
7579
7462
9333
9395
7496
7511
7456
7293
9647
7022
7760
