44524
44575
45533
44673
45142
44667
44806
44696
45781
44949
45705
44581
46013
45130
45043
45716
45576
45617
46173
44966
44655
44967
45142
44500
44497
46254
44969
44571
44843
44406
45725
44681
45754
44374
45099
44984
44475
44881
43890
45125
44554
45356
44880
44642
45120
45093
45024
44453
45349
45376
45146
44720
44793
44450
45941
44497
44427
44922
44994
44971
44705
44961
44443
44470
46277
45563
44572
45163
44983
44477
45020
44656
46594
44379
45883
45611
44260
44882
45819
44877
44735
44923
44485
44474
44998
45995
44982
45743
44475
46967
44956
45084
44540
44658
44379
44405
44511
44496
44530
44844
45784
44460
45783
44939
46531
44382
44699
44970
44692
45096
45056
44871
44300
45718
44444
44606
45288
45607
44497
44891
44564
44412
44500
44517
44578
45323
44804
45638
45179
44432
44544
44347
44551
45044
44435
44524
45258
44970
45060
44748
46215
44989
44622
44333
45173
44959
45076
44522
44944
45133
44506
45705
45102
45066
45122
44977
45060
44418
46529
44862
44489
44974
44785
44593
44430
44615
44834
44762
46222
45567
45030
44759
44993
44718
44928
44813
44494
44563
44958
44585
44426
45214
44543
45658
44487
45066
45150
44588
44938
45738
44698
44509
44460
44415
44533
44650
44493
45906
44327
44457
45873
44082
44642
45052
44756
44540
44572
45946
45003
44548
45886
44665
44696
44757
44701
44608
44603
44919
45857
44603
45132
44529
44941
46247
44390
44771
44587
44535
44466
45062
45283
44394
44494
44583
44542
46292
44566
45014
45956
45906
45144
44354
46686
44575
44404
44677
45161
44420
44899
44512
45641
45052
45021
44626
46768
46274
44828
44412
45238
44965
44426
45042
45020
45101
45736
44934
44467
44561
45644
44292
44478
44770
44644
44516
45002
44530
45673
44568
46135
44587
44898
44985
44606
44540
45748
44630
44697
44621
44460
44531
44975
44536
45111
45566
45013
44435
44546
45047
44420
44298
44441
44672
45854
45453
45480
45156
44911
44911
44455
45396
45148
44553
44893
45213
44965
44726
45076
44593
45993
44889
45020
45153
44448
44467
46253
44622
44420
44939
44985
44727
44483
45051
44572
46065
44413
44949
44540
44685
44901
45486
44573
44965
45977
44416
45752
44918
45095
44564
45182
44453
45088
45827
44391
44611
44886
45035
44979
44937
44586
44416
46313
45314
44333
44907
45107
44645
45928
44887
44957
44463
44473
44999
44588
44524
45125
44609
44569
44969
44816
46097
45141
44613
44706
44515
44529
44945
44522
44426
44418
44982
45168
44705
45021
45521
44859
45737
44420
44827
44605
44660
45491
45241
45944
44891
44663
44406
44538
44728
44415
44552
44728
46502
44529
46251
44587
44882
44505
44905
46308
45163
44569
44474
44442
44487
44898
44496
44715
44565
45063
44864
45027
46159
44916
45908
44549
44897
44680
45432
45809
45692
44874
44588
44955
44416
46452
45139
45055
45018
44843
44367
45812
44360
44315
44529
44684
44404
44672
44606
45020
44387
45009
44561
44172
44363
45201
44932
44444
44785
45226
44652
44976
44855
45087
44924
44469
45001
44414
44198
46425
44463
44957
44638
45189
44564
45094
44542
46439
44696
45141
44435
44847
44613
44477
45208
44398
45159
44986
45921
44447
44982
45634
44775
44509
44505
45027
44461
44817
45068
45222
44649
44418
44368
45188
44665
44340
44504
45002
44553
45395
44612
45214
44803
44361
45797
45622
44656
46242
44941
44469
44997
44921
44506
44920
45022
44482
44954
44699
44601
44495
44717
44690
44516
44540
45029
44422
45000
44929
44946
45999
44429
44543
44624
44926
46172
45249
45577
44908
44562
44684
46058
45050
44499
45905
44430
44548
44643
44614
44416
44928
45010
44667
45118
44529
45137
44992
45061
44352
44373
44413
46129
44989
44919
45157
44444
46092
45426
45269
44607
45612
44463
45271
44982
44982
44609
45045
44402
45141
45017
44468
44380
46385
45075
44394
44852
44860
46254
44955
45144
44531
44699
44564
44527
44506
46537
45121
44443
44962
46199
44585
44498
44891
44838
45202
44643
44951
44346
45119
46515
44476
44957
44921
44526
46111
44407
45040
45052
44394
44944
44716
44417
44903
44524
44566
44546
45051
46053
44936
44509
44291
44976
44586
44944
45383
45075
44503
44520
45249
45073
44624
46066
44624
45243
44631
45036
44404
45112
44359
45783
46159
46773
45080
44992
45186
45964
45598
45008
44478
46429
44682
44471
44803
45137
45243
45114
44395
44429
44964
44483
44913
44905
45080
45110
46795
45116
45854
45014
44532
44305
44336
44517
44600
45041
44475
45144
44660
46000
44457
44391
44946
44460
45885
45044
45028
44995
44541
44946
45007
45073
45521
44412
44688
44818
44769
44514
46254
44064
44739
44978
45087
45050
45083
44709
45876
44438
45243
45030
44481
44565
45062
45637
44448
44598
45152
44967
44947
44975
44413
45190
44666
45804
44694
45008
45361
44683
44604
44745
44859
44692
45560
44341
45055
44874
44695
44833
45023
44848
44721
44909
44929
44417
44776
44858
44308
45669
44886
44801
44967
44927
44349
44884
45095
44087
44433
44923
44770
44351
44859
44836
44814
44811
45394
44264
44871
45013
44471
44780
45631
44962
45144
44746
45205
44867
44471
44302
44332
44506
44921
44998
45742
44566
44663
45033
45068
46144
44474
44564
44603
44763
44955
44089
45656
44692
44827
44299
45693
44446
44966
44953
44924
44427
44984
46236
44755
44311
45148
44941
44854
44311
44568
44327
45084
44840
44476
44863
44862
44448
45626
44536
46648
44450
44510
44412
44724
44916
45817
44341
44483
44341
46611
44368
44963
44900
45165
44951
44606
44489
44538
45655
44435
44496
44242
44881
44379
45339
44966
44853
45617
45276
44359
44537
44721
44211
44840
44737
44647
44812
45070
44573
44753
45789
45080
44438
45836
44536
44342
44496
44792
44899
44842
44414
44427
45077
44328
44805
44164
45742
45368
44355
46096
46212
44509
44538
44916
45727
44843
44918
44885
44370
44889
44909
45839
45652
44305
44997
46259
44980
44987
44530
44302
45133
45578
44980
44942
44243
44953
44522
44938
45813
44452
44294
44558
44843
44367
44551
45916
44488
44217
44495
44631
44934
44276
44920
44949
44454
44476
44409
44441
45019
45132
44323
44825
44833
44938
45762
44859
44519
44346
44686
45693
44545
44384
44814
44328
44527
44834
45408
44958
44406
44854
44556
44439
44927
44367
44501
45205
44492
44479
45027
44908
44853
45786
44245
44433
44503
44436
44539
46684
44367
44349
46372
