149
297
311
205
59
667
1344
1020
1125
1110
1115
1438
1221
1022
1106
1151
1385
1130
1101
1111
1414
1209
1085
1134
1091
1393
1222
1134
1136
1098
1417
1213
1132
1137
1138
1334
1221
1129
1123
1140
1393
1128
1135
1102
1426
1185
1119
1127
1128
1433
1209
1118
1130
1124
1397
1213
1036
1121
1133
1382
1225
1069
1063
1133
1371
1161
1078
1097
1291
1387
1136
1131
1128
1398
1216
1131
1104
1087
1403
1193
1136
1122
1127
1410
1217
1098
1133
1149
1481
1143
1131
1142
1410
930
1129
1138
1119
1404
1176
1070
1076
1172
1221
1201
1135
1135
1133
1435
1166
1059
1143
1400
1225
1125
1130
1068
1401
1214
1111
1131
1094
1403
1209
1129
1087
1135
1412
1207
1139
1133
1134
1414
1138
1131
1099
1419
1221
1134
1137
1137
1403
1221
1097
994
1118
1428
1214
1112
1136
1145
1380
1197
1131
1100
1119
1497
1115
1134
1122
1411
1216
1135
1136
1113
1391
1211
1135
647
1108
1398
1216
1120
1128
1140
1392
1190
1119
1135
1137
1494
1148
1136
1032
1130
1332
962
930
948
969
943
1154
969
969
967
992
1152
972
963
979
901
966
1142
955
948
751
958
986
1196
937
977
973
918
1156
962
971
961
960
976
1151
957
972
964
986
1195
913
954
971
970
962
1208
970
959
968
972
1192
941
947
914
969
974
1147
971
968
957
965
1147
1047
958
954
940
941
1197
969
963
966
958
948
1176
963
961
972
966
1142
920
969
950
960
960
1176
962
959
958
959
970
1184
916
960
957
977
1173
962
950
957
959
954
1188
943
960
917
974
1187
961
961
945
960
953
1200
961
945
955
957
915
1172
960
960
959
979
1141
961
956
973
941
964
1173
914
958
974
949
1168
1042
959
960
971
945
1139
968
959
914
958
958
1140
951
949
962
984
1210
896
953
959
958
509
1170
948
940
916
938
942
1184
906
952
957
966
1116
946
946
955
825
925
1130
950
968
925
948
971
1117
954
961
968
942
1113
1035
525
765
878
842
1030
691
788
722
916
1051
1052
913
929
937
425
858
900
104
66
49
55
57
56
305
700
474
490
497
401
738
440
281
533
402
394
771
352
534
292
471
683
594
503
571
470
646
798
486
456
486
402
483
841
578
492
424
573
585
484
498
479
564
443
776
593
459
480
481
771
542
508
526
475
605
915
614
938
873
715
1004
1008
943
931
1018
802
1103
825
950
830
700
1136
1109
913
972
952
969
1199
967
964
970
987
1185
968
960
915
989
821
1118
964
960
962
1009
1117
930
963
954
963
913
910
1037
1409
1045
880
1157
1064
968
901
977
1127
976
955
957
965
971
1183
958
960
978
955
983
1119
975
946
964
973
1142
966
965
966
947
947
1179
949
909
857
958
1181
968
967
966
962
962
1204
966
731
619
761
1054
805
938
964
964
977
1159
1075
964
920
915
1136
1058
944
962
965
967
1198
964
962
968
954
1153
993
962
931
948
966
1185
963
947
964
956
957
1173
963
915
973
970
1190
963
963
953
954
966
1181
967
826
947
941
1185
965
963
962
967
961
1179
965
964
954
963
967
1138
953
962
965
983
1143
967
967
957
963
968
1177
922
925
956
974
1198
965
963
963
964
963
1044
965
962
923
939
1139
1044
962
961
965
980
1183
963
964
963
1024
849
1131
963
967
961
979
1140
600
944
955
963
964
1117
911
963
913
959
1149
1045
864
949
951
972
1184
976
945
921
962
964
1199
969
963
959
985
1186
950
961
970
957
923
1177
966
958
962
975
1205
963
962
963
969
968
1026
958
962
967
961
955
1185
965
963
965
986
1181
890
917
961
963
964
1186
952
945
966
971
978
1196
966
950
919
964
1141
968
961
801
944
992
1196
930
962
973
923
1185
967
963
966
997
943
873
750
926
949
991
1154
1018
848
932
962
898
1146
966
959
968
966
1129
976
892
962
962
965
1162
965
961
962
235
967
1141
968
116
572
688
817
431
883
924
995
681
1079
930
889
831
359
856
726
537
549
454
563
371
509
529
488
640
682
557
517
568
532
651
729
570
523
600
635
54
500
402
570
174
551
800
716
622
528
609
343
683
546
337
477
563
848
479
479
498
573
485
531
539
411
448
495
739
525
534
482
530
655
669
774
874
776
783
952
1026
893
940
940
912
1159
915
806
561
921
703
984
924
788
955
976
1162
1084
958
964
965
903
1025
949
960
973
959
1143
1044
945
937
960
965
1182
915
960
961
963
1138
996
961
960
963
975
1180
970
946
894
959
967
1215
936
961
963
986
1162
1092
964
874
979
894
1142
977
947
966
970
1191
964
967
957
966
954
1189
923
971
937
957
1154
1030
956
965
964
971
1179
961
919
964
979
929
1180
970
952
956
1000
568
947
962
959
910
978
1134
965
938
961
962
1206
704
959
960
955
840
1147
975
953
925
962
971
1197
929
964
962
975
1192
900
971
951
961
969
1178
966
962
965
975
1191
964
964
923
964
953
1201
947
948
960
962
966
1180
963
965
965
940
1154
949
965
961
963
966
1184
956
962
963
955
