7893
8305
8080
7983
7793
7920
7904
8376
8045
7723
8166
7945
7887
7987
7944
8018
7947
8817
7897
7892
7845
7953
8012
8431
7945
7935
7985
7788
7786
7949
7967
8051
8191
8233
7771
7923
7985
7748
7822
7814
7957
8093
8103
7820
8000
7796
7769
7840
7776
7988
7767
7895
8404
7967
7844
7820
7866
7827
7995
8232
8295
8342
8036
7869
8338
8450
8355
7889
7957
8097
7786
7792
8678
8202
8041
7963
7939
7762
7834
8045
7843
8019
8275
7893
7866
7811
8005
8177
7922
8511
8237
7865
8235
7941
7890
8050
8052
7908
7773
7770
7795
7934
8403
7880
8592
8112
8114
8208
7815
7822
7794
7769
7891
8009
8239
7742
7944
7816
7775
8002
8053
7879
7880
8029
7700
7747
7794
8178
7995
7962
7807
7782
7752
7839
8239
7797
7822
8328
8078
8224
7896
7745
7941
7972
7947
8131
8126
7860
7764
7846
8148
7953
8234
7879
8313
8177
7798
7787
7890
8001
7992
8037
7892
8028
8144
8108
8032
7908
7904
7789
7941
7946
7865
7893
7842
7839
8286
7938
7946
7947
8135
7935
7939
7801
7788
8129
7943
7912
8262
8246
8127
8113
8021
7854
7960
8342
7891
8160
7898
8049
7869
8077
7711
7739
8268
7909
8037
8002
7912
7996
7979
8432
7988
8082
7766
8249
8329
8017
7849
8088
7953
7839
7730
7740
7850
8233
8336
7908
8041
8020
7813
7806
7998
8002
7917
8015
7842
8157
8061
7907
7879
7973
7730
7788
8440
7799
8051
7906
7967
8233
7827
7819
7897
7776
7762
8032
8283
8325
7948
8689
7870
7988
7808
7935
7787
7738
7708
7908
8038
8026
8037
7893
7869
7992
7841
8136
7939
7851
8139
8278
7847
7856
8041
7799
8073
7887
7892
7976
7877
7766
7978
8089
7907
8046
7938
8325
7914
7974
8285
7863
7997
8038
8225
8006
7979
7856
7886
7783
7906
7752
7714
7877
7942
7938
7918
7777
7930
8187
8103
7896
7740
7918
7931
7916
7994
7758
8121
8100
7834
8034
7875
8225
8442
8024
7966
8048
7821
7870
8013
7942
7633
8090
7768
7846
7980
7935
8027
7795
8043
7758
7926
7778
8040
7896
8417
7794
7960
7884
7787
7907
7999
7864
7942
7905
8308
7976
7892
7902
7783
8026
8083
8084
7986
7744
8079
8029
7993
7897
7901
7833
8112
7918
7984
7901
8034
8074
7909
7939
7758
8070
7812
7781
8107
8544
8132
8157
7965
7807
8169
8473
7825
7802
8036
7955
7923
7698
8062
7776
7880
8288
7882
7738
7877
8025
7857
7853
7909
8107
8013
8057
8319
7791
7795
7749
8005
7799
7932
7985
7791
7827
7898
7972
8037
7916
7774
7905
7828
7998
8237
7939
7996
8400
7867
8043
7926
7733
7932
8003
8150
7829
7928
7836
7877
7910
7989
8003
7767
7723
7786
7902
7937
8054
7983
7899
8171
8278
8189
7849
8387
7900
7923
7956
7736
7963
7887
7932
7928
7908
7997
7929
8244
7820
8030
8240
7836
7974
8061
7834
7787
7832
7886
8065
7872
7799
7992
7788
7786
8148
7943
7897
7979
8008
7780
7988
7885
8297
7987
7815
8114
8022
7740
7955
7923
7875
7796
7880
8063
8030
7943
7929
7831
7872
7890
8364
7871
7887
8226
7807
7744
7868
7998
8091
7954
8050
8046
7866
7815
7790
7771
7919
7860
7903
7966
7928
7814
8056
7760
7860
7866
8022
8033
7736
7885
7789
7867
8308
7947
7869
7748
8359
7858
8283
8047
7939
7746
7949
7787
8349
8043
7817
7766
7906
7936
8161
8138
7904
7905
7953
7871
8023
7795
7985
7936
8143
8197
7812
8027
7983
7773
8000
7994
7927
7842
7963
7817
8030
7894
7777
7753
7910
8128
8076
8011
7954
7754
7737
7974
8122
7834
8313
8219
8017
7988
7772
7873
8000
7991
8585
8014
7849
7843
8050
7965
7910
7832
7874
7990
7822
8024
7869
7936
8028
8057
7922
8036
7861
7804
7923
7956
7842
7796
7785
7923
7975
7776
8019
8032
7968
7793
8092
7884
7771
7907
8080
7740
8172
8021
7921
7879
7893
7931
8208
7732
8025
7914
7813
7904
8010
8119
7840
7785
7998
7887
7984
8109
7919
8035
7973
7996
8360
7953
8142
7851
8041
7940
7865
7795
8008
8230
7961
7871
8020
7926
7958
7774
7957
8267
7983
7865
8088
8418
7968
7732
7918
7826
8692
8046
7975
7910
7802
7715
7844
8040
7924
8069
8016
7905
8189
7900
7738
7821
7867
7915
7823
7727
7996
7795
7744
7976
8058
7731
7875
7792
8098
7939
8269
7824
7911
8204
7825
7896
7939
8558
8006
7776
7843
7976
7831
8254
8199
7800
8211
7932
7875
7874
8048
7710
7855
8171
8072
8011
7965
7779
7757
7935
7831
7732
7783
8120
8226
8082
7909
7861
7847
7842
7980
8412
8187
7930
7933
8003
8177
7819
8030
8078
8086
7878
8111
7906
7892
8014
8067
7895
8023
8076
7955
7856
8292
8066
8075
8152
8042
8028
8473
7802
7873
7949
7796
7707
7959
8006
7929
7973
7893
7912
7856
7818
7913
7974
8078
8234
7766
7813
7970
8404
7883
8353
7918
8014
8198
7787
7886
7969
7780
7985
8259
7822
7795
7992
7933
7766
7901
7870
7955
7872
7830
8157
7725
8078
7931
7901
8252
7969
7901
7784
7941
7928
7840
7725
7995
8272
7820
7740
7972
8147
7952
7957
8044
7820
7871
8037
7922
8196
7871
8072
8047
8186
8357
7849
7921
7920
7734
8194
7702
7815
7753
7885
8251
7974
8021
7778
7723
7825
8298
8033
7903
7985
7927
8053
7900
7699
7999
7874
7979
7952
7693
7794
7879
8022
7716
7956
7861
7884
7781
7931
7968
7927
7880
8373
8117
8040
7838
7863
7809
8255
7911
7990
7966
7818
7916
8437
7781
8151
8141
7775
7891
7930
7964
7974
7815
7855
8091
8036
7947
7874
7924
7806
7946
8020
8076
8015
8219
8209
8053
7839
8021
7877
7941
8059
7869
7800
7820
7877
7977
7882
8138
7803
7810
8704
8535
7786
7934
8011
7968
8008
7910
8079
7761
7797
7879
7871
8113
7716
7972
7884
7909
8020
7904
7976
7907
8010
8111
7904
7789
8432
8262
8457
8214
8024
7969
