209
328
227
231
59
155
316
469
609
639
237
574
855
559
628
631
616
630
628
574
794
628
590
616
631
646
635
650
545
821
634
634
628
586
644
856
539
626
638
634
635
638
597
840
590
602
618
631
627
647
605
849
580
563
599
623
635
644
857
638
636
628
282
562
580
636
875
640
632
569
636
623
661
534
875
605
625
632
630
83
359
546
547
827
632
572
568
646
579
870
825
635
629
637
636
677
418
869
574
642
626
613
627
539
859
636
628
632
634
649
564
562
801
580
654
525
619
634
642
507
816
634
563
614
630
624
647
868
637
633
640
371
533
814
606
900
578
636
634
633
636
652
848
634
626
597
633
639
691
178
827
639
572
631
571
611
633
556
856
637
641
616
638
625
618
868
566
611
628
576
630
626
643
772
629
634
633
626
632
633
630
855
635
636
572
786
517
622
885
638
627
639
634
634
633
560
857
576
558
634
628
665
228
581
838
625
636
588
636
646
646
867
637
636
635
626
586
608
591
824
512
605
633
623
649
631
582
882
585
632
632
632
639
631
858
580
387
458
791
565
576
504
834
633
639
636
626
635
592
756
715
603
584
240
559
596
592
828
739
626
530
617
618
668
610
883
635
625
592
216
553
600
577
885
630
638
632
626
633
653
827
632
597
631
592
405
111
449
421
647
467
380
516
549
465
420
498
413
579
437
459
479
379
433
447
366
460
456
612
416
469
450
327
297
437
455
473
514
537
458
454
457
458
438
435
449
403
551
401
439
453
392
464
93
379
456
410
601
430
442
459
442
446
455
446
489
409
613
300
428
454
445
453
442
240
345
367
481
558
442
452
446
392
437
453
410
591
447
451
350
429
438
403
438
442
458
604
447
454
408
436
449
444
452
450
416
591
437
446
380
438
312
410
424
445
420
602
425
452
397
463
426
377
443
436
332
519
430
440
427
438
447
344
436
518
322
587
447
448
397
432
455
82
71
375
462
571
447
446
441
442
442
449
422
393
618
360
419
456
445
447
445
453
443
447
618
440
439
454
447
446
447
443
452
457
606
414
445
450
453
443
452
448
449
54
467
436
460
437
448
442
450
447
448
470
550
447
401
455
460
448
447
445
454
463
608
443
454
446
479
61
485
448
493
327
534
367
441
446
400
447
445
431
441
440
612
446
450
461
423
454
53
337
443
413
611
400
447
447
448
451
404
443
458
508
525
451
448
452
448
447
457
47
343
490
515
449
448
449
454
465
450
451
418
601
458
449
444
448
448
441
446
447
151
457
538
476
518
371
443
448
446
448
462
574
447
401
450
446
441
451
413
445
467
600
445
440
458
333
443
444
441
448
427
546
442
445
446
411
448
447
450
448
456
600
448
448
438
448
470
48
318
448
321
517
438
448
444
442
454
287
419
478
377
577
430
446
445
449
449
90
55
132
176
528
259
405
448
409
441
450
440
404
444
616
462
443
442
443
448
454
436
470
431
596
442
380
414
448
437
465
432
539
261
65
49
49
146
392
523
415
455
443
411
451
451
385
443
365
569
453
446
388
443
447
451
456
393
343
588
452
453
228
448
369
604
405
451
534
522
418
444
447
417
449
448
396
462
544
442
449
458
444
437
437
450
270
389
607
445
452
451
455
455
454
443
453
453
607
409
450
451
455
451
461
448
453
455
595
446
447
450
454
448
458
449
452
374
589
454
452
409
454
445
453
449
498
398
607
413
497
311
571
452
449
451
461
466
537
449
445
453
452
406
446
451
470
615
450
446
450
459
461
242
433
449
454
608
450
431
463
447
453
447
450
409
468
602
454
452
452
453
453
433
427
433
463
600
405
451
451
452
458
447
457
450
465
564
448
459
455
451
449
446
445
498
399
608
594
458
454
446
448
446
455
456
541
532
408
455
449
450
449
448
452
471
604
452
102
442
451
377
447
452
456
463
554
447
429
453
407
452
454
455
459
469
602
454
395
454
453
63
428
446
450
467
604
456
438
451
440
452
448
292
434
421
609
453
391
445
453
453
430
393
570
461
605
432
448
451
360
439
448
390
449
374
588
450
450
439
392
442
446
195
430
553
513
447
447
450
388
441
446
410
467
585
424
389
447
443
447
443
442
448
468
414
590
488
51
375
452
434
442
449
462
578
441
452
385
452
449
444
465
453
465
566
453
462
449
449
517
302
551
456
418
608
451
454
452
446
404
438
447
501
395
611
452
449
455
452
450
454
481
352
434
613
447
451
459
446
451
449
408
465
545
531
447
454
448
447
444
452
157
442
600
453
441
452
464
451
493
