6884
6684
6729
6709
6699
6898
8939
8982
8913
9480
6644
6928
6756
8955
8937
8923
9322
9126
9115
8959
7136
7021
6791
6829
6804
7089
6621
6843
6997
6660
8868
6713
6750
6748
6786
6837
6696
6843
7021
6681
6838
6764
6845
9657
9027
6881
6762
6664
6695
6803
7262
6755
6921
7006
6709
6713
7115
6683
7043
8966
6792
9022
9197
6852
6705
9093
9019
9165
6782
6879
9039
8995
9117
9172
8885
8973
8945
9045
6708
7271
6689
6746
6685
9183
8916
7154
6679
8962
9227
6647
8984
9471
7134
6811
9047
9134
9355
6815
6976
6596
6756
6797
8761
9171
9096
8903
6774
9058
8944
9076
9373
6734
6659
6747
9300
8930
6725
6730
9050
8878
9028
6715
6837
8904
8868
8926
9055
6835
7145
9287
8941
8923
9161
7006
6768
6762
9921
9085
8885
9105
9650
9168
9256
6775
6825
9120
9026
8974
6781
6792
8937
9076
6737
6940
8972
6675
6879
9094
7101
6791
8934
8871
6749
8940
6945
9388
8954
6676
6651
6682
9874
8840
6660
8891
8937
6639
8986
8851
6891
6746
9233
6740
6822
9456
8982
6795
6859
9074
9006
9076
6608
6677
6712
9054
9766
8908
9428
6877
6733
6964
9431
9145
6819
6768
9170
9052
8853
6812
8904
9227
6877
7126
6747
9441
8941
6851
6807
6708
8938
9143
8959
9395
9009
6712
6632
9147
9404
8879
6774
6792
9529
9051
8889
6843
8956
9111
9278
6936
6720
9008
9028
7073
6660
8996
8953
6877
8917
8953
9060
6915
6712
9013
8963
6702
9568
8898
6861
8934
6828
6936
9017
9270
6707
6740
6734
7075
8957
8929
6706
6720
9398
9038
9111
7038
6767
9217
8937
9185
6785
9214
9184
8908
9132
8971
6843
6808
9040
9161
9251
6761
6726
9058
9051
6797
6616
8959
8913
9068
9415
9165
7021
9607
9317
6648
6926
8969
9526
9166
6930
6753
8929
9086
6710
6998
8971
8978
6991
6698
9020
8889
9275
6707
8939
6780
7260
8979
9139
6708
9394
6634
6645
6903
8979
6849
9153
8901
6834
9002
6990
9098
6784
6783
8945
9004
6738
9711
6788
7686
9135
8937
9209
6809
6720
9690
9053
6887
6823
9230
8978
6651
9296
9237
9042
7040
6911
9323
8952
9054
6767
6712
8984
9567
6709
9038
7050
9111
9408
7063
7026
9163
8863
6892
6860
9076
9461
7072
6928
8994
9014
6635
9102
6737
8833
6636
9074
8965
6836
6955
9021
8932
6617
9001
9147
6763
9303
9220
6679
7096
8940
6804
9112
6847
6790
9112
6919
6807
6771
9009
6714
6781
8952
6823
8966
8990
6656
9157
6722
9019
9229
8965
6851
9115
8892
9020
9586
6864
6819
8888
6766
9001
9008
6700
9289
6819
6953
6738
9023
6625
6719
9134
9014
6789
8903
8862
6567
9083
8988
9519
7062
9320
9361
7033
9245
8992
8937
6836
6945
6822
9735
7211
6739
8986
9017
6724
8935
6679
6973
9027
6764
9362
6760
6733
8948
8927
7020
6866
8970
8902
6699
7163
8946
8981
9256
6651
6928
8995
9007
9751
6707
6590
6866
8896
9216
6649
6702
8967
6838
7010
9138
6649
6662
9110
8995
8895
6819
9626
9250
8884
8988
6877
9054
9491
8885
9030
6912
9089
8910
8994
6796
6721
9005
6624
6622
9258
6717
9413
9183
9125
6752
6979
9078
9140
6904
8925
9572
6810
8959
8993
9092
8898
6805
6679
8943
9018
9190
7249
9086
8929
9015
6750
6683
6800
6927
9086
9423
6778
6687
6722
8903
8839
9088
6985
9026
9369
6847
6687
9572
9369
8921
6809
6709
6684
7058
8524
9044
6763
6872
9093
8942
9121
8935
8979
6738
6632
9170
8896
6728
6810
9100
8964
8917
9054
9343
9708
6863
6951
9207
8804
6675
9047
8976
8967
7207
8802
8912
6707
6710
6746
9183
9075
9881
6672
6769
9318
9218
9046
6691
9146
9430
6634
6659
8948
6736
6810
9065
9115
7030
6749
8894
8856
6718
6975
6660
9199
8953
6664
6866
8939
8773
6696
6921
9736
8942
6867
7014
9144
6784
7022
6716
9725
9807
6609
6759
9164
8939
6717
6682
9109
8812
6797
6694
8957
9164
9213
6811
9022
8982
8933
7281
9055
8930
8859
8896
6624
6799
8990
6731
6684
9066
9107
6766
6702
7211
6765
9466
9273
9121
6793
6686
6793
9054
7273
6815
6681
6749
8988
8897
9195
6939
6650
6695
9001
9166
6683
6712
8972
6848
7458
9725
8883
6824
7043
9023
6721
6727
9000
9022
6714
6628
9161
9115
6703
9082
9415
6738
7358
6664
8806
6800
9121
9089
6823
8995
9207
9093
6816
6667
9032
8925
6843
6793
7076
9460
9047
6880
9023
8895
6780
6874
9264
8979
8895
8949
6618
6746
6979
9573
8935
8859
8964
8990
6840
6764
8927
6763
6633
6819
9110
9150
6762
7016
6774
6789
8946
6813
6930
9046
6661
6722
6701
6681
9618
8931
6966
6753
9027
9017
6768
6686
7097
7215
7090
6792
6804
7004
7053
6782
8930
9033
8839
8996
8983
9343
9035
9182
8948
9291
9073
6776
6757
7173
7028
9165
8949
9117
8925
9436
6752
6645
6736
9048
9034
9148
9227
7045
6751
6684
6662
8944
8987
8951
8968
6723
6811
9055
9595
8990
9443
9234
6764
9111
8963
8968
6740
6722
6771
6720
6611
9109
9552
8947
6656
6702
6597
6741
6749
6691
9389
8933
9134
9107
9201
9151
9119
6743
6726
6711
6900
9035
9050
9642
8941
7335
6990
6716
6633
6727
8914
8892
6710
6920
6820
6699
9727
8910
9097
6659
9014
6763
6676
9050
9478
6679
6873
6803
6777
9047
9481
6820
9564
9358
8935
9598
8831
6794
6780
7059
9418
9001
6653
6714
8985
9401
6760
8996
8928
6757
9168
9207
6855
6710
8960
6896
6684
8976
9018
9577
6730
6760
8860
8974
6694
8954
9064
8906
9039
9188
7207
6715
9447
9029
6787
9103
8887
6790
9067
6959
6754
9203
8844
6609
6636
6690
9837
9075
6844
6918
9139
9614
6661
8988
8803
7200
6679
8980
8930
8880
6679
6707
9103
8861
6658
6679
9165
8855
6742
6650
9020
6722
6743
6775
6700
9306
8884
6889
6798
6779
8929
6688
6786
