45263
44537
44740
44608
45062
44474
44442
44982
44826
45355
44553
45436
44848
45275
45062
44339
44146
45144
44956
45142
45223
44673
44563
45279
45149
44571
44681
45084
44461
45072
44475
44793
45085
45909
45719
44804
45114
45070
45200
44698
45162
45436
44492
44741
45114
44863
45006
45428
45171
45082
45064
44975
45142
45018
46797
45921
45492
45129
44275
44918
45629
45040
44835
44677
45188
44802
44678
44762
44562
44367
44670
45053
45778
44608
45724
45868
45127
45034
43997
45085
44754
44583
44969
44668
44711
44277
45242
44948
44698
44876
44737
45213
45596
45018
45259
45829
44836
44950
44322
45036
44415
44622
46704
45134
45940
44839
45011
44944
44530
44718
44792
44723
44799
44607
44453
44701
44545
45235
45099
44457
45144
44429
45146
45079
44486
45172
45180
45624
44590
44608
44696
45055
44985
45051
44974
45123
46377
44764
44737
44975
45101
44883
44515
44553
44618
45087
45239
45148
45267
45058
45735
45180
44609
45109
44556
45040
45095
44656
45141
44638
45851
44811
44475
44141
44541
45800
45156
44596
44111
44852
44972
44615
46202
45842
45365
44687
45053
44772
45144
45054
44981
45054
45090
45197
45122
45285
44477
46558
45203
45961
45387
44544
44575
45249
44642
44989
44607
44578
44567
45290
45045
44807
44453
44732
44629
44614
45076
44787
45132
44724
45576
45062
45474
45080
44687
46287
46314
44975
44999
45476
45002
45951
44957
44903
44610
45928
44755
44483
45953
46185
44724
45101
44937
45146
44517
44449
44050
45154
46041
44995
44780
44559
44588
44943
45160
44441
45135
44761
45638
43977
45099
45033
46620
44630
44734
45893
44695
44487
45276
45097
45884
45967
44753
44552
44314
44170
44360
44602
44479
45719
44786
45189
45074
45427
44719
45101
44769
44673
44643
45129
44885
45077
45399
46629
45086
44596
44759
45204
44599
45182
44997
44726
45225
44868
44771
45302
44670
45146
45078
45657
46553
44674
44755
45099
44670
45106
44681
44764
45114
44971
44972
44954
44930
44942
44695
46847
45141
44544
45189
45175
45069
45783
45891
46013
45626
45059
44626
44546
45090
44688
45030
44628
44414
45048
45269
44340
45039
44955
44469
44765
44398
44824
44047
44675
44914
44508
44675
46014
45178
45104
45173
45086
45284
44692
44842
44848
45064
45069
45889
45112
45922
45331
45619
44483
44260
44720
45065
44981
44955
44600
45025
45666
44466
44543
44587
45827
44640
44784
45366
47197
44654
45186
44529
44671
44557
44783
45518
45703
44513
44925
45089
44799
45046
44576
45023
45271
44582
44557
44794
45009
44087
44746
45272
44744
44551
44449
45335
45010
44726
45470
45939
45139
44607
44550
45222
44709
46670
46248
44689
44506
44524
45029
45185
44735
45134
44638
44772
44564
44641
44955
44981
44903
44478
45093
44444
44671
44954
44446
45071
46504
45514
45148
44644
45008
45281
44655
45066
46397
44562
46317
45765
44528
46300
43495
44589
44835
44453
45160
44525
44163
46023
44831
45198
44502
45314
45092
44770
44590
45045
45108
45076
44483
44739
44957
44753
44687
44762
45022
44698
44418
45378
46548
45103
45784
44518
44590
45069
45079
44967
46249
44508
44603
45288
44714
45311
44719
44432
45217
45568
44543
45166
45862
45143
44558
45277
44474
45562
44662
44553
44806
44420
45088
44441
45796
44989
44662
45120
44691
44531
50005
44088
44687
44417
44690
45847
45799
45074
44572
44700
44715
46441
45035
44538
45917
45814
45917
45072
45031
44692
45216
44461
45177
45071
46476
45779
45045
45095
45045
44723
44700
44617
45844
45188
45963
44533
44328
44439
45089
45121
45957
45052
44955
45188
45957
44594
45909
44902
45220
44438
45733
46230
45713
44632
45135
44575
44572
44512
45241
44760
44523
44685
45099
45106
45422
45218
45180
45246
44664
44996
44246
44515
44527
45118
44654
44785
44705
44498
44593
45124
44581
44694
44725
45063
44439
45055
46271
46310
44589
44722
45146
44615
45158
45048
45626
45071
45106
45238
45169
44960
44931
45781
45024
46190
44608
45307
44534
45763
44469
45421
44421
44726
44993
44592
44474
45121
44514
44773
45055
44600
44496
45612
45166
45599
44513
45090
45064
44694
44449
46203
46164
45478
45077
45040
44982
45260
45106
45817
44667
44812
45109
45080
44485
44420
45435
45196
45090
45100
45095
45279
44813
44717
44921
45347
45272
44883
44947
44741
45021
44845
45621
44618
44577
45202
45316
45219
45099
46651
45781
44541
44611
44731
45069
45425
44239
45073
44530
44723
45717
44681
45012
46439
45023
45174
44482
45327
44521
45190
45170
44548
44680
43551
44097
45157
44610
44731
44908
44728
44201
45111
45039
44674
45000
45932
44637
44462
45691
45298
44815
45016
45172
45031
45014
45014
45824
45130
44575
45110
45521
44596
46425
44717
44572
44702
45094
46819
44996
45021
44817
45058
45234
45198
44671
45127
45714
46277
45263
44980
45006
44565
44955
45221
44200
45037
45731
44682
44346
45073
44195
44453
45345
45549
45119
44946
46150
45906
44572
45248
44473
44996
46086
46230
44986
45352
44744
45806
45132
44587
45777
44889
45178
44241
44889
44909
44627
44631
45212
44677
44683
45188
44435
44387
44720
45135
44638
44395
45181
44649
44759
45148
44672
45065
46044
44721
44382
46566
45739
44946
44443
44099
44880
44614
44986
44945
45008
44985
44496
46263
45194
44678
44627
45093
44961
44523
44851
44637
44449
45037
45719
44499
44584
45201
45013
45165
45928
45296
45005
44567
44573
44468
46306
45085
44589
44716
44525
44591
45301
45511
45122
44712
44987
45097
44941
43903
44874
44373
45411
44584
45251
45128
45043
45020
46186
45700
44874
45045
45169
44528
44620
44896
44430
44528
44968
45505
45131
45046
44587
44478
44548
43133
44522
44779
44974
44400
44724
45156
45179
45042
44611
45527
45133
46055
46225
45851
44202
45105
45205
46300
46337
45629
45791
45215
45446
44560
44800
44505
45078
44710
44562
44812
45237
44714
45030
44539
44987
45832
44443
46308
45047
44877
45749
45973
45173
46341
45162
45010
44866
45341
45818
44508
44805
45058
45014
45160
45291
44484
45211
45302
45153
44693
44722
45011
44847
45568
45125
44959
45036
46365
45065
44932
44748
46365
44689
45200
45280
45041
45062
45179
44994
45236
46464
44974
46442
44953
44523
44676
45210
46600
44473
45099
44249
45009
45048
45092
44330
46191
45859
45651
44702
44689
44624
45394
44690
44766
44861
45074
44896
45000
46830
44691
44995
