44548
44390
44839
44921
44332
44445
44938
46213
44255
46229
44901
44412
44453
44925
46086
44866
44701
45186
44801
44834
44611
44322
44445
44771
44625
44137
44433
44744
44925
44861
44647
44861
44482
45075
44890
46614
44648
44827
45176
44568
45594
44715
44715
44911
44972
44375
45547
44533
46670
44802
44622
45718
44843
45457
45662
44708
44900
44838
44960
44873
44915
44312
46601
45479
44537
44343
44457
44799
44800
44426
44882
45370
44281
44389
44907
44462
44531
44797
44391
45587
44885
44526
44821
44868
44494
46038
44925
44274
44900
44253
44829
44752
44738
44936
44562
44865
44861
44398
45636
45079
44599
44290
45016
44422
44760
44302
44851
44569
44661
45551
44976
45529
44871
44621
46603
46570
44548
44513
45684
44679
44304
44303
44392
44736
44895
44519
44484
45515
44733
44816
44340
44926
44687
44865
44222
44316
44660
44311
44953
44248
44361
44190
45004
44309
45033
44776
44520
46514
44362
44482
44895
45938
45396
44270
45088
44261
44842
44905
44906
44794
45391
45721
45121
45789
44921
44435
44618
44807
44696
44513
45742
44971
44547
45700
45100
44965
44708
44902
44473
44814
44335
45012
44802
45527
44447
44716
44718
45749
45053
44792
44268
45148
46054
44872
45422
45723
44384
45604
44560
44747
44670
44476
45339
44987
44624
45649
44869
45608
46259
44898
44475
44489
44379
46499
44933
44372
44337
44265
45141
46034
44151
44912
44302
44809
44947
44404
44339
45195
44373
44259
45148
44689
45425
44882
44914
46168
45743
44666
44898
44294
44477
45067
44886
44579
44916
44790
45630
44489
44511
44387
44434
44791
44565
44458
44429
44711
44632
44926
44963
45353
44209
44368
44584
44807
44528
44823
44793
44325
44317
44525
44967
44251
46335
44335
45659
44593
44776
44952
44244
44455
44562
44436
44341
44411
44402
44883
44416
44780
44893
43935
44950
44888
44364
45497
44779
44782
44826
44813
45587
45843
44630
44870
44408
44910
46391
44281
44394
44437
44632
44450
45109
45978
44834
45049
45679
44890
44230
44885
44772
44386
44182
44340
46037
44435
44776
44525
45793
44983
45037
44657
45052
44068
46495
44620
46415
44876
45563
44355
45281
44862
44907
44395
44821
46441
46493
44722
44893
44586
44668
44965
44925
44926
44929
45764
44924
44849
44472
45456
45720
44299
44934
44474
46173
45566
46215
44671
44918
45662
44580
44555
45245
44933
44857
44569
44784
45053
45080
44825
44937
44832
46211
45915
44934
44290
44298
45344
44603
46405
44569
44360
44794
44383
44355
44895
44337
44390
44957
45365
44794
44773
44835
44904
44478
44914
45136
44406
44824
46295
44723
44914
44844
46130
44437
44814
44725
45040
46115
44948
45120
46068
45103
45068
44925
44927
44153
44842
44783
44819
44592
44471
45591
44561
44805
44942
44314
44522
44423
44487
45645
44919
44874
44562
44809
44318
45052
44471
45065
44460
44948
45098
44416
44909
45763
45035
44410
44533
44834
44812
44733
44772
46279
44795
45116
44324
44966
45018
44256
44459
44932
44474
46543
44830
45140
44486
45762
44823
45756
44445
46537
45025
44747
44285
45090
44716
44375
45085
44800
44470
44572
44765
44463
44788
44440
44840
44393
45747
44948
45717
45149
45005
44429
45001
45852
46110
44973
44977
45738
45337
44362
44848
44990
44887
44940
44930
44347
45590
44260
44189
44473
44702
44663
44896
44428
44660
44293
44634
45685
44406
44869
44730
44953
44455
44432
46339
46064
44920
45257
44106
44280
44425
44812
44212
44342
46078
44552
44814
44981
45011
44440
44421
44545
44920
44507
44798
45528
44823
44797
44787
44931
44874
45224
44752
44267
44335
44934
45002
44789
44363
44744
44654
44826
44440
44521
44601
44763
44920
45008
44899
44348
45007
44760
44720
44469
44719
44971
44717
45230
44425
44945
44440
45827
44476
44906
45224
45557
45032
44265
44418
45181
44931
44516
44543
44464
44873
45084
44542
44461
44392
44478
45018
44888
45874
44259
44767
44736
44558
44540
46218
44421
45132
44449
44891
44473
44509
44693
44860
45583
45295
45632
45767
44894
44994
45000
45140
44504
44972
45023
44776
44692
44954
44442
45428
44466
45033
44127
44882
45091
44939
44562
44913
45080
44470
44418
45082
45370
44574
45015
44564
44822
44924
44460
45992
44934
45298
45948
44839
44488
44814
44277
44851
44300
45878
44929
45166
45003
45697
44945
44285
46174
44654
45049
45172
44561
45576
44897
44376
46210
44762
44349
44329
44769
44481
44499
44933
44582
44351
45717
44554
45154
44334
44778
45127
45138
44519
44475
45385
44885
45279
44942
44620
45952
44808
44795
44787
45037
44568
44367
43981
44320
44997
45637
44884
44629
44438
44601
44419
44907
44923
45345
45499
44967
44384
45723
46144
44378
45291
44621
44632
44969
44401
45127
44902
44579
44442
45123
45101
44707
44537
44967
46005
44347
44842
44457
45937
44171
44913
46012
44871
44441
44770
45013
44806
45044
44840
44597
45433
44926
44153
44753
44853
44632
43663
44824
44955
46082
45010
44209
45040
45019
44485
45011
46155
46188
44867
44359
44690
44329
44442
44448
44325
45526
44298
45110
44815
45934
44650
44444
46722
44215
45055
44289
45023
45001
45438
44985
44588
44889
44821
44960
44523
44861
44812
44434
44983
44895
44349
45643
46798
44816
44362
44722
44363
46288
44821
44310
46346
44718
44599
44845
44620
44927
45149
45007
44363
45208
44747
45029
45335
46067
44435
45095
45087
45237
44662
44553
45820
44576
45053
44380
45034
44985
46399
44979
44895
45007
45022
45124
45035
44585
46198
44437
44781
44474
45718
45986
45739
44357
44540
44370
45001
44829
44465
44455
44723
44459
45015
44688
45322
45116
44787
45054
44347
45577
44966
45100
44590
45149
45938
44885
45148
45185
44940
44325
45028
46185
45033
44421
44707
45269
44570
44590
44980
45113
45730
44993
44922
45597
45052
45069
44528
44491
45199
45414
45052
44631
45179
45121
45083
44621
44711
44432
45180
46584
46726
44366
44372
46296
44688
45047
45274
44935
45166
45057
44838
44624
44559
44788
44973
44610
44359
44908
44591
45114
45051
46240
45203
44897
45062
44900
45822
44024
44512
44933
45061
45079
44996
46544
45056
45569
44391
44314
44754
45145
45098
45313
44963
45147
45095
45004
46237
44331
45893
45126
46418
45044
44880
45960
46034
45015
46167
44576
44650
44975
45113
44974
45475
45106
45302
44615
45326
44923
44714
44732
44433
45976
46141
45224
44581
44517
46084
