8010
7860
7861
7864
7859
7858
7753
8012
8001
7797
7916
7985
7841
7985
8308
7985
7970
7755
7890
7873
7825
7806
7972
7726
8088
7737
7861
7757
7960
8007
8262
7782
7934
7997
7968
8122
8202
7866
7790
8031
7781
7800
7731
7815
7851
8023
7715
7921
7783
7794
8004
8074
8071
7974
7714
8076
7986
7783
7962
7756
7807
8121
7807
8101
7842
8152
8071
7941
7924
7811
7921
7932
8168
7796
7939
8009
7956
7834
8203
7758
7991
8208
8269
8106
7757
7947
8153
7932
7849
7747
7884
8308
7995
7979
7841
8116
8048
7789
7758
8080
8009
7919
7894
7935
7802
7952
7931
7759
7807
7884
8038
8300
8082
8120
7802
7828
7904
7883
7839
7796
7929
8043
7831
7922
7794
7808
7873
8079
7965
8036
7784
7805
7940
8442
8113
8353
7798
7791
7694
8290
7886
7973
8025
7975
7892
8399
7948
7774
7882
7878
7821
8075
8326
7960
7783
8078
7897
7786
8090
7767
7781
7814
8007
8317
8010
7812
7826
7823
8042
8248
8026
7722
7859
8047
7852
7979
7806
7808
7907
7923
8019
7935
7764
7994
7954
7889
7908
7817
7915
7730
8270
7770
7892
8522
8377
7763
7874
8000
8075
8379
8390
7969
8356
7881
7741
7991
8271
8050
8091
8019
7950
7801
8040
7856
7976
7834
7908
7748
7960
8014
8011
7938
7909
8103
8388
7905
8240
7744
7825
7768
7900
7864
7970
7813
7917
7997
8086
7757
7930
7781
7886
8100
7839
7819
7952
7912
7674
7918
8021
7810
7785
8016
7889
7956
8245
7837
8017
8001
7737
7967
7977
7804
7857
7943
8222
7695
7928
7996
8027
7955
8178
8249
7972
7818
7862
7878
7982
7881
7876
7861
7701
7704
7869
7709
8459
8051
8042
7854
7709
7958
8058
7998
7895
7801
8075
8151
7835
7766
7705
8083
7855
7960
7823
8297
8243
7944
8100
8013
8381
7856
7987
7771
8051
8233
7742
7720
7748
7731
8093
7665
7766
8088
8183
7870
8137
8015
7991
7876
7773
7906
7988
8349
7967
7997
7826
8217
7782
8153
8089
7888
8055
7952
7880
8534
8402
7955
7937
7850
7911
7912
8273
7771
8191
8273
8397
7912
7853
7899
7833
7905
7892
8149
7989
7799
7673
8059
8145
7962
8071
7994
7971
8070
8093
7997
7768
8037
8064
7915
8154
8046
8051
7971
7876
7880
7802
7966
7873
7803
8012
7862
7780
7797
7796
7853
8004
7985
8137
7773
7816
7809
7952
8264
7767
8048
7840
7859
7953
7984
7790
8047
7969
8025
7911
7880
7722
7743
8322
7844
8089
7761
7918
7840
8263
8009
7724
8355
7960
7739
8288
7912
8229
7988
7766
7897
7776
8064
7748
7997
7937
7795
8128
8001
8299
7737
7819
7829
7851
7868
7904
7869
7824
8033
7853
7775
7753
7926
7820
7768
7904
7816
7879
7987
7773
8237
8449
7842
7859
7868
7799
7947
7776
8009
7778
7942
7825
8016
8171
8012
7886
7975
7917
7765
7731
7907
8003
8016
7732
7732
7814
7727
8043
7686
7839
7885
7906
7762
7811
8842
7865
7766
7725
7982
7740
7975
8236
7840
8537
7902
7723
7821
8342
8325
7813
8155
8191
8258
7773
8197
8053
7837
7986
7918
7742
8114
7872
8019
8064
7865
8176
7741
7813
7849
7789
8026
8090
7718
7728
8191
7775
7857
7798
7895
8001
7956
8033
8129
8569
7735
7741
7925
8564
7814
7685
7850
8098
7973
7726
7997
7798
7902
7732
7717
7735
7747
8119
7717
7825
8252
7892
7957
7881
8271
8204
7916
7976
7972
7851
7692
7793
7802
8195
8031
7916
7916
7819
7921
7869
7863
8211
7771
7721
7985
7871
7896
7973
7949
8083
7820
8155
7749
7746
7928
8181
7924
8253
7845
8013
8030
8099
8079
7948
7992
7841
7791
7847
7906
7715
7945
7709
7863
7770
7866
7940
7806
7954
8137
7769
7816
7894
7816
8203
8022
7721
7909
7831
7844
7955
7944
7906
8103
7972
8282
8433
8232
7728
7765
7792
7836
7879
7883
8122
7885
7961
7974
7752
7780
7868
7953
7716
7899
8021
8051
7820
8004
8066
7773
7919
7875
7783
7983
8076
7975
7761
7923
7882
7750
7799
8228
8416
8194
7981
8219
8196
8064
8026
8627
7807
7948
8288
7699
8307
7890
7822
8054
7904
7789
7787
7859
7832
7848
8031
7964
7783
7950
7798
7910
7974
7712
7742
7825
8058
7946
8209
8109
7822
8391
8115
7703
7795
8077
7943
7897
8446
7758
7730
7846
7835
7940
7720
7936
7859
7741
7777
8002
7761
7785
8056
8120
7764
8132
7964
8148
7781
8263
7846
8325
8066
7921
8086
7792
8172
7843
7723
7927
7873
7921
7873
8032
7924
8313
8162
8353
7926
7890
8029
7963
7777
7878
8169
7760
7956
7768
7812
7798
7790
7972
8235
7996
7915
7789
7773
7955
7913
7799
7791
8096
7800
7832
7708
7861
8110
8169
8105
7990
7938
7867
7832
7814
7905
8148
7817
8001
8195
8254
7962
7995
7784
7780
8464
7960
7893
7911
7777
7681
8139
7732
7902
8269
8072
8177
7854
7931
8140
8011
7785
7699
8147
8310
8497
7909
8132
7796
7783
7781
7801
7805
7974
7879
8018
7784
8008
7989
7888
7983
7854
8197
8103
8009
8018
7966
7944
8236
7872
7997
8215
7950
7842
8161
8272
7846
8001
7938
7813
7795
7987
7784
8547
7952
8026
8639
8140
7864
7913
7911
7980
8015
8110
8022
8145
8119
8166
7689
7726
8083
7953
8049
8048
7912
7750
7992
8010
7781
7969
7926
7797
8287
8168
7808
7820
7797
7766
7982
8040
7911
7818
7959
7775
7813
7987
7804
7823
7855
8100
7944
7787
7994
8021
7956
7867
7882
8035
7831
7857
7924
8021
8007
7956
7963
7971
7858
7989
8591
8334
7976
8028
7950
8401
7907
7991
8108
7753
7902
8114
7942
7785
7885
8483
7760
7982
7791
7974
7881
7749
8010
7833
7838
8145
7882
7913
8005
7786
8025
7797
8049
7825
7784
7750
7956
7884
7922
8103
7846
8198
7844
7898
7770
7729
7943
7903
7755
8038
7873
7878
8000
7836
8095
7823
7919
7735
7889
8387
8134
8235
8029
8098
8075
8301
8097
8179
7839
