139
289
283
222
2485
4020
3933
3883
4206
3745
4051
3996
3875
4184
3681
4384
4192
3725
4134
3959
3862
4177
3666
4169
4007
3227
4062
3602
3305
3301
3378
3306
3249
3358
3250
3437
3201
3511
3328
3595
3135
3455
3181
3537
3140
3498
3127
3381
3095
3515
3129
3631
3452
3228
3361
3239
3226
3200
3371
3237
3358
3193
3352
3231
3486
3215
3458
3124
3522
3131
3383
3080
3478
3128
3468
3082
3457
3439
3427
3121
3400
3070
3504
3348
3228
3327
3066
3316
3231
3367
3386
3375
3214
3498
2757
3489
3066
3555
3125
3508
3184
41
747
3725
3257
3551
3130
3467
3138
3325
3384
3262
3376
3185
3382
3263
3392
3574
3514
3163
3548
3198
3480
3162
3563
3116
3530
3089
3558
3459
3435
3387
3176
3204
3376
3242
3528
3335
3232
3556
3185
3513
3467
3486
3155
3524
3151
3460
3146
3521
3159
3518
3088
3427
3422
3545
3374
2998
3388
3198
3386
3241
3453
2728
3448
3132
3515
3093
3422
3607
3513
3114
3466
3043
3527
3124
3500
3360
3205
3366
3221
3618
3064
3391
3198
3352
3215
3472
3165
3551
3200
3523
3118
3479
3306
3557
3136
3507
3161
3501
3149
3512
3341
3236
3410
3138
3383
3327
3370
3181
3524
3209
3489
3156
3523
3195
3537
3090
3511
3338
3625
2980
3492
3175
3439
3377
3189
3403
3207
3346
3245
3324
3245
3448
3350
3221
3191
3559
3145
3527
3100
3535
3104
3404
3118
3428
3214
3531
3127
3499
3071
3533
3350
3196
3353
3193
3372
3248
3391
3405
3450
3106
3492
3122
3498
3072
3541
2999
3496
3171
3484
3316
3570
3145
3555
3331
3213
3392
3227
3169
3183
3432
3261
3381
3215
3556
3341
3384
3166
3542
3202
3595
3488
3584
3055
3525
3153
3613
3492
3202
3374
3261
3380
3254
3351
3324
3293
3103
3506
3141
3516
3321
3539
3184
3483
3151
3499
3133
3499
3085
3587
3379
2822
3426
3476
3372
3243
3421
3209
3454
3118
3498
3145
3480
3091
3515
3479
3544
3132
3475
3143
3478
3138
3509
3072
3466
3368
3193
3366
3507
3428
3228
3357
3244
3344
3178
3494
3163
3535
3120
3496
3135
3498
3249
3466
3131
3526
3162
3510
3085
3508
3135
3489
3104
3470
3663
3240
3366
3021
2796
3223
3386
3185
3454
3176
3468
3150
3490
3433
3528
3131
3503
3166
3449
3135
3514
3160
3534
3282
3096
3369
3501
3274
3131
3249
3238
3323
3017
3453
2918
3365
3159
3631
3327
3585
3131
3460
3135
3527
3123
3538
3316
2714
3344
3188
3358
3391
3415
3221
3371
3214
3426
3060
3495
3134
3527
3066
3449
3141
3687
3164
3466
3118
3511
3195
3510
3060
3499
3196
3092
3163
3313
3449
3457
3374
3175
3362
3242
3393
3186
3488
3054
3463
3120
3495
3391
3577
3127
3507
3096
3525
3150
3457
3124
3482
3361
3135
3369
3513
3349
3246
3385
3243
3513
3134
3493
3151
3528
3122
3470
3135
3506
3451
3508
3085
3510
3156
3527
3124
3458
3401
3158
3365
3234
3640
3226
3363
3236
3404
3059
3514
3135
3517
3126
3499
3136
3528
3270
3466
3127
3540
3104
3509
3089
3505
3150
3440
3122
3349
3436
3405
3368
3156
3363
3227
3391
3237
3439
3147
3486
3136
3398
3392
3523
3161
3508
3141
3442
3169
3509
2993
3518
3099
3309
3367
3510
3407
3164
3385
3296
3254
3470
3433
3169
3491
3157
3497
3075
3498
3156
3503
3136
3461
3122
3528
3131
3513
3074
3328
3371
3208
3688
3180
3389
3236
3368
3226
3327
3237
3347
3202
3470
3126
3510
3432
3537
3158
3488
3138
3505
3141
3474
3121
3456
3121
3533
3376
3414
3272
3236
3360
3247
3333
3229
3526
3042
3480
3073
3498
3163
3519
3306
3396
3059
3513
3113
3509
3083
3535
3119
3514
3370
3169
3584
3229
3416
3219
3186
3206
3371
3174
3330
3119
3512
3171
3494
3261
3495
3145
3508
3154
3478
3133
3512
3123
3495
2394
3495
3667
3204
3366
3025
3352
3191
3363
3235
3337
3236
3490
3170
3512
3437
3414
3134
3523
3126
3456
3130
3505
3174
3478
3095
3522
3143
3727
3359
3062
3052
3388
3346
3218
3413
3181
3456
3150
3501
3192
3372
3237
3512
3125
3459
3123
3508
3139
3535
3085
3514
3358
3172
3524
3189
3432
3144
3334
3230
3301
3243
3503
3115
3523
3086
3500
3346
3502
3136
3500
3092
3522
3133
3273
3093
3474
3163
3485
3216
3628
3362
3241
3374
3158
3359
3237
3269
3163
3426
3171
3504
3441
3530
3086
3539
3140
3523
3129
3462
3211
3299
3099
3487
3367
3541
3411
3211
3324
3193
3370
3241
3374
3141
3462
3155
3497
3172
3409
3699
3515
3123
3440
3162
3507
3135
3522
3103
3435
3364
3234
3443
3354
3376
3235
3357
3050
3370
3234
3083
3118
3465
3132
3505
3328
3495
3071
3501
3158
3462
3128
3359
3126
3532
3127
3437
3245
3604
3341
3235
3354
3185
3346
3243
3383
3257
3430
3016
3498
3294
3589
3084
3505
3118
3538
3130
3466
3123
3512
3158
3530
3085
3671
3461
3186
3368
3142
3371
3240
3367
3206
2812
3201
3490
3169
3419
3632
3494
3126
3510
3162
3456
3167
3547
3144
3500
3078
3577
3462
3159
3394
3161
3370
3194
3373
3193
3326
3260
3422
3213
3520
79
57
2403
3176
3429
3395
3319
3305
3274
3410
3289
3496
3416
3558
3183
3553
3127
3561
3168
3580
3197
3494
3181
3383
3588
3284
3386
3228
3415
3282
3500
3216
3535
3204
3567
3127
3705
3256
3541
3159
3500
3173
3572
3400
3270
3333
3012
3396
3268
3730
3214
3538
3176
3545
3198
3250
3168
3568
3205
3549
3097
3740
3228
3328
3160
3409
3440
3097
3368
3128
3391
3231
3402
3260
3487
3333
3537
3165
3487
3117
3560
3162
3613
2999
3474
3025
3471
3432
3629
3346
3271
3396
3260
3526
3162
3553
3199
3536
3203
3449
3290
3534
3174
3511
3158
3506
3183
3487
3354
3261
3412
3272
3379
3212
3382
3251
3543
3178
3490
3172
3523
3178
3519
3312
