7900
7808
7836
7727
7801
8077
8167
8105
7885
7991
7869
7940
8017
8045
7759
7918
7760
7931
8040
7933
7649
7995
7901
8236
7906
8025
8045
7824
7789
8141
7936
8104
7938
7867
8116
8072
7804
8064
7841
8168
8041
8042
7834
7775
7715
7738
7715
7762
7857
8019
8217
7886
8066
7816
7670
7758
7768
7829
7997
7871
7961
8043
8091
8117
7815
8115
7891
8238
7980
7767
8304
7807
7824
7805
7753
7845
7943
8289
7990
7750
8047
8010
7905
7776
7801
7891
7973
7874
7893
7699
8157
7950
8089
7946
7977
7789
7897
8073
7733
8012
7821
7700
7731
7851
7994
8137
7969
8047
7922
7802
8139
7830
7714
8316
7775
7880
8112
7954
7902
7778
7783
7924
8080
7922
7917
7784
7976
7827
8099
7973
7983
7950
7772
7950
7805
7990
8190
8580
7747
8012
8251
7967
7880
7787
7796
8093
7860
7839
8501
7895
7949
7999
7842
7772
7976
7694
7908
7811
8168
8051
8172
7904
8041
7957
7753
7869
7917
7992
7836
8025
7992
7816
7673
7761
7811
7750
7853
7690
7994
7985
7792
7862
8152
8067
7968
7914
7892
7916
7815
7919
8129
7817
7965
7750
8024
7717
7831
7994
7816
7810
7970
7928
8114
8028
8071
7926
7819
8035
7936
8024
8166
7966
8159
7762
7956
8240
8037
7837
7721
7753
8048
7933
7738
7998
7970
7760
7754
7963
7796
8269
7887
7792
7819
7898
7785
7939
7879
7667
7772
7738
7819
7998
7721
7874
7912
7715
7955
7765
7994
7944
7775
8079
7878
7846
7827
7738
7739
8023
7794
7766
7975
7789
7916
7999
7893
7833
8088
7902
7867
8131
7833
7914
7955
7824
7863
7718
7761
8431
7956
7825
7941
7778
7938
7762
7752
7758
7898
7658
7718
7772
7764
7922
7916
7744
7864
7954
8169
7933
7952
7904
7983
8321
7850
8012
7871
8605
7778
7747
7909
7860
7815
7999
8038
8064
7819
8012
8078
7858
7916
7842
7804
7735
7886
7790
8107
8078
8074
7861
7872
7769
7826
7707
7910
7711
7981
7923
8020
7803
7807
7831
7925
7998
7946
7914
7714
7855
7828
8142
7814
7988
7950
7787
8518
7988
7828
7910
8182
7775
8062
7929
8017
8161
8057
7794
8390
7876
7840
7993
7990
7956
8375
7742
7850
8083
7830
7956
7902
7996
7884
7890
7741
7898
8240
7790
7773
8042
8479
7993
8073
7914
7876
7906
7986
8032
8052
7945
8233
7888
7918
7772
7797
7731
7835
7998
7781
7922
7957
8144
7925
8192
8220
8197
8003
8150
7798
7985
7949
8068
7767
7710
7892
7786
7732
7765
7772
7796
8075
7961
7944
7879
7923
7884
8008
7846
8220
8293
7995
8159
7963
8132
7977
7881
7923
7923
7990
7789
8019
7782
7732
7808
8040
7814
7969
7887
7722
7780
8131
7819
7948
7751
7827
7926
7739
7842
8373
7813
7705
7878
7971
7845
7968
7895
7866
7823
7924
8188
7835
8360
7987
8058
7813
7772
7978
7858
7810
7997
8114
7750
8285
8093
8056
7865
7899
7914
7812
7850
7707
7710
7754
8158
7932
7789
8181
7976
7922
7896
7759
7839
8641
7897
7724
8036
7970
7975
7718
8049
7920
8314
8031
8025
7711
8078
7820
7799
7888
8057
7751
7758
7871
7753
7864
8000
7815
7732
7923
8417
7828
7716
8024
7765
8236
7792
7874
8013
7730
7835
7756
7974
7855
8090
7830
8045
7823
7952
7742
8324
7837
7985
7837
7810
7927
7852
8068
7967
7767
8051
7782
7900
7900
7866
8012
7729
8035
7902
7989
7796
7874
7751
7733
7765
7777
8299
7975
8022
7898
7763
7755
7894
7767
8308
7686
7688
7834
7727
7941
7830
8109
7749
8032
7767
7811
8062
7968
7813
7914
7796
8520
7864
7905
7773
7758
8224
8014
7906
8253
7890
7965
7831
7969
7939
8014
7898
8012
7864
7969
7935
7808
7830
8160
7925
7835
8157
7991
7974
7956
7880
8059
7981
7907
7853
7863
8167
7730
7774
7978
7764
7781
7743
8036
7968
8338
7724
7827
7878
7900
7831
8301
7792
7932
7812
7820
7775
7800
7739
7705
7956
7873
7921
7881
8452
8427
7759
7830
8040
7840
7749
7791
7815
8267
7909
8233
8028
7950
7853
8027
8100
7784
8013
7890
8107
7958
7808
8093
7852
8028
7998
7841
8201
7820
7742
7960
8051
7756
7715
7921
7798
8126
7831
7829
7858
7911
7923
7994
7778
7748
7805
7859
7827
7932
7868
7961
7986
7854
7895
7870
7855
8201
8172
7832
7875
7854
8309
7816
8043
7798
7815
8005
8025
8013
8087
7864
7811
7770
7774
8021
7815
8027
8084
8174
8057
7807
8070
8067
7967
7994
8142
7801
7860
7723
7883
7867
8141
7844
7774
8228
7908
7806
7669
7762
8020
7811
8087
8336
7717
8226
8071
7829
7750
8057
7917
7726
7832
7858
7753
7928
7918
7910
8110
7790
7831
7777
8074
7930
7690
7757
7884
8110
7688
8477
7735
7960
7919
7787
7970
7830
7937
7783
7871
7886
7761
8042
7769
7784
8637
7802
7761
7699
7920
7813
8043
7758
7903
7901
7787
8256
7879
7745
8263
7782
7911
7897
7905
7966
7895
7905
7912
7945
7868
7884
8058
8091
7930
8077
8108
7865
8195
8236
7928
8313
7871
7720
7987
7805
7825
8006
7862
7801
8040
7817
7905
7938
7775
7837
7814
7840
7804
7746
7735
7872
7757
7936
7764
8243
7900
7891
7789
7958
7961
7982
8127
7910
7999
7894
7978
7788
8016
7747
7799
8028
8399
7973
7760
7902
7897
7775
7709
8092
7859
7983
7883
8371
7936
8042
8436
7847
7745
7845
7937
8280
8353
7815
7735
8018
8034
7740
7799
7966
8219
8136
7712
8477
7783
7855
7763
7748
7791
8066
7967
7803
7737
7971
8170
7978
8003
8236
7812
7796
8023
8039
8144
7770
7789
7792
7870
8070
8016
7870
7930
8211
7765
7967
7772
7891
7965
7900
7830
7865
7866
7755
8389
7993
7949
7820
7964
7853
7710
7862
7940
8063
7832
7770
7901
8191
7929
7848
7989
7931
7771
8101
7976
7910
7834
7836
8141
7850
7860
8185
7841
8102
7742
7831
8166
7780
8027
7744
7944
7972
7944
7932
7767
