8529
1956
1926
2566
2794
2738
3271
2829
2199
2527
2592
4216
2786
2812
2783
2773
2803
2777
2785
2778
2791
2777
2801
2819
2641
2768
2655
2637
2776
2783
2781
2754
2772
2767
2797
2773
2805
3616
2870
2791
2619
2779
2798
2628
2436
2420
2925
2310
2433
2444
2437
2419
2421
2418
2431
2423
2424
2433
2435
2430
2422
2553
2360
2510
2458
2400
2366
2537
3206
2469
2291
2408
2421
2419
2429
2419
2437
2428
2454
2310
1589
2438
2431
2426
2415
2419
2431
2297
2277
2448
2419
2425
2431
2302
2452
3149
2437
2436
2426
2414
2427
2432
2432
2417
2420
2438
2438
2436
2401
2451
2452
2441
2429
2445
2446
2438
2441
2444
2436
2432
2422
2447
2437
2437
2509
3352
2497
2451
2451
2434
2306
2433
2449
2442
2426
2417
2417
2297
2437
2434
2440
2431
2440
2428
2437
2479
2436
2437
2482
2289
2337
2435
2434
2467
2339
2484
2456
2926
2449
2441
2427
2441
2438
2438
2436
2443
2441
2438
2440
2437
2440
2433
2437
2296
2429
2436
2426
2434
2441
2432
2438
2436
2506
3284
2468
2455
2435
2430
2437
2437
2444
2426
2426
2437
2443
2438
2438
2439
2436
2432
2433
2427
2432
2438
2433
2435
2431
2430
2436
2451
2453
2442
2436
2513
3163
2448
2319
2452
2439
2441
2437
2441
2438
2431
2435
2452
2441
2427
2443
2432
2292
2298
2414
2316
2299
2436
2440
2450
2435
2435
2437
2437
3153
2984
2885
2448
2441
2908
2447
2450
2440
2432
2452
1851
2442
2426
2423
2450
2439
2429
2439
2436
2434
2433
2443
2435
2433
2434
2435
2436
2436
2347
2494
2938
2451
2442
2441
2440
2432
2438
2429
2437
2296
2448
2442
2445
2456
2432
2423
2435
2435
2437
2438
2432
2438
2431
2442
2435
2438
2442
2474
2329
2533
2496
2294
2293
2433
2438
2437
2438
2438
2430
2421
2438
2435
2435
2446
2432
2437
2458
2433
2452
2441
2435
2431
2438
2441
2440
2418
2436
2483
2478
2975
3134
2461
2433
2306
2309
2429
2432
2441
2432
2438
2429
2425
2465
2306
2439
2436
2424
2473
2306
2450
2288
2464
2454
2302
2454
2445
2485
2336
3201
2465
2444
2434
2440
2437
2442
2416
2421
2440
2434
2300
2429
2440
2430
2436
2438
2439
2470
2427
2443
2441
2431
2420
2438
2440
2450
2434
2447
2358
2495
2922
2341
2454
2429
2437
2433
2439
2445
2425
2432
2440
2435
2430
2440
2441
2434
2428
2294
2440
2430
2437
2427
2441
2438
2429
2437
2298
2434
2439
3176
3135
2320
2438
2462
2425
2438
2440
2474
2438
2434
2436
2436
2441
2438
2445
2434
2458
2435
2426
2440
2432
2436
2432
2446
2454
2433
2423
2432
2439
2439
2993
2497
2484
2449
2440
2443
2441
2440
2435
2433
2437
2447
2421
2435
2433
2435
2425
2421
2438
2439
2475
2459
2454
2437
2423
2437
2440
2438
2434
2300
2299
2478
2341
2343
2445
2442
2429
2435
2450
2318
2295
2429
2430
2432
2339
2304
2432
2430
2444
2439
2441
2441
2420
2444
2465
2297
2429
2427
2454
2442
2434
1622
2147
2320
2362
2296
2438
2466
2444
2440
2429
2291
2438
2441
2303
2425
2420
2437
2436
2430
2437
2436
2432
2451
2436
2444
2490
2308
2440
2437
2439
2434
2423
2466
2343
2492
2447
2927
2326
2302
2456
2296
2438
2428
2437
2425
2436
2440
2424
2432
2437
2442
2442
2443
2436
2435
2438
2435
2435
2452
1646
2321
2552
3515
2701
2506
2516
2721
2731
2703
2443
2706
2696
2720
2671
2699
2710
2707
2690
2710
2734
2712
2647
2731
2693
2714
2460
2681
2663
2712
2705
2712
2541
2352
2474
2683
2981
2723
2726
2691
2698
2687
2689
2682
2716
2459
2682
2706
2700
2711
2669
2727
2702
2702
2718
2692
2714
2701
2675
2699
2701
2517
2915
2690
2687
2650
2670
2717
2716
2726
2710
2723
2728
2709
2674
2718
2720
2700
2692
2695
2723
2706
2664
2688
2726
2695
2693
2687
2731
2719
2680
2695
2499
2499
2715
2687
2697
2734
2461
2695
2707
2694
2716
2699
2702
2714
2660
2692
2707
2714
2713
2721
2708
2721
2649
2690
2693
2721
2715
2685
2720
2498
3265
2688
2688
2664
2678
2707
2713
2477
2510
2391
2444
2300
2434
2440
2426
2436
2303
2432
2290
2424
2478
2292
2301
2427
2448
2441
2436
2503
2488
3041
2457
2441
2435
2416
2441
2422
2429
2416
2435
2417
2437
2416
2439
2420
2420
2437
2422
2438
2428
2435
2434
2430
2417
2419
2435
2414
2302
2421
2460
2482
2501
2299
2295
2431
2417
2422
2413
2439
2419
2425
2423
2438
2422
2424
2440
2430
2439
2417
2426
2413
2433
2416
2415
2435
2437
2430
2434
2434
2417
2433
2359
3083
2308
2431
2434
2422
2436
2420
2424
2421
2419
2436
2421
2438
2431
2431
2419
2434
2437
2430
2419
2414
2436
2417
2434
2418
2437
2417
2437
2421
2485
2395
2777
3056
2446
2303
2436
2480
2437
2432
2419
2419
2437
2430
2430
2418
2439
2417
2432
2421
2421
2439
2417
2439
2416
2434
2419
2440
2422
2428
2517
2492
3148
2326
2437
2429
2442
2429
2434
2432
2419
2442
2293
2431
2440
2439
2424
2437
2414
2418
2441
2421
2491
2945
2786
2525
3734
2493
2451
2485
2501
2499
3128
1669
1646
2247
2187
2289
2180
2287
2308
2192
2217
2277
2151
2235
2222
2258
2472
2437
2445
1595
2258
2445
2428
2422
1992
2264
3139
2483
3549
2552
2714
2482
2705
2659
2678
2668
2649
2480
2651
2660
2733
2666
2695
2670
2500
2697
2653
2723
2705
2699
2719
3152
2518
2695
3178
3165
2732
2460
3155
2679
2569
2504
2660
2693
2725
2688
2711
2685
2672
2709
2709
2727
2699
2707
2710
2696
2664
2705
2686
2706
2701
2713
2712
2718
2051
2516
2531
3015
2504
2531
2356
2468
2462
2466
2453
2440
2446
2449
2439
2444
2439
2466
2436
2467
2306
2437
2443
2443
2431
2435
2318
2461
2435
2458
2453
2346
2356
2794
2948
2446
2441
3302
2457
2457
2509
