7936
932
1192
1645
1629
1453
1385
1617
1365
1115
1429
1421
1607
1623
1609
1181
1632
1619
1622
1635
1636
1638
841
1629
1625
1628
1649
1628
1641
1485
1635
1628
1488
1644
1617
1644
1630
1632
1610
1633
1614
1619
1613
1618
1611
1625
1624
1609
1624
1636
1625
1501
1476
1628
1605
1627
1615
1633
1612
1388
1661
1479
1653
1482
1504
1465
1624
1630
1623
1631
1464
1519
1646
1630
1625
1625
1629
1622
1608
1630
1630
1642
1629
1619
1622
1618
1627
1630
1624
1613
1647
1615
1626
1632
1632
1623
1473
1630
1627
1637
1632
1633
1628
1634
1623
1622
1622
1615
1639
1621
1621
1633
1608
1479
1635
1625
1616
1632
1621
1472
1613
1630
1639
1622
1624
1606
1627
1613
1616
1613
1622
1619
1614
1625
1611
1619
1470
1628
1614
1505
1494
1477
1636
1470
1627
1621
1498
1635
1627
1485
1628
1480
1633
1468
1644
1614
1619
1622
1628
1617
1645
1498
1635
1622
1632
1631
1618
1642
1641
1623
1626
1615
1625
1642
1625
1628
1627
1631
1612
1635
1628
1627
1622
1624
1620
1619
1628
1614
1637
1632
1627
1640
1626
1620
1616
1616
1623
1624
1611
1622
1606
1637
1627
1618
1624
1620
1634
1633
1623
1620
1625
1630
1629
1621
1602
1641
1655
1622
1615
1628
1629
1619
1627
1610
1625
1628
1633
1618
1642
1479
1477
1633
1616
1624
1618
1625
1635
1641
1471
1648
1626
1621
1634
1638
1641
1635
1625
1634
1636
1619
1617
1654
1634
1625
1611
1642
1616
1635
1616
1641
1631
1644
1630
1633
1623
1615
1631
1619
1640
1621
1612
1637
1640
1640
1610
1634
1615
1649
1614
1649
1648
1639
1647
1620
1482
1625
1619
1627
1644
1631
1627
1633
1622
1619
1613
1621
1630
1633
1623
1643
1628
1661
1607
1638
1615
1619
1644
1609
1633
1622
1618
1622
1641
1632
1634
1498
1630
1634
1615
1632
1630
1632
1614
1625
1648
1611
1630
1621
1617
1622
1636
1614
1634
1638
1617
1635
1629
1637
1628
1626
1625
1622
1612
1613
1642
1625
1623
1618
1633
1639
1631
1631
1627
1636
1624
1647
1627
1628
1615
1623
1629
1631
1630
1614
1625
1621
1625
1618
1646
1632
1637
1644
1638
1621
1620
1626
1613
1630
1620
1643
1622
1647
1617
1633
1496
1480
1639
1634
1645
1624
1640
1630
1629
1624
1471
1646
1621
1625
1611
1637
1616
1620
1629
1616
1636
1635
1631
1630
1640
1611
1655
1618
1614
1627
1608
1639
1619
1641
1619
1632
1615
1627
1620
1641
1627
1633
1631
1617
1620
1635
1617
1617
1619
1627
1622
1636
1633
1629
1607
1630
1626
1639
1619
1634
1628
1631
1624
1624
1623
1619
1628
1618
1618
1637
1619
1622
1614
1625
1636
1631
1632
1635
1621
1626
1631
1617
1626
1630
1637
1616
1628
1619
1635
1633
1618
1631
1635
1638
1621
1645
1644
1620
1627
1621
1620
1629
1622
1613
1625
1620
1626
1617
1621
1618
1612
1642
1630
1642
1639
1659
1617
1621
1619
1614
1623
1611
1633
1639
1618
1643
1604
1479
1637
1631
1630
1643
1641
1626
1619
1624
1621
1636
1631
1616
1636
1639
1620
1618
1628
1619
1652
1645
1632
1638
1607
1640
1637
1629
1612
1628
1623
1466
1605
1631
1625
1619
1620
1619
1635
1622
1621
1608
1656
1628
1642
1626
1615
1626
1610
1630
1631
1620
1625
1621
1627
1621
1650
1613
1633
1697
1634
1627
1620
1623
1608
1626
1623
1625
1617
1651
1626
1618
1609
1616
1633
1637
1626
1635
1644
1626
1619
1619
1620
1622
1638
1623
1622
1622
1605
1640
1627
1615
1611
1639
1629
1636
1631
1647
1637
1622
1637
1621
1619
1625
1616
1630
1635
1627
1623
1621
1626
1644
1613
1633
1638
1628
1630
1640
1631
1624
1617
1612
1635
1620
1623
1647
1620
1634
1604
1644
1641
1648
1633
1624
1637
1619
1621
1618
1627
1605
1641
1616
1624
1624
1623
1617
1616
1625
1621
1644
1644
1640
1606
1627
1623
1627
1637
1607
1628
1644
1621
1615
1626
1618
1632
1629
1632
1650
1615
1629
1620
1630
1620
1634
1618
1631
1616
1617
1620
1632
1622
1613
1655
1626
1657
1633
1649
1628
1657
1637
1620
1642
1605
1641
1616
1616
1633
1611
1627
1618
1619
1623
1624
1637
1639
1642
1627
1628
1609
1624
1615
1622
1615
1636
1618
1627
1615
1620
1643
1618
1625
1639
1627
1629
1608
1618
1619
1621
1634
1626
1619
1457
1606
1621
1626
1613
1626
1640
1633
1627
1625
1637
1640
1619
1614
1624
1645
1630
1606
1644
1628
1615
1614
1623
1623
1625
1622
1631
1648
1615
1630
1626
1634
1619
1608
1624
1636
1624
1621
1618
1617
1640
1619
1639
1630
1634
1637
1631
1626
1620
1622
1628
1625
1623
1623
1637
1603
1634
1613
1625
1620
1643
1607
1639
1635
1631
1626
1634
1626
1619
1632
1618
1624
1627
1613
1625
1623
1628
1627
1646
1626
1643
1610
1633
1477
1640
1626
1631
1629
1614
1628
1641
1620
1472
1622
1621
1612
1625
1621
1639
1621
1624
1627
1620
1624
1626
1620
1612
1634
1642
1638
1609
1627
1612
1485
1637
1622
1639
1650
1631
1636
1642
1609
1619
1634
1620
1632
1632
1622
1615
1617
1623
1627
1623
1614
1641
1626
1647
1611
1648
1617
1640
1619
1614
1639
1637
1614
1627
1475
1632
1625
1635
1628
1623
1620
1629
1637
1640
1616
1629
1613
1622
1605
1660
1492
1621
1482
1632
1625
1614
1478
1630
1664
1641
1646
1625
1625
1624
1606
1622
1621
1635
835
1842
1650
1817
1804
1816
1816
1815
1825
1816
1832
1828
1797
1833
1827
1797
1788
1818
1802
1803
1783
1810
1801
1797
1781
1789
1798
1811
1788
1807
1826
1792
1828
1791
1807
1811
1789
1798
1803
1792
1796
1802
1787
1820
1812
1856
1841
1837
1832
1820
1841
1824
1661
1841
1841
1837
1844
1835
1829
1822
1817
1649
1843
1832
1833
1848
1841
1842
1652
1829
1825
1817
1846
1815
1827
1814
1809
1831
1636
