8216
2547
2412
2490
2603
2606
2634
2643
2625
2630
2656
2603
2596
2473
2624
2599
2607
2600
2604
2587
2591
2592
2597
2589
2589
2594
2469
2601
2594
2592
2600
2596
2596
2597
2596
2595
2485
2268
2269
2269
2274
2264
2271
2275
2272
2269
2274
2266
2270
2268
2274
2268
2271
2130
2263
2271
2120
2286
2118
2308
2155
2292
2137
2264
2265
2277
2102
2262
2136
2283
2146
2138
2155
2306
2265
2281
2293
2265
2123
2274
2266
2262
2264
2271
2270
2117
2136
2278
2267
2268
2274
2260
2135
2275
2271
2270
2268
2268
2270
2269
2272
2263
2282
2118
2289
2277
2273
2264
2270
2262
2278
2272
2270
2266
2275
2263
2272
2271
2263
2269
2130
2269
2268
2267
2266
2264
2262
2263
2271
2264
2263
2267
2264
2271
2271
2265
2274
2261
2269
2271
2266
2270
2269
2262
2259
2262
2267
2262
2266
2263
2269
2264
2268
2264
2264
2268
2268
2263
2266
2268
2123
2263
2265
2268
2267
2265
2269
2268
2270
2268
2272
2268
2271
2266
2274
2261
2266
2268
2267
2263
2258
2264
2266
2268
2269
2268
2266
2267
2268
2269
2268
2268
2269
2261
2268
2267
2270
2260
2261
2262
2268
2268
2263
2261
2263
2272
2268
2267
2270
2266
2266
2260
2268
2268
2276
2265
2263
2256
2269
2271
2261
2270
2266
2275
2267
2267
2266
2275
2269
2267
2273
2269
2271
2270
2272
2265
2265
2260
2265
2266
2263
2273
2268
2269
2266
2272
2270
2279
2136
2273
2270
2260
2266
2260
2276
2265
2263
2272
2265
2269
2268
2270
2266
2271
2265
2268
2271
2275
2263
2271
2257
2264
2272
2265
2267
2265
2266
2263
2263
2266
2266
2269
2270
2269
2259
2267
2271
2271
2286
2261
2262
2268
2269
2269
2276
2266
2269
2303
2274
2267
2264
2270
2269
2270
2268
2260
2261
2265
2260
2282
2271
2266
2273
2265
2263
2266
2267
2265
2270
2260
2270
2269
2268
2265
2259
2263
2267
2271
2266
2269
2263
2260
2265
2265
2271
2270
2270
2258
2266
2268
2262
2260
2260
2263
2264
2122
2122
2276
2269
2268
2265
2262
2266
2268
2273
2261
2268
2263
2263
2262
2264
2258
2262
2264
2267
2269
2266
2271
2265
2265
2265
2266
2268
2269
2270
2265
2271
2267
2272
2259
2269
2266
2265
2269
2301
2271
2269
2270
2266
2271
2265
2274
2261
2268
2302
2135
2264
2258
2275
2268
2268
2267
2268
2265
2263
2262
2270
2267
2267
2275
2267
2271
2269
2272
2267
2268
2269
2263
2268
2264
2269
2269
2265
2265
2268
2266
2267
2267
2266
2273
2266
2276
2257
2266
2265
2271
2264
2268
2270
2262
2267
2270
2265
2266
2267
2262
2267
2275
2271
2259
2268
2263
2267
2272
2263
2274
2271
2264
2268
2269
2269
2266
2267
2273
2269
2268
2261
2267
2265
2263
2270
2268
2266
2264
2267
2263
2269
2266
2268
2267
2270
2266
2265
2264
2271
2268
2266
2273
2268
2266
2270
2273
2267
2263
2269
2265
2270
2263
2265
2268
2121
2267
2271
2261
2260
2264
2262
2262
2266
2268
2273
2274
2266
2268
2268
2270
2267
2267
2272
2269
2269
2272
2269
2261
2264
2265
2268
2274
2265
2270
2268
2270
2267
2272
2264
2270
2260
2265
2263
2264
2134
2130
2266
2271
2272
2270
2272
2266
2264
2269
2262
2274
2265
2271
2271
2263
2262
2257
2263
2261
2264
2274
2274
2264
2271
2264
2272
2272
2269
2268
2260
2272
2262
2265
2271
2258
2263
2266
2265
2271
2267
2272
2270
2266
2267
2265
2276
2266
2259
2266
2265
2269
2264
2274
2263
2270
2255
2271
2267
2269
2275
2262
2271
2271
2270
2272
2266
2266
2267
2271
2263
2272
2265
2261
2269
2269
2273
2263
2268
2264
2265
2266
2269
2270
2266
2260
2264
2271
2275
2270
2264
2266
2264
2274
2267
2269
2268
2264
2268
2267
2263
2266
2268
2267
2262
2270
2276
2263
2157
2308
2275
2272
2272
2276
2263
2271
2268
2273
2269
2268
2267
2267
2271
2268
2270
2258
2261
2265
2265
2266
2273
2260
2266
2274
2265
2269
2268
2265
2272
2274
2263
2273
2266
2262
2263
2255
2128
2135
2269
2270
2267
2265
2269
2274
2267
2267
2265
2269
2266
2268
2269
2272
2260
2261
2269
2268
2271
2267
2264
2263
2278
2272
2267
2276
2273
2260
2262
2268
2270
2266
2264
2267
2261
2272
2268
2264
2270
2273
2268
2266
2268
2269
2264
2266
2269
2273
2259
2273
2269
2267
2257
2264
2266
2267
2270
2272
2270
2269
2270
2273
2264
2267
2268
2273
2265
2271
2261
2260
2270
2270
2270
2267
2263
2268
2269
2266
2269
2267
2269
2263
2265
2266
2266
2271
2262
2262
2253
2270
2264
2274
2264
2263
2270
2272
2272
2267
2263
2268
2270
2270
2268
2267
2273
2260
2260
2260
2262
2266
2264
2274
2269
2272
2268
2266
2263
2269
2270
2268
2270
2265
2264
2260
2263
2269
2264
2264
2264
2269
2268
2274
2259
2271
2276
2271
2264
2270
2272
2268
2268
2257
2260
2261
2131
2132
2268
2264
2266
2270
2262
2271
2268
2268
2267
2264
2264
2273
2262
2261
2259
2266
2266
2272
2270
2265
2270
2266
2262
2264
2273
2266
2268
2271
2270
2262
2259
2266
2258
2268
2271
2264
2269
2263
2267
2267
2260
2264
2265
2267
2260
2270
2266
2272
2268
2268
2259
2269
2268
2260
2268
2265
2268
2265
2267
2270
2270
2268
2265
2266
2266
2275
2261
2268
2264
2267
2267
2267
2268
2269
2270
2269
2266
2266
2271
2256
2270
2271
2273
2270
2266
2266
2265
2272
2271
2274
2271
2266
2271
2274
2268
2267
2273
2273
2268
2268
2260
2270
2261
2265
2264
2268
2262
2267
2266
2270
2261
2272
2266
2274
2267
2269
2272
2269
2265
2276
2265
2259
2262
2266
2268
2272
2261
2267
2264
2269
2265
2273
2268
2271
2261
2271
2264
2271
2264
2265
2266
2270
2269
2271
2273
2293
2272
2270
2269
2267
2265
2268
2268
2263
2264
2267
2267
2263
2265
2263
2267
2266
2266
2267
2266
2278
2280
