9412
3560
2439
3294
3247
3414
3081
3483
3115
3253
3198
3403
3244
3252
3240
3272
3215
3430
3242
3443
3208
3407
3191
3424
3202
3458
3197
3425
3201
3282
3192
3405
3205
3408
3209
3467
3199
3401
3208
3405
3192
3411
3187
3464
3221
3300
3201
3291
3261
3269
3090
3480
3083
3406
3188
3443
3067
3258
2992
3427
3195
3283
3216
3425
3194
3452
3203
3259
3200
3425
3199
3431
3199
3408
3251
3417
3197
3421
3193
3408
3193
3411
3202
3440
3211
3413
3198
3400
3200
3414
3196
3401
3206
3459
3202
3273
3244
3455
3225
3409
3208
3449
3197
3403
3204
3413
3195
3406
3220
3414
3065
3421
3196
3411
3195
3408
3189
3407
3196
3430
3207
3419
3203
3401
3205
3420
3205
3468
3245
3433
3200
3398
3197
3462
3212
3402
3198
3438
3200
3407
3200
3260
3195
3422
3197
3460
3199
3417
3206
3416
3210
3414
3198
3404
3207
3410
3202
3409
3216
3465
3200
3259
3210
3404
3209
3469
3193
3293
3055
3409
2993
3276
3260
3431
3207
3445
3248
3429
3069
3408
3200
3401
3196
3404
3200
3423
3199
3434
3205
3416
3203
3408
3199
3474
3201
3426
3210
3424
3207
3407
3197
3301
3223
3260
3188
3258
3194
3395
3207
3469
3202
3403
3211
3404
3200
3467
3198
3405
3200
3405
2991
3454
3197
3400
2992
3404
3196
3409
3194
3462
3203
3459
3208
3423
3208
3406
3193
3432
3202
3466
3203
3404
3194
3404
3197
3467
3201
3406
3196
3412
3192
3402
3199
3454
3074
3448
3092
3422
3208
3410
3195
3303
3225
3402
3192
3259
3064
3405
3192
3415
3204
3307
3094
3275
3240
3502
3278
3485
3102
3448
3055
3275
3266
3263
2987
3469
3196
3409
3201
3263
3215
3437
3204
3413
3207
3432
3192
3405
3205
3423
3199
3437
3198
3469
3199
3395
3208
3399
2991
3407
2994
3459
3210
3402
3200
3273
3200
3205
3275
3413
3210
3401
3201
3405
3203
3262
3213
3440
3231
3425
3062
3457
3071
3417
3204
3454
3206
3255
3195
3421
3204
3427
3207
3419
3193
3432
3244
3426
3201
3458
3204
3302
2992
3407
2996
3454
3213
3408
3198
3417
3205
3417
3199
3266
3208
3259
3199
3413
3203
3252
3206
3410
3249
3276
3246
3408
3207
3253
3205
3446
3209
3461
3207
3409
3195
3424
3198
3412
3196
3409
3194
3457
3199
3403
3208
3418
3194
3426
3202
3420
3189
3262
3230
3448
3205
3441
3204
3409
3202
3258
3198
3438
3200
3402
3190
3480
3204
3401
3196
3405
3204
3448
3197
3404
3199
3410
3203
3403
3210
3457
3206
3437
3204
3406
3201
3287
3217
3286
3060
3417
2987
3424
3203
3403
3202
3408
3204
3441
3219
3413
3000
3456
3250
3443
3217
3404
3202
3412
3209
3400
3214
3442
3201
3406
3197
3261
3220
3451
3205
3433
3200
3413
3204
3408
3209
3408
3200
3406
3206
3460
3207
3400
3203
3406
3206
3260
3206
3401
3202
3421
3191
3256
3209
3259
3195
3409
3192
3402
3208
3427
3199
3406
3193
3435
3190
3403
3199
3458
3202
3262
3209
3267
3198
3402
3207
3433
3224
3408
3198
3408
3204
3405
3207
3411
3194
3419
3196
3405
3202
3411
3197
3428
3198
3410
3207
3401
3195
3263
3196
3405
3202
3406
3238
3258
3256
3407
3061
3455
3202
3407
3198
3431
3207
3415
3197
3430
3199
3265
3246
3401
3211
3404
3189
3407
3209
3454
3207
3254
3240
3432
2995
3467
3200
3266
3215
3294
3218
3409
3197
3400
3214
3453
3201
3470
3199
3403
3195
3403
3244
3417
3196
3403
3201
3393
3199
3418
3204
3405
3198
3423
3195
3407
3198
3400
3249
3424
3212
3294
3002
3414
3182
3462
3210
3405
3199
3423
3189
3402
3212
3431
3200
3421
3186
3413
3207
3403
3255
3437
3208
3423
3201
3410
3197
3401
3245
3282
3201
3407
3199
3426
3201
3417
3203
3267
3206
3400
3199
3412
3199
3429
3200
3407
3205
3399
3212
3437
3200
3254
3207
3269
3196
3424
3202
3259
3209
3260
3200
3419
2997
3416
3202
3427
3245
3430
3202
3401
3192
3267
3203
3427
3202
3399
3212
3424
3196
3406
3202
3416
3206
3269
3210
3429
3200
3406
3198
3454
3213
3403
3189
3407
3204
3422
3206
3453
3252
3416
3214
3269
3220
3286
3218
3453
3208
3398
3207
3410
3199
3411
3207
3429
3207
3403
3204
3460
3215
3463
3197
3402
3202
3403
3226
3258
3068
3447
3233
3404
3202
3410
3197
3422
3205
3452
3206
3423
3194
3404
3206
3448
3207
3457
3207
3403
3198
3405
3194
3458
3201
3406
3200
3409
3193
3410
3201
3453
3198
3435
3205
3410
3197
3401
3210
3449
3196
3416
3195
3427
3201
3419
3210
3423
3192
3434
3202
3436
3234
3289
3208
3406
3203
3406
3201
3418
3198
3401
3211
3279
3237
3437
3204
3405
3201
3401
3197
3412
3204
3460
3210
3438
3201
3405
3196
3406
3245
3429
3069
3448
3214
3278
3209
3421
2996
3431
3204
3406
3197
3291
2988
3419
3203
3260
3212
3400
3199
3400
3205
3462
3207
3408
3196
3436
3196
3259
3202
3405
2997
3435
3188
3408
3215
3410
3208
3425
3196
3264
3212
3430
3203
3414
3198
3408
3198
3408
3203
3417
3197
3426
3201
3413
3058
3444
3085
3417
3203
3399
3201
3449
3210
3420
3199
3427
3202
3406
3200
3477
3203
3402
3196
3272
3233
3286
3211
3398
3204
3452
3213
3428
3215
3406
3204
3423
3194
3410
3197
3449
3210
3402
3195
3425
3202
3432
3203
3459
3227
3412
3203
3427
3204
3419
3214
3466
3227
3268
3059
3454
3200
3420
3214
3456
3202
3409
3198
3425
3199
3399
3199
3409
3197
3419
3000
3420
3197
3455
3208
3445
3187
3404
3196
3425
3197
3419
3195
3400
3198
3264
3196
3411
3191
3411
3203
3421
3221
3417
3250
3412
3203
3424
3206
3472
3198
3261
3218
3457
3208
3413
3193
3399
3200
3401
3229
3447
3199
3399
3208
3262
3210
3426
3206
3405
3208
3460
3198
3431
3210
3254
3203
3409
3193
3466
3197
3270
3301
