9621
3821
3779
3768
4582
4900
4544
4576
4638
4672
4795
4786
4829
4879
4530
4572
4630
4662
4732
4772
4825
4874
4531
4579
4630
4474
4727
4808
4835
4886
4522
4567
4651
4504
4730
4775
4632
4881
4530
4584
4628
4494
4723
4770
4832
4878
4516
4581
4633
4676
4733
4578
4615
4880
4519
4580
4623
4675
4725
4789
4832
4881
4532
4571
4479
4667
4724
4792
4831
4893
4525
4571
4625
4679
4722
4806
4830
4880
4534
4569
4628
4673
4730
4759
4825
4856
4532
4582
4631
4681
4730
4774
4824
4881
4525
4575
4628
4675
4727
4786
4835
4899
4518
4580
4631
4667
4729
4775
4828
4879
4530
4578
4620
4678
4731
4777
4833
4886
4530
4577
4618
4666
4728
4777
4823
4870
4527
4575
4631
4676
4724
4574
4830
4878
4525
4579
4625
4679
4725
4774
4825
4876
4525
4574
4633
4679
4726
4781
4825
4875
4525
4579
4624
4671
4725
4775
4832
4881
4531
4574
4624
4669
4731
4779
4825
4873
4524
4582
4627
4675
4726
4778
4826
4871
4552
4596
4636
4465
4538
4798
4828
4883
4322
4576
4634
4677
4725
4781
4831
4873
4524
4581
4671
4680
4731
4784
4827
4884
4523
4570
4622
4685
4722
4780
4825
4881
4530
4579
4623
4671
4717
4781
4829
4869
4528
4574
4629
4676
4736
4765
4630
4873
4532
4581
4626
4681
4728
4777
4827
4873
4521
4576
4623
4681
4723
4780
4829
4883
4533
4574
4630
4678
4726
4780
4829
4874
4529
4609
4642
4681
4719
4777
4828
4876
4525
4572
4636
4676
4730
4782
4832
4886
4532
4581
4620
4680
4730
4779
4831
4890
4522
4581
4631
4678
4730
4780
4829
4881
4530
4570
4635
4672
4734
4778
4830
4872
4527
4580
4625
4658
4732
4774
4820
4888
4530
4576
4627
4678
4718
4772
4819
4878
4529
4582
4624
4677
4725
4778
4823
4876
4534
4581
4629
4746
4747
4782
4831
4879
4588
4569
4637
4719
4724
4802
4828
4875
4533
4575
4622
4685
4736
4776
4824
4875
4525
4571
4636
4672
4732
4778
4831
4884
4536
4574
4631
4675
4730
4775
4818
4869
4525
4584
4626
4677
4728
4781
4832
4880
4533
4570
4621
4675
4721
4767
4831
4880
4533
4374
4628
4684
4720
4773
4839
4883
4532
4577
4622
4666
4725
4768
4605
4879
4528
4580
4627
4679
4721
4780
4823
4877
4318
4574
4626
4685
4731
4806
4827
4881
4528
4573
4627
4682
4724
4779
4821
4871
4519
4569
4622
4676
4726
4780
4830
4880
4526
4567
4621
4674
4723
4780
4839
4873
4537
4579
4624
4668
4725
4779
4831
4880
4527
4568
4627
4684
4733
4774
4823
4872
4569
4592
4635
4674
4728
4773
4818
4876
4528
4576
4626
4673
4732
4782
4835
4867
4519
4577
4623
4675
4723
4777
4830
4879
4534
4571
4621
4661
4734
4780
4848
4886
4525
4566
4622
4675
4724
4775
4828
4871
4518
4568
4622
4671
4725
4775
4833
4871
4519
4576
4628
4677
4728
4783
4826
4882
4527
4575
4626
4657
4724
4780
4831
4877
4528
4573
4636
4677
4723
4776
4599
4880
4532
4581
4634
4672
4727
4777
4824
4883
4524
4578
4625
4673
4732
4783
4832
4880
4524
4577
4625
4680
4720
4776
4605
4670
4537
4577
4630
4676
4733
4790
4827
4912
4527
4573
4628
4680
4731
4783
4823
4881
4523
4561
4618
4680
4727
4779
4825
4671
4527
4580
4636
4684
4734
4775
4829
4874
4521
4573
4613
4674
4730
4768
4823
4881
4527
4579
4622
4681
4722
4773
4828
4876
4532
4579
4632
4677
4727
4778
4627
4887
4525
4578
4629
4672
4732
4777
4826
4881
4520
4579
4625
4673
4729
4779
4830
4870
4520
4576
4633
4682
4727
4773
4834
4880
4541
4604
4619
4670
4730
4784
4827
4879
4530
4577
4471
4682
4726
4778
4829
4881
4531
4575
4622
4668
4515
4570
4834
4885
4530
4574
4629
4677
4726
4771
4821
4883
4529
4576
4627
4677
4733
4808
4828
4676
4520
4577
4637
4473
4723
4777
4820
4876
4534
4576
4621
4678
4726
4773
4825
4864
4525
4574
4624
4679
4719
4774
4829
4879
4535
4581
4618
4678
4525
4770
4821
4874
4522
4574
4663
4688
4732
4785
4831
4877
4513
4572
4623
4675
4732
4777
4818
4882
4521
4571
4619
4674
4727
4778
4835
4880
4528
4583
4623
4679
4723
4785
4827
4875
4527
4575
4632
4681
4714
4784
4829
4882
4520
4576
4629
4678
4729
4774
4828
4879
4524
4577
4625
4678
4731
4775
4824
4862
4527
4582
4622
4682
4722
4778
4831
4876
4524
4558
4627
4679
4731
4783
4831
4881
4528
4577
4615
4674
4755
4778
4832
4884
4526
4583
4623
4666
4722
4796
4831
4872
4531
4586
4626
4677
4721
4774
4828
4882
4530
4371
4632
4675
4758
4778
4831
4868
4531
4568
4625
4674
4721
4768
4827
4872
4377
4371
4628
4680
4727
4785
4836
4880
4531
4578
4623
4677
4721
4775
4829
4872
4522
4578
4624
4677
4731
4772
4824
4872
4516
4572
4623
4673
4727
4771
4831
4875
4525
4574
4620
4680
4721
4834
4868
4876
4328
4574
4620
4671
4729
4781
4828
4881
4532
4574
4629
4666
4728
4780
4830
4877
4531
4568
4625
4673
4728
4776
4819
4879
4525
4574
4626
4677
4731
4780
4841
4871
4523
4584
4628
4671
4731
4769
4824
4875
4522
4579
4626
4678
4724
4784
4828
4877
4526
4571
4619
4677
4729
4776
4827
4886
4530
4580
4627
4676
4716
4781
4823
4874
4526
4566
4627
4680
4728
4777
4826
4914
4524
4574
4629
4670
4731
4780
4827
4877
4526
4574
4626
4461
4731
4776
4829
4881
4527
4580
4630
4673
4724
4772
4832
4877
4533
4579
4630
4667
4723
4760
4822
4875
4529
4582
4627
4680
4723
4773
4824
4865
4323
4565
4630
4680
4728
4773
4821
4873
4525
4577
4626
4674
4728
4779
4832
4880
4522
4562
4631
4676
4722
4782
4823
4882
4531
4389
4630
4667
4726
4780
4829
4882
4562
4589
4627
4666
4728
4777
4832
4886
4531
4373
4628
4668
4725
4777
4828
4880
4528
4584
4698
