9234
3946
4034
4074
4115
4215
4052
4464
3884
3563
3997
4208
4114
4214
4318
4412
4121
4209
4312
4419
4099
4268
4315
4415
4112
4215
4314
4431
4114
4210
4345
4428
4103
4200
4383
4414
4131
4220
4315
4416
4121
4208
4320
4425
4116
4280
4320
4411
4111
4225
4311
4415
4109
4210
4322
4412
4109
4209
4309
4426
4120
4218
4313
4423
4116
4060
4308
4412
4108
4213
4307
4425
4109
4213
4312
4420
4110
4205
4308
4417
4146
4210
4321
4420
4113
4209
4307
4487
4112
4207
4316
4417
4104
4209
4317
4416
4114
4213
4317
4419
4108
4213
4311
4410
4104
4207
4311
4425
4113
4209
4319
4419
4108
4211
4316
4414
4102
4205
4315
4427
4109
4203
4315
4422
4108
4207
4317
4421
4106
4211
4309
4415
3969
4217
4310
4420
4114
4213
4305
4417
4103
4205
4312
4418
4111
4213
4310
4412
4111
4238
4317
4419
4112
4247
4337
4414
4111
4220
4320
4411
4113
4209
4308
4420
4113
4209
4317
4419
4111
4211
4313
4420
4111
4211
4311
4408
4104
4208
4320
4415
4104
4212
4311
4418
4100
4279
4311
4414
4109
4214
4314
4418
4108
4218
4316
4415
4104
4207
4303
4422
4109
4212
4315
4419
4100
4207
4305
4422
4110
4209
4318
4422
4106
4206
4143
4419
4112
4219
4319
4411
4110
4209
4309
4416
4112
4217
4341
4410
4111
4209
4163
4426
4109
4210
4312
4419
4104
4215
4318
4409
4102
4222
4312
4414
4105
4208
4313
4415
4109
4211
4313
4419
4108
4221
4310
4423
4115
4213
4309
4401
4115
4219
4326
4414
4109
4208
4311
4411
4112
4213
4314
4420
4111
4208
4316
4419
4110
4212
4314
4426
4110
4213
4316
4254
4113
4215
4312
4421
4111
4210
4313
4417
4106
4036
4311
4421
4108
4212
4316
4455
4135
4043
4317
4489
4111
4209
4313
4419
4116
4208
4318
4418
4108
4211
4312
4423
4102
4220
4315
4415
4199
4217
4315
4422
4108
4213
4312
4415
4104
4203
4314
4415
4102
4211
4313
4416
4112
4219
4308
4417
4109
4209
4308
4413
4109
4210
4314
4419
4103
4214
4309
4426
4106
4214
4317
4417
4106
4214
4316
4422
4110
4211
4309
4420
4112
4212
4311
4419
4116
4200
4345
4412
4147
4215
4312
4412
4104
4204
4312
4414
4105
4205
4317
4406
4102
4213
4312
4416
4108
4198
4317
4404
4103
4212
4312
4416
4107
4210
4307
4414
4115
4207
4309
4413
4109
4219
4317
4410
4110
4207
4305
4410
4111
4219
4312
4422
4118
4212
4311
4416
4107
4215
4330
4413
4114
4206
4318
4419
4101
4210
4310
4413
4108
4215
4315
4417
4109
4205
4312
4418
4111
4213
4125
4425
4104
4203
4341
4422
4109
4207
4317
4419
4116
4214
4386
4413
4111
4214
4308
4419
4111
4212
4317
4414
3975
4223
4313
4418
4108
4212
4317
4425
4106
4209
4304
4417
4109
4206
4309
4420
4114
4212
4306
4419
4109
4214
4315
4420
4114
4222
4317
4415
4114
4209
4310
4409
4107
4210
4316
4408
4112
4211
4309
4415
4106
4213
4313
4430
4112
4207
4304
4418
4109
4210
4316
4407
4106
4207
4312
4424
4124
4212
4314
4416
4117
4212
4311
4413
4116
4204
4316
4413
4112
4207
4309
4419
4109
4209
4155
4418
4103
4210
4306
4408
4115
4215
4313
4414
4109
4206
4309
4418
4112
4205
4303
4414
4112
4215
4314
4411
4115
4215
4317
4419
4107
4049
4322
4420
4112
4210
4324
4417
3941
4207
4319
4419
4112
4217
4308
4410
4106
4213
4312
4414
4100
4215
4317
4409
4117
4209
4309
4418
4115
4249
4318
4416
4127
4208
4316
4409
4102
4209
4312
4415
4112
4211
4316
4413
4113
4211
4317
4414
4111
4212
4322
4418
3963
4216
4309
4412
4110
4214
4322
4420
4108
4210
4318
4419
4113
4209
4318
4423
4116
4204
4320
4412
4111
4214
4316
4426
3966
4217
4319
4419
4113
4213
4316
4421
4108
4212
4323
4416
4111
4215
4314
4415
4108
4215
4315
4414
4111
4214
4315
4488
4111
4209
4340
4422
4108
4221
4319
4408
4112
4210
4319
4412
4108
4219
4315
4419
4108
4051
4314
4411
4113
4217
4311
4410
4111
4212
4319
4424
4104
4216
4316
4426
4108
4204
4320
4419
4110
4210
4317
4423
4115
4218
4307
4411
4115
4217
4327
4438
4105
4212
4320
4423
4115
4204
4387
4425
4106
4212
4314
4421
4114
4211
4321
4420
4101
4045
4316
4420
4109
4216
4313
4412
4110
4212
4313
4454
4111
4212
4318
4409
4105
4220
4314
4410
4101
4220
4317
4417
4108
4213
4319
4418
4108
4215
4312
4414
4105
4212
4171
4415
4112
4212
4318
4412
4116
4217
4318
4420
4109
4213
4308
4411
4113
4205
4311
4413
4102
4215
4317
4417
4108
4212
4316
4424
4112
4214
4312
4420
4114
4214
4321
4421
4107
4208
4320
4421
4109
4216
4320
4416
4107
4214
4310
4430
4113
4214
4317
4415
4146
4233
4312
4417
4097
4214
4316
4413
4107
4214
4317
4425
4101
4213
4313
4423
4108
4215
4314
4424
4117
4220
4315
4265
4111
4214
4327
4417
4107
4215
4311
4420
3920
4220
4315
4416
4107
4215
4320
4420
3975
4255
4335
4418
4109
4211
4310
4413
4110
4280
4315
4425
4099
4207
4318
4420
4104
4211
4323
4420
4115
4211
4310
4416
4099
4209
4307
4418
4109
4215
4314
4412
4107
4213
4145
4449
4112
4210
4324
4416
4108
4213
4317
4427
4111
4209
4316
4420
4111
4220
4323
4416
4111
4206
4313
4415
4107
4219
4309
4414
4105
4206
4309
4417
3931
4211
4319
4422
4108
4213
4318
4408
4107
4211
4318
4421
4113
4211
4318
4419
4109
4213
4311
4414
4111
4212
4317
4417
4110
4214
4315
4411
4112
4216
4323
4429
4115
4216
4317
4418
4104
4210
4318
4417
4108
4215
4317
4441
4112
4212
4310
4424
4106
4210
4323
4432
4110
4216
4308
4415
4113
4216
4315
4424
4108
4205
4321
4262
4115
4212
4311
4411
4111
4206
4318
4421
3932
4220
4315
4427
4117
4209
4320
4421
3944
4043
4321
4428
4263
