202
534
258
233
78
1494
1284
1503
2157
1483
1563
1495
1561
1520
1536
1543
1973
1512
1544
1502
1516
1514
1578
1535
1558
2161
1555
1516
1464
1529
1559
1465
1525
1514
2150
1542
1464
1337
1561
1519
1562
1530
1480
2136
1483
1469
1567
1517
1537
1540
1550
1534
2138
1490
1488
1510
1404
1527
1494
1549
1513
2034
1454
1522
1501
1546
1490
1518
1551
1521
2042
960
1537
1539
1491
1520
1513
1399
1381
2096
1456
1410
1371
1492
1477
1504
1556
1474
2071
1458
1530
1442
1419
1541
1535
1534
1513
2160
1422
1522
1519
1545
1494
1517
1038
1528
1530
1976
1371
1395
1515
1463
1548
1493
1531
1502
2080
1515
1525
1557
1496
1506
1532
1553
1480
2095
1482
1428
1494
1534
1526
1662
1222
1459
2080
1523
1519
1542
1387
1501
1550
1530
1455
2134
1521
1460
1535
1548
1536
1484
1488
1508
2145
1534
1532
1539
1533
1520
1482
1533
1491
2055
1460
1538
1455
1524
1528
1531
1492
1481
2008
1496
1539
1560
1402
1097
1455
1452
1528
2124
1150
1514
1445
1531
1524
1461
1435
1519
2167
1485
1532
1525
1524
1466
1541
1475
1541
2143
1528
1478
1526
1528
1547
1499
1466
1527
1518
2120
1507
1532
1534
1499
1542
1469
1607
1449
1873
1185
1378
1300
1413
1420
1278
1421
1405
1881
1334
1393
1405
1351
1362
1330
1451
1325
2026
1254
1475
1193
1377
1348
1391
577
1394
1864
1350
1401
1402
1397
1280
1423
1353
1439
1777
1406
1337
1541
1518
1580
1349
1279
1323
1943
1491
1549
1161
1261
1375
1468
1511
1501
2121
1538
1486
1538
1493
1357
1524
1531
1533
2102
1455
1505
1510
1468
1528
1525
1484
1533
1508
2113
1391
1536
1452
1481
1485
1529
1542
2131
1522
1540
1431
1508
1541
1508
1549
1510
1550
2147
1490
1477
1533
1487
1507
1538
1548
2096
1503
1314
1519
1492
1533
1548
1501
1499
1455
2121
1425
1409
1461
1446
1362
1379
1499
1546
2010
1483
1551
1492
1466
1545
1504
1431
1568
1762
1448
1539
1414
1447
1540
1529
1566
1336
2033
1397
1441
1445
1360
1433
1445
1461
1436
1899
1334
1434
1411
1446
1441
1465
1433
1387
1910
1294
1414
1407
1473
1495
1242
1489
1530
2166
1348
1527
1506
1541
1555
1504
1515
1532
2121
1484
1337
1528
1481
1386
1515
1539
1369
2105
1467
1483
1503
1542
1527
1500
1511
1500
2136
1473
1524
1563
1484
1499
1436
1497
1570
2119
1457
1487
1453
1534
1542
1496
1511
1549
2162
1475
1535
1524
1543
1397
1543
1457
1490
1520
2116
1438
1491
1516
1480
1485
1533
1536
2186
1266
1526
1544
1496
1450
1539
1550
1490
1568
1992
1543
871
1518
1537
1528
1533
1527
1523
2120
1527
1276
1547
1471
1537
1536
1545
1632
2112
1545
1503
1435
1532
1539
1487
1436
1531
2065
1525
1485
1520
1496
1531
1544
1546
1421
2127
1541
1500
1530
1540
1641
1390
1527
1499
2075
1527
1524
1539
1458
1493
1534
1516
1456
2111
1537
1474
1499
1544
1518
1497
1501
1103
2121
1522
1541
1537
1468
1478
1539
1478
1530
2177
1441
1479
1506
1528
1537
1503
1454
1454
2161
1504
1544
1300
1533
1503
1536
1489
1500
2157
1478
1535
1502
1535
1541
1475
1511
1529
1546
2111
1466
1534
1469
1513
1487
1563
1486
1486
2180
1462
1537
1519
1545
1451
1513
1545
1554
2127
1516
1550
1478
1504
1493
1525
1543
1359
2136
1484
1313
1540
1528
1445
1527
1536
1532
2077
1390
1532
1454
1535
1491
1541
1486
1490
2106
1464
1497
1533
1500
1486
1505
1533
1524
2134
1521
1524
1422
1459
1439
1537
1381
1519
1754
1487
1511
1534
1471
1500
1500
1528
1540
1420
2139
1536
1482
1468
1526
1522
1378
1503
2175
1478
1380
1536
1479
1530
1504
1542
1529
1531
2129
1545
1466
1490
1539
1506
1487
1513
2197
1509
1598
1263
1304
1444
751
1468
1461
1487
2085
1361
1392
1460
1497
1464
1469
1469
1487
2039
1322
1409
1426
1434
1430
1379
1372
1390
1918
1284
1516
1513
1535
1479
1509
1521
1529
2064
1422
1517
1375
1467
1526
1490
1574
1402
2114
1475
1369
1516
1533
1497
1471
1511
1522
2174
1394
1400
1529
1495
1534
1466
1534
1482
2068
1468
1485
1546
1531
1555
1363
1453
1350
1363
2010
1468
1434
1522
1505
1527
1487
1503
2178
1186
1525
1520
1534
1537
1490
1515
1531
1555
2100
1523
1691
1308
1535
1518
1552
1494
1579
2001
1521
1548
1523
1544
1531
1507
1527
1560
2141
1516
1526
1489
1405
1466
1548
1522
912
2025
1524
1530
1507
1553
1490
1512
1537
1503
1937
1530
1484
1549
1521
1493
1474
1396
1448
2107
1506
1523
1533
1514
1514
1536
1517
1401
2123
1474
1463
1492
1536
1495
1536
1472
1541
2140
1511
1537
1536
1528
1494
1547
1462
1529
1553
2138
1537
1496
1545
1540
1493
1420
1528
2184
1508
1527
1544
1461
1492
1537
1484
1524
1504
2172
1515
1502
1525
1541
1412
1534
1527
1545
2111
1521
1530
1371
1534
1463
1480
1513
1518
2098
1436
1519
1554
1534
1471
1505
1511
1549
2078
1538
1495
1518
1449
1548
1505
1495
1498
2084
1491
1484
1512
1491
1548
1542
1532
1536
1295
1514
1491
1389
1424
1445
1456
1425
1491
2146
1499
1540
1477
1537
1526
1509
1506
1547
1583
1351
1455
1528
1508
1531
1544
1533
1546
1735
1419
1556
1426
1494
1537
1547
1425
1569
2069
1425
1523
1535
1507
1532
1514
1542
140
767
2122
1440
1493
1486
1506
1504
1388
1464
961
1473
1276
1222
1315
1265
1272
1209
1026
982
1792
1240
1238
1502
1539
1560
1503
1529
2071
1438
1520
1530
1548
1494
1516
1527
1485
1530
2116
1547
1426
1528
1481
1527
1494
1496
1536
2092
1528
1533
1536
1529
1525
1478
1534
1546
2114
1520
1475
1519
1517
1498
1543
1475
1514
2042
1432
1530
1540
1489
1423
1486
1531
1538
2119
1548
1503
1535
