168
280
247
852
2372
2752
2840
3283
2814
2802
2807
3742
2796
2614
2762
2782
2698
3486
2552
2684
2786
2814
3426
2568
2774
2808
2801
3349
2753
2731
2743
2730
3401
2675
2827
2769
2768
3442
2622
2655
2817
2819
2725
3385
2774
2698
2810
2768
3339
2777
2796
2855
2584
3533
2598
2764
2852
2691
3190
2645
2668
2815
2728
3479
2686
2799
2232
1096
971
986
1009
1008
1013
1112
928
992
992
1000
1005
932
891
879
904
896
937
549
1063
854
880
885
891
933
673
875
893
894
894
863
835
856
871
1134
735
858
848
866
815
789
801
856
858
799
868
828
859
905
1088
837
847
864
787
860
864
861
859
859
309
829
856
819
873
1103
842
827
800
861
866
861
720
886
832
839
864
839
832
872
1100
888
762
835
851
861
839
848
862
862
860
822
890
829
878
1126
775
836
860
858
860
832
863
866
850
854
885
828
867
905
998
842
861
853
868
841
875
750
830
862
858
854
869
858
785
1079
798
798
825
860
840
796
840
820
839
851
856
882
701
831
1033
829
871
822
850
862
848
774
770
848
869
844
780
844
860
1008
815
847
848
836
841
858
829
876
827
878
617
841
860
791
863
1135
816
808
859
858
855
852
856
894
563
733
763
727
744
714
931
761
746
744
728
759
718
766
773
700
718
761
647
725
749
744
747
955
333
779
746
735
725
749
748
540
720
700
729
741
745
712
825
688
1006
726
746
652
731
743
785
484
700
593
735
744
714
775
742
703
764
988
723
739
721
780
745
676
737
741
711
722
730
747
718
769
718
789
947
626
735
707
587
723
742
739
749
742
748
745
711
758
737
691
778
752
737
801
590
746
777
743
741
700
731
749
737
742
742
745
751
987
712
715
673
728
748
686
732
714
783
754
717
747
747
782
739
723
883
528
495
654
759
475
659
726
640
416
702
722
723
725
733
738
740
443
953
707
732
734
670
739
728
602
515
671
607
607
629
552
669
553
797
748
583
613
520
629
106
391
723
731
785
400
580
597
522
581
400
555
653
758
573
598
558
625
608
619
620
637
544
589
564
556
757
704
1016
608
727
722
725
720
689
714
699
715
733
732
604
705
737
738
739
941
707
715
699
717
735
723
711
730
728
749
599
681
740
742
745
763
941
727
737
268
690
770
747
737
761
644
738
723
715
728
729
748
726
1000
732
692
729
699
772
727
729
340
692
750
742
750
635
726
767
755
983
721
739
736
745
718
856
479
714
703
727
741
735
743
741
770
728
889
723
723
742
742
73
62
193
717
728
750
718
781
723
765
977
711
594
604
748
691
741
674
749
746
723
749
776
751
753
761
720
951
762
745
763
712
683
741
754
742
704
728
745
735
400
736
732
738
895
799
557
728
686
598
725
738
737
613
677
744
771
707
730
737
429
932
705
682
734
713
768
745
748
735
737
748
740
741
745
738
735
633
852
626
741
719
755
745
745
754
735
742
734
634
653
677
713
453
895
564
695
727
736
728
733
739
728
728
755
730
718
745
758
677
689
919
709
698
748
754
685
696
704
731
741
740
750
703
778
718
747
691
963
645
735
725
689
735
769
743
747
115
408
708
703
695
633
732
671
963
723
779
696
731
732
374
739
729
729
761
548
687
684
734
738
765
859
687
731
714
765
728
717
740
745
762
693
693
614
728
718
674
453
947
681
760
731
719
737
740
737
714
678
733
597
744
700
727
719
880
712
727
744
738
571
767
764
634
349
709
650
596
707
564
721
705
1006
712
143
649
707
741
743
534
693
729
736
744
731
671
703
727
758
985
710
659
726
726
712
672
724
735
740
743
748
744
739
740
756
716
967
717
737
797
173
578
672
729
715
752
710
688
740
613
728
618
737
996
567
718
667
769
727
722
731
637
706
742
746
709
767
746
719
768
960
549
710
730
734
735
750
746
738
756
688
736
770
717
733
613
689
931
729
750
737
734
735
714
758
733
458
734
761
65
255
738
784
435
892
716
716
638
716
746
767
742
513
539
551
543
476
429
539
573
283
779
453
520
417
468
576
655
541
514
476
159
388
482
318
408
353
712
988
708
761
742
665
770
687
770
749
736
753
715
650
742
746
746
992
726
729
746
749
721
774
748
755
731
749
754
607
711
722
755
694
961
771
543
703
740
740
739
720
748
746
290
656
733
735
748
769
955
708
729
691
751
742
713
772
747
820
542
678
771
716
777
740
724
999
711
737
755
728
718
745
735
753
664
594
742
762
623
743
724
718
1067
681
693
731
737
743
718
779
647
752
752
718
775
702
776
720
782
857
716
747
726
758
600
594
651
739
748
660
729
783
723
739
712
784
415
726
710
741
753
667
747
866
