172
306
266
11660
12191
9681
10535
11248
9583
11646
11298
10038
11565
11750
11509
9995
5530
11487
9719
11835
11529
10068
4868
3610
3629
3661
4232
3237
3319
3372
3336
3865
3265
3308
3336
3172
4047
3169
3266
3837
3921
3303
3255
3750
3289
3171
3258
3244
4746
3220
3262
3234
4223
3253
3155
2647
3995
3217
3190
3192
3931
3710
3123
3198
3687
3892
3101
3248
2333
3168
3966
3134
3932
3206
3628
2643
3182
2830
2834
3544
2677
2806
2817
2835
3495
3294
2772
2848
2847
3353
2823
2786
2642
2775
3485
2673
2841
2785
2762
3856
2700
2780
2852
2831
2825
3135
2789
2811
2870
2837
3439
2857
3420
2809
2861
3298
2728
2812
2808
2415
3423
2799
2876
2819
2846
3366
3417
2795
2775
2787
3485
2777
2812
2824
2824
3274
2804
2769
2748
2781
3481
2705
2798
2815
2809
2706
3448
2804
2806
2817
2756
3512
2859
3425
2817
2803
3377
3217
2865
2859
2845
3414
2826
2833
2770
2771
3463
3385
2750
2858
2824
3508
2760
2832
2849
2762
3443
2768
2766
2783
3304
3325
2780
2767
2730
2728
3484
2754
2818
2798
2826
3509
2782
2819
3435
2704
3321
2851
2841
2828
2757
2219
3502
2828
2831
2782
2819
3461
3418
2834
2751
2847
3269
2815
2856
2799
2773
3505
2827
2799
2458
3130
3344
2840
2846
2747
2834
3474
2819
2578
2747
2816
3446
2803
2847
2468
2805
2826
3464
2432
2806
2796
2861
3496
2677
2757
2832
2809
3473
2702
2784
2831
2706
3519
2553
2740
2829
2811
3480
2813
2804
2837
2827
2851
3373
2736
2825
2874
2734
3345
2561
2861
2819
2812
3499
2746
2830
2857
2492
3437
2730
2830
2845
2856
3451
2784
2833
2809
2816
2885
3434
2824
2825
2839
2830
3108
2815
2831
2863
2820
3308
2801
2817
2837
2829
3338
2787
2814
2866
2831
3379
2817
2826
2805
2819
2813
3343
2827
2827
2828
2775
3493
2791
2832
2820
2624
3429
2708
2837
2832
2802
3450
2843
2800
2825
2798
3465
2835
2832
2835
2646
2336
3448
2825
2871
2654
2869
2954
2825
2882
2690
2828
3432
2813
2846
2691
2843
3454
2795
2854
2737
2815
3492
2819
2854
2772
2468
2857
3383
2832
2779
2811
2839
3345
2810
2790
2834
2824
3472
2747
2798
2854
2834
3385
2782
2796
2589
2873
3431
2776
2775
2848
2848
3453
2789
2463
2845
2947
2628
3291
2675
2802
2842
2832
3489
2705
2841
2843
2764
3476
2722
2863
2767
2829
3499
2649
2852
2636
2819
3497
2718
2842
2806
2787
2845
3362
2812
2814
2849
2907
3158
2711
2856
2807
2807
3413
2760
2808
2811
2707
3411
2721
2842
2789
2823
3440
2727
2839
2846
2658
2852
3328
2771
2766
2739
2825
3145
2794
2867
2865
2754
3433
2801
2831
2873
2721
3463
2745
2854
2837
2749
3465
2793
2821
2804
2786
2868
3423
2796
2794
2809
2862
3366
2849
2867
2765
2819
3478
2856
2833
2753
2815
2420
2797
2788
2649
2833
3447
2808
2847
2775
2812
2882
3460
2828
2752
2715
2858
3470
2818
2763
2793
2858
3408
2799
2776
2836
2713
3447
2812
2800
2778
2856
3488
2830
2771
2807
2295
2870
3458
2767
2348
2765
2871
3432
2780
2861
2867
2826
3453
2721
2831
2852
2819
3429
2751
2832
2809
2759
3446
2797
2829
2767
2854
3384
2810
2563
2656
2807
2834
3459
2834
2824
2848
2847
3481
2342
2847
2735
2857
3320
2717
2836
2827
2815
3438
2787
2779
2735
2825
3405
2811
2845
2824
2818
2817
3373
2683
2663
2729
2755
3462
2852
2845
2720
2601
3427
2783
2831
2835
2767
3454
2850
2822
2806
2827
3440
2737
2847
2857
2752
2681
3389
2840
2853
2726
2889
3319
2614
2006
2604
2811
3203
2602
2657
2816
2783
3488
2691
2728
3400
2846
3298
2666
3491
2526
2814
3470
2058
2652
2650
2644
3268
2744
3464
2638
2821
3229
3120
2808
2723
2759
3125
2773
2759
2719
2750
2848
3868
2680
2789
2860
3126
3286
2794
2751
2813
2840
3438
2655
2814
3458
2660
3321
2838
3201
2546
2785
3415
2730
2729
2427
2805
3438
2819
3404
2700
2653
3247
3182
2712
2750
2751
3396
2682
2715
2844
2820
2760
3796
2516
2828
2830
3178
3280
2699
2762
2803
2768
3547
2614
2671
3360
2622
2830
2710
3012
2815
2865
3488
2659
2838
2798
2733
3496
2760
3338
2862
2763
3063
2783
2688
2808
2554
3433
2734
2798
2688
2746
4012
2642
2712
2782
3125
3303
2687
2755
2759
2821
3321
2756
2753
2817
3418
3266
2744
2663
3134
2825
2768
3421
2801
2811
2782
2809
3370
2743
3485
2794
2754
3315
3111
2806
2815
2804
3344
2781
2753
2762
2665
3991
2739
2742
2763
3112
3126
2782
2772
2758
2759
3210
2741
2780
2544
3425
3263
2790
2760
3063
2778
3311
2802
2807
2739
2777
2727
3408
2702
3429
2799
3216
2808
3001
2811
2796
2727
3469
2813
2344
2764
2771
4121
2598
2721
2433
3094
3019
2746
2830
2813
2812
3360
2708
2802
2790
3358
3307
2734
2756
3073
2754
3406
2817
2547
2751
2725
3417
2735
2764
3375
2701
3292
2812
3118
2806
2586
3494
2761
2837
2800
2721
2770
4115
2732
2778
2757
3575
2821
2834
2832
2763
2844
2987
2717
2860
2762
3447
3102
2787
2773
2598
2754
2901
2786
2766
2733
2748
3457
2799
2753
3421
2573
3259
2779
3099
2776
2833
3408
2802
2735
2724
2751
3289
3367
2681
2714
2275
3470
2810
2813
2713
2806
2800
3468
2824
2031
2785
3536
3091
2786
2756
3137
2833
3332
2789
2826
2826
2909
3401
2803
2743
3338
2801
3292
2823
3148
2846
2785
3336
2822
2758
2814
2833
3303
3433
2728
2820
2797
3352
2754
2717
2648
2733
3378
2858
2541
2715
2827
3901
2766
2759
2832
2813
2875
3134
2760
2869
2797
2864
3466
2778
2818
3261
2834
3308
2667
2748
2811
2850
3501
2676
2780
2824
2836
3458
3058
2827
2820
2864
3342
2739
2807
1838
2705
2780
3279
2691
2754
2755
2697
3087
