904
291
203
205
75
79
66
77
69
128
67
126
130
124
142
60
62
60
126
135
61
124
60
118
122
57
77
111
124
121
58
56
120
56
122
55
61
58
56
62
56
56
55
56
60
56
55
55
64
55
75
64
58
59
56
67
61
56
55
59
62
55
55
56
62
153
144
56
120
57
120
55
128
57
122
57
122
58
121
126
62
109
145
122
108
151
126
106
58
123
58
127
56
61
59
62
59
126
62
69
59
60
59
57
56
56
63
56
57
56
56
62
56
55
55
56
55
55
62
64
61
59
59
59
59
58
60
67
71
71
81
66
89
82
69
62
71
78
77
95
81
60
59
74
80
82
73
77
64
68
71
134
93
84
86
68
66
66
62
61
65
65
65
62
63
62
61
67
60
59
59
56
58
56
62
56
56
56
58
56
56
55
56
62
55
55
56
55
55
55
55
60
57
58
62
56
63
55
56
55
59
61
63
57
56
55
62
64
125
61
60
59
59
60
61
59
67
64
64
62
61
63
58
56
56
63
55
55
55
55
55
55
57
54
54
55
64
55
56
55
55
63
61
57
64
61
60
62
61
123
60
59
59
59
67
65
69
60
61
59
59
60
60
60
59
66
58
59
58
59
63
59
67
59
59
58
63
60
64
132
126
124
142
61
61
60
64
59
75
62
61
60
67
59
60
59
60
93
59
59
64
59
64
56
56
55
56
56
55
61
55
55
55
55
55
55
63
55
57
55
56
89
78
89
85
73
84
81
71
77
89
82
67
79
66
72
85
59
60
61
60
58
59
60
59
66
59
59
59
74
86
64
71
68
66
65
66
65
72
77
79
73
82
60
237
91
75
70
60
69
59
87
82
75
77
81
80
62
87
75
82
78
59
77
76
90
82
60
59
59
84
78
73
73
75
74
75
73
73
73
80
75
73
76
74
68
78
63
61
59
60
68
65
64
64
67
63
60
60
60
59
65
59
59
58
59
67
59
60
59
60
59
59
69
62
62
61
65
60
60
60
64
60
66
59
60
59
59
59
59
65
58
59
59
59
66
59
60
58
60
59
59
66
58
59
58
60
59
74
62
61
63
60
59
60
59
59
71
60
60
59
59
67
60
60
58
59
59
61
60
59
55
56
55
55
55
56
61
55
55
55
55
55
55
58
54
55
55
62
55
55
54
55
55
144
124
137
56
122
56
117
55
120
56
56
59
56
59
57
55
56
55
55
62
55
55
55
62
59
56
65
57
55
57
55
55
56
64
55
56
55
55
55
55
59
55
57
54
62
55
75
57
143
136
120
55
107
56
56
120
55
55
60
118
56
57
56
56
59
56
56
63
55
56
55
70
56
55
62
56
61
55
55
55
56
57
55
54
55
63
55
55
55
55
55
55
58
63
58
71
60
84
77
81
83
92
83
69
76
66
81
78
76
80
59
79
59
60
106
59
60
369
64
64
69
63
64
62
64
60
60
59
67
59
59
59
59
58
60
60
59
59
58
59
58
59
61
59
67
59
59
77
62
85
67
91
59
59
59
69
79
71
75
61
60
63
59
60
60
59
59
59
82
78
60
60
63
159
84
63
63
60
67
121
61
61
64
128
63
62
125
65
59
59
60
63
59
60
59
122
150
59
123
58
128
123
143
129
56
117
122
103
55
55
123
55
120
59
56
117
55
60
60
59
57
56
56
56
56
55
55
56
55
55
57
55
63
55
55
54
58
121
57
56
73
60
67
59
60
59
60
61
58
66
59
59
59
59
58
63
74
60
60
60
60
59
59
66
59
59
59
59
66
59
59
60
61
60
62
64
62
61
64
60
64
61
61
62
62
60
124
59
126
59
123
62
59
60
124
60
121
59
124
124
63
120
119
63
60
119
56
119
57
55
117
55
118
54
119
126
56
56
56
57
56
60
56
56
119
55
117
56
55
56
117
55
55
55
55
56
118
55
118
61
120
55
118
55
119
118
59
123
55
121
56
56
55
123
55
118
55
118
55
121
57
56
57
56
55
55
55
55
61
55
55
56
60
56
57
55
56
121
57
56
56
58
62
55
56
55
57
122
55
119
59
118
55
121
55
119
61
55
58
57
56
108
55
124
61
129
113
56
105
56
106
56
104
56
104
58
74
56
126
71
156
149
151
121
56
119
56
116
55
116
56
118
55
61
61
60
116
56
116
55
60
60
56
138
55
56
56
102
101
99
103
101
101
189
101
56
101
60
56
103
103
101
99
104
101
100
102
101
102
57
101
100
119
100
100
101
100
99
101
99
102
101
99
102
100
100
72
