159
471
345
377
117
104
96
115
103
357
523
500
505
448
374
387
498
379
489
469
462
479
425
335
682
679
530
470
453
389
484
543
372
425
497
417
565
605
598
592
609
607
793
597
606
560
581
603
593
604
434
588
583
521
582
581
592
605
590
617
591
508
873
583
581
610
598
696
442
629
475
557
555
581
597
579
589
585
598
421
632
530
465
598
584
728
481
597
611
557
604
606
595
604
623
593
602
605
610
605
590
912
588
598
473
589
609
556
616
590
604
604
611
593
560
611
362
596
535
559
539
923
561
606
596
535
623
592
573
664
546
595
613
592
591
602
603
599
606
578
925
574
597
541
588
598
588
614
599
590
608
602
546
618
605
388
596
594
614
397
888
555
607
608
656
477
598
616
606
607
598
616
619
607
609
255
668
540
960
350
531
545
597
608
548
609
603
604
615
612
547
608
610
603
715
380
546
530
878
608
579
602
587
513
590
580
580
613
603
614
607
598
606
471
567
611
535
860
560
541
592
594
602
610
607
604
615
601
559
382
569
466
593
598
482
607
590
911
589
597
619
599
594
613
597
597
597
593
586
605
599
531
586
596
596
598
587
900
587
598
448
601
580
568
601
592
599
617
551
522
603
564
595
597
581
640
836
567
631
567
172
641
562
499
577
371
498
474
334
87
84
386
341
459
581
580
915
477
593
618
595
523
615
582
610
321
596
73
588
401
565
556
569
538
511
545
404
1053
548
555
598
593
587
449
596
590
597
601
590
592
594
594
592
610
417
1023
558
567
595
597
583
543
591
591
615
516
596
609
591
600
589
596
601
652
814
404
593
598
568
556
588
579
612
594
604
608
602
598
609
586
603
608
600
846
591
448
577
553
587
607
602
595
622
591
596
616
599
595
612
608
600
617
122
953
434
447
603
575
568
612
589
594
620
496
569
587
604
589
606
602
599
607
748
473
533
592
589
603
514
584
598
593
602
599
596
604
592
566
591
597
572
584
856
580
609
599
600
613
575
494
604
597
583
599
595
605
614
596
613
78
428
410
904
510
598
596
597
618
569
556
550
599
594
600
603
498
670
395
564
658
528
873
510
585
601
582
486
583
597
605
589
586
499
587
589
463
306
548
582
563
589
927
579
577
592
630
590
581
94
65
63
352
585
87
77
288
602
615
574
546
443
849
548
603
483
617
549
598
608
329
456
81
80
76
70
65
65
247
204
69
717
262
210
362
134
126
380
345
234
368
253
179
304
301
334
68
161
93
328
128
707
407
185
268
336
70
67
318
580
591
615
555
593
589
595
610
594
598
588
877
606
584
592
601
594
579
486
566
601
587
592
494
595
590
595
607
595
603
499
880
574
593
559
514
450
549
592
594
599
588
603
596
602
603
595
605
603
910
551
557
545
591
515
575
601
574
598
603
594
587
602
598
589
603
591
593
618
823
542
600
506
577
599
593
618
585
600
590
586
594
261
567
562
594
598
552
537
906
580
583
598
600
595
588
608
605
551
602
603
591
601
609
604
603
562
595
826
104
357
611
561
591
594
598
599
607
522
595
601
601
596
615
559
605
710
407
948
543
568
580
632
598
583
590
604
583
573
607
598
619
551
599
614
277
500
461
871
609
598
582
610
551
596
609
603
598
610
605
557
612
594
473
595
591
479
865
487
632
593
553
616
603
590
620
611
584
568
604
606
590
606
563
592
588
594
913
489
603
601
609
615
611
586
614
559
643
605
83
391
610
608
599
598
598
830
598
596
648
575
590
618
566
512
602
607
612
535
576
603
599
607
567
601
600
814
583
598
603
610
603
554
609
605
573
491
598
601
612
591
608
611
602
607
595
920
602
605
607
574
561
608
659
398
576
616
589
600
608
591
569
599
601
604
922
583
604
569
590
611
602
136
510
563
568
594
601
599
611
637
597
551
548
590
932
550
602
617
570
488
593
620
604
609
602
609
615
604
600
585
595
613
905
540
602
566
220
336
577
586
612
607
608
616
606
569
572
606
596
629
559
423
846
621
604
578
557
582
607
640
606
605
603
599
615
607
605
618
599
549
581
906
605
576
465
595
584
597
616
601
603
622
601
486
587
590
547
593
605
603
495
802
395
566
591
610
591
583
639
614
602
613
609
603
556
608
604
568
641
547
623
888
528
568
586
597
596
570
598
603
569
590
545
457
592
609
595
606
627
330
682
549
504
548
560
586
590
589
593
611
543
604
598
554
575
605
587
458
589
574
893
618
587
610
608
602
616
600
557
615
612
599
610
614
571
81
599
623
485
442
941
563
