164
301
221
210
93
1494
1136
1190
1184
1127
1152
1177
1161
1107
1163
1191
1908
1159
1216
1167
1173
1148
1144
1062
1088
1135
1092
1770
1157
1133
1099
1126
1145
1111
293
990
1104
1886
1132
1147
1159
1118
1109
1119
1078
936
1153
1102
1823
1040
1145
1119
1122
1165
1090
1129
1074
1141
1173
1735
1023
994
1135
1154
1122
1164
1168
1186
1166
1246
1529
1131
1133
1184
1112
1153
1209
1144
1154
1154
1148
1853
1140
1137
1088
769
1173
1112
1066
1160
1151
1137
1860
1100
1076
1135
1150
1099
1115
1204
1126
1143
988
1567
1066
1135
1158
1153
1145
1179
1149
1071
996
1125
1740
1183
1154
1157
1190
1208
1105
1150
1150
1068
1792
1123
1178
656
420
540
364
272
70
230
363
369
338
381
305
381
364
331
378
368
262
688
309
330
362
321
326
351
352
217
343
371
313
341
349
254
361
322
347
336
294
350
339
340
339
365
284
669
306
337
313
328
312
309
298
330
281
313
249
286
324
307
310
315
257
304
296
274
302
242
294
278
326
596
300
306
291
326
275
324
293
202
289
273
301
207
303
324
294
257
303
321
294
318
315
282
308
311
302
92
285
267
296
271
328
312
295
284
306
308
298
267
299
294
162
294
282
277
307
309
292
327
267
328
306
297
326
64
576
289
241
317
278
288
292
305
292
273
124
286
311
279
310
318
333
315
290
322
311
287
313
297
294
313
318
663
225
238
299
304
296
301
238
298
318
254
289
304
309
309
298
305
306
303
309
308
302
293
302
312
363
220
231
506
296
282
306
255
269
295
308
296
293
294
306
296
233
232
172
241
175
151
258
70
89
74
78
65
127
76
70
65
62
62
63
125
303
315
291
306
286
318
310
301
299
303
291
63
64
63
67
298
307
286
274
355
514
279
287
300
306
464
301
308
312
245
299
305
314
303
308
329
286
309
302
61
292
368
180
265
215
242
309
298
115
284
603
182
300
301
307
299
306
270
323
289
310
311
310
327
146
309
297
286
300
297
243
300
294
207
169
616
275
313
303
209
150
167
307
305
271
292
268
312
312
299
300
61
73
204
298
269
256
292
287
312
306
289
327
626
279
288
310
293
279
320
284
303
322
263
268
227
264
269
234
71
191
200
245
257
256
256
254
260
236
252
64
216
534
169
242
160
200
226
69
169
250
255
282
243
250
201
92
126
175
219
116
157
226
259
246
250
253
251
257
239
406
252
162
232
248
264
211
255
254
263
248
256
252
254
147
191
247
264
258
255
252
260
252
245
251
255
268
259
246
256
469
101
202
254
241
252
239
252
250
198
245
248
163
181
236
254
247
242
255
243
234
243
235
248
246
261
286
235
330
158
433
245
278
72
63
75
109
212
253
334
108
276
236
248
248
178
240
242
230
266
260
238
277
232
241
246
250
243
319
166
353
236
236
184
247
249
93
72
63
62
199
233
254
189
113
250
260
244
278
239
256
214
247
250
207
259
256
252
337
160
445
238
181
252
239
118
197
249
245
200
252
264
256
254
244
253
264
211
237
229
247
222
256
262
240
264
234
242
334
81
91
63
64
71
80
82
88
212
220
236
133
231
268
241
225
109
232
248
234
66
164
239
253
241
265
70
75
70
77
135
115
84
113
65
65
65
63
209
238
245
233
244
220
239
194
228
210
239
241
248
233
256
218
255
246
242
237
269
232
88
113
125
68
66
64
144
243
227
171
168
206
238
196
180
232
124
197
233
221
168
223
224
224
215
281
173
132
129
168
123
72
374
214
234
195
168
225
233
159
145
232
133
205
236
224
229
226
213
215
231
195
261
67
65
119
85
163
137
208
214
77
205
236
81
132
214
246
222
186
252
206
195
197
227
219
88
73
109
179
188
240
172
234
222
175
240
195
226
214
201
72
470
263
197
231
225
247
258
238
178
240
237
216
234
249
263
214
247
188
218
218
91
66
111
217
234
259
224
240
246
79
467
222
240
249
247
241
238
223
250
244
249
270
245
146
107
83
114
127
79
122
110
127
127
124
115
119
175
102
71
126
115
81
67
68
69
65
64
238
174
244
128
186
221
72
104
70
66
120
75
66
68
63
70
217
117
116
120
113
113
117
113
112
136
74
120
113
107
103
143
136
112
118
122
114
111
158
107
119
109
75
71
68
169
75
87
80
69
144
64
64
66
157
160
247
140
99
80
149
72
80
132
114
76
123
76
67
68
123
135
78
119
75
119
122
118
111
148
115
110
113
93
67
63
74
64
63
113
64
63
66
62
61
63
136
231
207
162
268
134
231
216
193
286
177
421
88
202
240
211
215
214
227
70
64
117
244
248
237
244
199
220
226
236
177
241
186
239
210
223
342
