154
312
233
3309
5583
6497
5721
6456
5748
5662
6457
5709
5909
5806
5781
6448
5784
5566
6136
5729
6447
5718
5730
6503
5447
5696
6149
5631
8853
8659
9795
8722
9734
9675
8700
6355
5439
5212
5637
5038
5103
5630
4980
5001
5564
4844
4927
5311
4765
4901
5476
4892
4831
5456
4857
4873
4843
5391
4875
4870
5469
4741
4803
5471
4786
4824
5572
4539
4756
5539
4767
4795
5498
4854
4778
4802
5489
4758
4830
5493
4733
4835
5403
4589
4817
5206
4634
4823
5488
4712
4831
5494
4698
4829
5463
4782
4872
5487
4689
4866
5491
4753
4805
4671
5221
4825
4796
5392
4747
4836
5403
4758
4750
5426
4817
4818
5349
4834
4825
5399
4670
4728
4751
5368
4769
4803
5424
4767
4748
5485
4796
4735
5466
4750
4774
5525
4741
4744
5466
4838
4754
4720
5408
4760
4855
5423
4673
4768
5264
4588
4701
5304
4643
3930
5370
4684
4781
5420
4636
4772
4772
5295
4812
4630
5175
4539
4763
5358
4754
4575
5402
4772
4828
5466
4767
4832
5416
4773
4869
5405
4745
4885
4711
5401
4841
4764
5292
4813
4746
5489
4778
4775
5456
4798
4217
5464
4700
4808
5439
4794
4748
4828
5463
4789
4769
5383
4744
4825
5452
4776
4811
5478
4690
4833
5509
4642
4809
5477
4705
4835
5499
4727
4857
4831
5355
4820
4826
5295
4815
4810
5330
4811
4816
5399
4776
4746
5416
4784
4948
5184
4647
4755
5329
4689
4569
4661
5339
4698
4647
5153
4733
4717
5491
4727
4721
4818
4745
3400
5523
4430
4318
5274
4134
4727
5500
4644
4764
4847
5423
4796
4826
5415
4743
4820
5480
4698
4810
5485
4739
4577
5461
4664
4862
5139
4753
4835
5500
4790
4725
4817
5375
4774
4803
5409
4822
4832
5131
4713
4746
5256
4648
4165
5435
4497
4755
5432
4678
4795
4829
5320
4722
4825
5219
4760
4745
5430
4820
4761
5483
4704
4737
5519
4732
4487
5429
4802
4734
4810
5369
4797
4823
5431
4767
4810
5427
4588
4632
5459
4631
4813
5500
4731
4827
5398
4729
4873
5446
4770
4294
5263
4722
4860
4733
5348
4854
4940
5184
4657
4718
5433
4717
4793
5459
4774
4848
5375
4716
4780
5439
4636
4824
5447
4752
4770
4788
5007
4770
4781
5489
4733
4702
5418
4716
4749
5492
4727
4272
5497
4658
4754
5484
4673
4450
4841
5302
4620
4822
5471
4586
4687
5452
4607
4783
5399
4680
4757
5454
4757
4803
5432
4800
4809
4776
5299
4801
4802
5020
4714
4848
5386
4683
4832
5447
4780
4814
5436
4663
4821
5396
4750
4801
5433
4694
4653
4654
5288
4801
4773
5318
4723
4841
5373
4703
4688
5452
4796
4740
5463
4803
4749
5448
4835
4748
4818
5465
4795
4674
5442
4775
4837
5512
4731
4849
5500
91
65
4757
4827
4893
5493
4867
4916
4902
4826
4898
5478
4883
4883
5531
4742
4892
5492
4857
4892
4871
5355
4860
4828
5502
4855
4810
5505
4824
4812
5518
4800
4800
5444
4829
4806
5590
4212
4681
5445
4843
4833
5490
4817
4802
4889
5349
4792
4863
5343
4787
4843
5459
4622
4753
5279
4639
4817
5433
4662
4691
5386
4657
4840
4668
5233
4806
4817
5368
4843
4851
5303
4109
4879
5450
4736
4841
5458
4818
4638
5516
4713
4654
5276
4731
4871
5451
4705
4825
4832
5376
4779
4805
5276
4748
4806
5471
4821
4748
5507
4786
4874
5469
4784
4856
5556
4783
4666
5518
4830
4746
5520
4798
4049
4770
5395
4804
4848
5459
4676
4870
5515
4750
4851
5496
4666
4836
5491
4762
4856
5482
4772
4867
5502
4762
4865
4895
5371
4789
4881
5354
4818
4850
5442
4789
4832
5447
4831
4815
5448
4792
4882
5432
4836
4881
5447
4790
4873
5452
4901
4740
4615
5375
4652
4756
5526
4700
4715
5488
4752
4803
5523
4694
4788
5425
4417
4801
5483
4784
3154
5474
4390
4602
5273
4588
4831
4884
5306
4787
4796
5514
4753
4846
5536
4709
4842
5520
4762
4850
5509
4591
4819
5513
4802
4851
5497
4772
4242
5500
4700
4887
4862
5041
4823
4889
5406
4831
4840
5476
4688
4713
5186
4583
4862
5414
5326
4851
5295
4737
4807
5425
4820
4781
5908
4703
5494
4698
5439
4849
4831
5487
5432
4772
5282
5312
4587
5378
4771
4832
6126
4677
4883
5439
4734
4665
5508
4837
4814
6006
4661
5103
5440
4780
4787
5434
4777
5449
5106
5117
4614
5486
4864
4638
5387
5436
4697
5264
4851
4695
4840
5478
4733
5290
4963
4706
5151
5365
4731
4809
5483
4755
5501
5108
5052
4837
5371
4767
4889
5492
5338
4762
5623
4744
4889
5416
4767
4852
6054
4673
5171
5318
4760
4855
5474
4778
5497
5250
4695
5170
5533
4806
4700
4820
5973
4833
4711
5442
4823
4884
5437
4664
4880
6100
4703
5217
5160
4804
4896
5385
4791
5492
5200
5113
4871
5449
4785
4902
5407
5434
4856
5043
4886
4710
5391
4535
4765
6021
4812
4845
5513
4852
4752
4788
5295
4743
5329
4589
5068
4863
5338
4710
4838
5507
5332
4725
5587
4773
4821
5517
4782
4787
6085
4756
5125
5164
4761
4805
5479
4813
5398
5325
4823
5139
5520
4858
4828
4851
5513
5235
4820
5675
4791
4679
5461
4776
4787
6002
4610
5094
5369
4764
4845
5341
4709
5496
4389
4696
4776
5517
4729
4777
5522
5349
4838
5365
4759
4838
5468
4763
4883
5845
4805
4926
4835
5115
4789
4742
5177
4753
5044
5128
4594
4696
5431
4687
4842
5448
4802
4842
5374
4803
4873
5510
4639
4646
5407
4736
4843
4727
5245
4815
4822
4671
4757
4801
5519
4830
4810
5498
4825
4807
5480
4859
4772
5516
4824
4792
5501
4868
4828
4847
5505
4736
4876
5422
4784
4842
5466
4522
4814
5473
4700
4819
5501
4710
4872
5504
4696
4825
5513
4752
4881
5492
4825
4880
4874
5457
4776
4853
5529
4735
4874
5520
4705
4852
5500
4778
4843
5485
4755
4849
5509
4813
4850
5520
4763
4875
4876
5359
4853
4866
5265
4851
4842
5460
4839
5016
