164
262
290
255
2127
2472
2665
2529
2336
2542
2573
2945
2478
2543
2484
2430
5188
5187
5278
5947
5313
5331
6077
5260
5184
6030
5373
5337
5920
5468
5941
5223
5365
6017
4297
2501
2560
2546
2849
2494
2445
2285
1976
2273
2675
2325
2320
2358
2194
1882
2602
2160
2198
2222
2268
1993
2172
2535
2098
2182
2198
2141
2195
2210
2453
2130
2152
2112
2144
2121
2162
2430
2116
2159
2047
2169
1892
2085
2431
2090
1979
2038
2161
2038
2145
2304
1793
2113
2132
2117
2066
2479
2083
2111
2099
2118
2088
2110
2406
2073
2119
2079
2010
2122
2155
2384
2019
2146
2024
2128
2157
2039
2491
2072
2110
1916
2077
2061
2104
2332
2034
2083
1998
2118
2065
2121
2160
2120
2056
2122
2161
2129
2104
2437
1844
2061
2130
2067
2137
1404
2420
2101
2076
2059
2035
2085
2536
1991
2079
2099
2018
2143
1708
2391
2005
2114
2025
2073
2163
2055
2453
1997
1999
2167
1761
1872
1843
2443
1901
2077
1076
2042
2137
1929
2459
1830
2094
2034
2079
2100
2081
2477
2080
2109
2074
2124
2105
2046
2411
2123
2076
2097
1953
1993
2105
2318
2068
2057
2087
2067
2152
2039
2449
2121
1970
2034
2136
2121
2039
2460
1980
2059
2120
2090
2140
2082
2386
2137
2016
2078
2102
2088
2140
2421
2093
2044
2054
2118
2128
2142
2237
2096
2074
2122
2139
2130
2606
1931
2024
2078
2169
2071
1966
2468
2057
2076
2065
2090
1661
2194
2347
2000
2075
2083
2056
2052
2085
2425
2069
2071
2086
2104
1866
2116
2462
2067
2036
2105
2174
2067
2060
2441
1995
2121
1677
2100
1927
2103
2402
1959
2039
2074
1893
1981
2034
2203
1975
1677
1953
1996
1993
1888
2297
1926
1994
2046
1924
2049
2137
2341
1728
2179
1937
1924
2110
2052
2397
2176
1941
1928
1892
2019
1944
2325
2024
1868
1966
1957
2008
2021
2289
1883
2023
1913
2011
1994
2360
1791
1927
2057
1999
2092
2084
2383
2108
1779
2068
2049
2112
2045
2399
2040
2003
2089
2044
2058
1995
2429
2049
2036
2110
2159
2031
1756
2514
1909
1978
2063
2083
1883
2112
2478
2042
2084
2088
2125
2133
2085
2385
2009
2090
2105
2060
2065
2075
2391
2069
2108
2104
2106
2109
2095
2420
2033
2268
1980
2100
2113
2138
2317
2055
2144
2059
2118
2128
2137
2437
2066
2086
2127
2122
2103
2078
2422
2017
2122
2096
2078
2039
2467
1976
2094
2096
2039
2133
2104
2530
1268
1768
1863
1745
1948
1398
1937
1721
1850
2123
2139
2023
2040
2537
1999
2016
2107
2109
2055
2107
2478
2000
2089
2118
2088
2156
2060
2416
2058
2142
2023
2091
2104
2082
2385
2034
2085
2066
2123
2091
2086
2415
1986
2144
2121
2142
2044
2116
2461
2065
2127
2138
2071
2096
2145
2431
2039
2086
1785
1994
2080
2136
2430
2077
2002
2066
2097
2082
2128
2421
2064
1652
2071
2094
2062
2147
2377
2078
2112
2030
2117
2142
2472
2067
2087
2066
2138
2075
2094
2470
2122
2052
2054
2152
2020
2119
2407
2011
1782
2114
2124
2020
2102
2469
1585
2098
2108
2136
1961
2162
2375
2040
2129
2006
2099
2095
2073
2377
2021
2088
2100
2099
2153
1922
2336
2029
2128
2084
2130
1930
2069
2219
1957
2091
2103
2130
2103
2133
2315
2107
2039
2069
2087
1759
2071
2436
2001
2114
2141
2081
2115
2147
2369
2057
2125
2105
2120
2079
2129
2419
2055
1918
1943
2040
2112
2052
2375
2075
2075
2108
2121
2103
2450
1971
1809
1933
1916
1998
2143
2399
2048
2047
2129
2104
2121
2122
2448
2036
2049
2138
1836
2083
2122
2465
2014
2061
2110
2116
2116
2142
2328
2081
1841
2115
2114
2093
1995
2373
1975
2088
2125
2078
2106
2151
2255
1991
2110
2110
2110
2024
1159
2334
2042
2036
2016
2029
1996
2034
2302
1928
2016
2051
1997
2022
1992
2306
1952
2014
2038
1991
2027
1999
2209
2097
1983
1934
1701
2154
2262
2024
2066
2001
2028
2117
2120
2383
2078
1996
1993
2065
2114
2008
2467
2013
2154
2065
2097
2070
2143
2386
1988
2094
2051
1850
2022
2040
2396
1950
2046
1889
2088
2107
2079
2286
2000
2109
2085
2095
2130
2117
2332
1766
2116
1918
2147
2009
2094
2333
1985
2104
2087
2103
2211
1890
2274
1788
1970
2085
1983
2046
2125
2354
2013
2063
2089
2176
1972
2054
2302
2061
2100
2100
2054
2086
1110
2344
2003
2147
2077
2076
2060
2480
2000
2030
2114
2050
2106
2134
2217
2007
2059
1834
2036
2109
2088
2431
1989
2074
2004
2105
2097
2145
2335
1979
1787
2064
2101
2104
2111
2374
2006
2098
2045
2088
2143
2121
2223
1992
2092
2103
2091
2140
2126
2365
1988
2056
2090
2108
2041
2103
2323
1997
2137
2089
2105
2077
2154
2321
2004
2146
2094
2128
2003
2102
2354
2065
2041
2095
2148
1900
2085
2356
2043
2121
2120
2117
2053
2511
1291
1974
2103
2110
2085
2048
2470
1947
2099
2137
2099
2055
2105
2458
1973
2086
2167
1803
2047
2094
1996
1825
2107
2087
2114
2100
2108
2449
1872
2096
2089
2104
2110
2113
2360
1944
1984
2108
2074
2099
2013
2451
1952
2092
2119
2075
2117
1560
2272
2003
2111
1989
2130
2129
2083
1717
1957
2102
2101
2139
2114
2140
2269
2038
2104
2122
2134
1954
2062
2337
2041
2100
2080
2111
2090
2117
2398
2021
2087
2102
2126
2111
2413
2060
1983
1750
2182
1851
2038
2409
2004
2068
2083
2129
2071
2091
2472
2043
2049
2117
2056
1899
2091
2455
2036
1991
2028
2093
2121
2095
2477
2032
2040
2080
2119
2100
2115
2450
1869
1997
2060
2108
2101
2080
2402
2005
2075
2058
2099
2149
2081
2056
1938
2069
2119
2042
2128
2121
2388
1920
2052
2004
2071
2094
2141
2345
2042
2118
2116
2120
2087
2110
2298
2033
2076
2122
1965
2110
2098
2401
2023
2086
2141
2095
2062
2477
2042
2027
2152
2001
2130
2086
2463
1864
2102
2162
