153
272
218
3578
5512
6015
5719
6243
5727
5684
5798
5478
6297
5770
5773
6377
5630
5767
6180
5249
4875
5175
4777
4716
5324
4719
4819
5095
4744
4793
5290
4657
4282
5108
4711
4781
5221
4665
4722
4714
5295
4376
4549
5269
4643
4651
5283
4789
4701
5360
4817
4745
5395
4746
4708
5359
4504
4719
4870
4998
4563
4653
5134
4636
4788
5293
4647
4740
5328
4604
4802
5210
4613
4759
4832
5207
4699
4721
5166
4651
4656
5230
4594
4699
5189
4638
4623
5130
4527
4633
4732
5165
4633
4759
5095
4617
4558
5002
4599
4734
5182
4665
4696
5249
4602
4701
5284
4677
4684
4694
5046
4634
4660
5272
4623
4562
5219
4574
4713
5209
4573
4700
5169
4690
4611
4675
5189
4620
4686
5030
4630
4570
5243
4637
4603
5213
4624
4623
5269
139
77
4014
4773
5220
4696
4823
5206
4773
4638
5226
4634
4795
5255
4698
4825
5326
4660
4827
4992
4653
4847
5269
4646
4805
4692
5149
4665
4631
5178
4735
4609
5149
4688
4709
5183
4584
4120
5317
4573
4681
5115
4687
4613
4723
4961
4696
4667
5054
4637
4713
5195
4658
4654
5283
4644
4630
5228
4644
4675
4750
5237
4753
4564
5284
4686
4739
5274
4646
4794
5298
4610
4695
5336
4625
4801
5290
4589
4752
4699
5095
4520
4753
5300
4686
4747
5306
4649
4595
5148
4663
4719
5230
4699
4744
4166
5226
4627
4377
4812
4104
4437
4921
4662
4700
5325
4641
4680
5308
4622
4669
4804
5184
4681
4258
5166
4604
4586
5384
4653
4658
5389
4606
4691
5340
4597
4519
5170
4645
4735
4795
5207
4537
4698
5210
4683
4763
5165
4628
4733
4868
4658
4626
5216
4668
4739
4759
5271
4673
4737
5134
4699
4682
5276
4640
4734
5349
4565
4754
5256
4686
4759
5197
4573
4708
4850
5243
4717
4653
5264
4721
4658
5331
4627
4769
5285
4570
4751
5377
4624
4605
4688
5098
4798
4700
5112
4695
4704
5168
4730
4622
5328
4648
4755
5214
4669
4716
5296
4354
4747
4739
5190
4676
4715
5286
4563
4731
5294
4676
4672
5273
4674
4755
5262
4741
4527
4819
5329
4761
4815
5226
4692
4796
5305
4747
4748
5345
4669
4644
5290
4670
4661
5376
4614
4637
4723
5200
4764
4796
5276
4757
4781
5310
4726
4783
5300
4763
4793
5168
4671
4833
5286
4745
4824
4784
5012
4684
4587
5344
4711
4745
5344
4769
4766
5316
4801
4370
5255
4779
4746
4828
5344
4673
4842
5344
4700
4827
5366
4702
4789
5336
4743
4803
5338
4738
4794
4781
5189
4826
4840
4675
4538
4781
5307
4683
4817
5336
4818
4816
5258
4817
4784
4797
5305
4801
4739
5195
4721
4795
5365
4765
4734
5346
4663
4660
5335
4767
4799
5339
4805
4699
4780
5302
4720
4838
5190
4479
4777
5348
4656
4775
5390
4572
4623
5227
4698
4793
4647
5303
4843
4802
4523
4797
4786
5342
4721
4798
5307
4603
4745
5290
4773
4766
5319
4802
4838
4612
5266
4821
4744
5363
4749
4698
5402
4754
4732
5339
4792
4725
5353
4709
4744
4791
5236
4745
4859
5211
4632
4839
5293
4596
4805
5390
4635
4815
5376
4712
4761
4690
5156
4799
4790
5307
4755
4812
5270
4747
4755
5297
4648
4766
5300
4673
4746
4746
5238
4808
4762
5065
4749
4773
5230
4768
4793
5140
4715
4750
5342
4754
4791
5338
4805
4752
4760
5307
4532
4795
5356
4687
4857
5167
4666
4817
5368
4671
4765
5349
4733
4747
5329
4749
4756
4779
5251
4824
4779
5256
4777
4828
5327
4689
4776
5298
4631
4796
5300
4778
4785
4746
5288
4793
4813
5303
4783
4775
5334
4801
4735
5349
4768
4794
5388
4760
4728
5321
4786
4684
4737
5301
4768
4823
5393
4611
4721
5332
4594
4689
5369
4151
4814
4828
3937
4390
4527
4734
4070
4691
5153
4650
4676
5154
4701
4766
5196
4746
4825
5316
4799
4792
4671
5269
4733
4735
5326
4785
4574
5366
4772
4746
5316
4792
4731
5336
4927
4444
4746
5224
4638
4650
5021
4691
4795
5354
4687
4822
5299
4728
4628
5107
4556
4748
5401
4616
4565
4868
5148
5734
4830
4214
4663
4761
1178
4818
5414
5393
4799
3993
5198
4650
4640
5436
5172
4604
5386
4600
4730
5413
4678
4796
5843
3932
5278
4747
5281
4814
4783
5395
5441
4764
5466
4790
4777
5307
4783
4853
5339
5451
4684
5097
4741
4827
5422
4760
4785
6002
4618
5131
5040
4697
4772
5388
4778
5410
5166
5098
4819
4731
5401
4776
4690
5483
5367
4704
5615
4778
4747
5289
4607
4745
6021
4663
5064
5251
4706
4704
5416
4763
5340
5237
4906
4753
5446
4726
4753
4573
5412
5328
4704
5362
4704
4826
5443
4681
4789
5934
4524
4750
5266
4591
4736
5437
4530
5433
5169
4965
4646
5331
4695
4790
4757
5924
4847
4690
5071
4591
4890
5237
4749
4721
5899
4624
5303
5119
4588
4717
5381
4754
5360
5207
5119
4805
5373
4696
4784
5258
5335
4777
5421
4810
4776
4751
5459
4764
4682
6016
4626
4357
5142
4679
4725
5466
4693
5320
5220
5073
4784
5398
4733
4675
5471
5065
4617
5557
4700
4787
5282
4779
4820
4821
5637
4522
5034
5301
4757
4613
5419
4653
5362
5180
4951
4752
5456
4672
4722
5406
5305
4778
5481
4669
4792
5397
4715
4772
4852
5900
4614
5122
5169
4671
4841
5342
4610
5280
5168
4715
4791
5388
4684
4791
5322
5361
4744
5175
4650
4712
4770
5353
4826
4660
5887
4821
4731
5298
4817
4736
5480
4675
5093
5300
4742
4755
5447
4731
4745
5433
4727
4726
5439
4718
4698
4802
5215
4654
4787
5344
4672
4791
5392
4700
4777
5461
4329
4793
5496
4619
4759
5424
4668
4629
4792
5256
4747
4789
5455
4618
4762
5420
4712
4816
5460
4619
4835
5309
4705
4812
4810
5336
4657
4729
5453
4747
4566
5451
4754
4790
5462
4761
4770
5411
4814
4739
5401
4802
4717
4814
5383
4779
4782
5431
4750
4663
5414
4755
4806
5441
4695
4787
5419
4662
4797
5442
4891
