149
285
197
8038
11041
10625
9588
11379
10955
9571
11412
11129
9675
11398
11189
9587
11116
11239
9653
9676
3478
3597
4066
3227
3305
3349
4031
3180
3301
3346
2933
3994
3253
3275
3305
3265
4004
3330
3352
3229
3993
3215
3289
3297
3409
3798
3334
3683
3155
3842
3194
3257
3294
4047
3291
3181
3192
3123
3650
2996
3225
3244
3969
2737
3083
3140
3127
4293
2733
3127
3190
4029
3042
2773
2711
2772
3260
2333
2683
2673
3399
2712
2610
2824
3087
2768
3276
2751
2750
2795
2735
3483
2684
2722
3448
2693
3177
2735
3051
2791
2750
3325
2731
2744
2746
2805
3486
2703
3417
2719
2790
3285
2747
2791
2811
2750
2721
3408
2743
2803
2798
3290
3263
2814
2724
2749
2831
3229
2568
2762
2813
2775
3305
2732
2798
3444
2738
3192
2778
3139
2751
2791
3363
2798
2809
2675
2779
2771
3447
3329
2752
2838
86
619
2869
2765
2714
2830
3411
2761
2802
2769
2764
4125
2537
2748
2817
3100
3373
2710
2790
2808
2814
3486
2711
2816
3409
2803
2744
2772
3109
2842
2851
3452
2678
2783
2788
2808
3437
2779
3412
2811
2822
3309
2682
2830
2790
2832
2816
3392
2776
2808
2858
2702
3562
2757
2784
2785
2804
2823
2783
2813
2841
2864
3418
2655
2782
3441
2735
3152
2699
2551
2808
2802
3385
2810
2813
2818
2813
2755
3446
3421
2847
2787
2749
3256
2739
2842
2814
2744
3440
2758
2808
2755
2745
3788
2764
2765
2822
2758
3325
2760
2746
2800
2734
3444
2702
2516
2836
2751
2810
3424
2801
2805
2778
2839
3318
2818
2797
2800
2816
3431
2809
2823
2753
2734
3437
2827
2810
2780
2808
3468
2709
2856
2759
2806
2789
3387
2799
2798
2980
2544
3385
2838
2782
2758
2791
3448
2589
2781
2822
2869
3234
2068
2664
2802
2804
2857
3023
2747
2814
2850
2793
3336
2722
2801
2849
2844
3410
2759
2814
2843
2808
3446
2736
2820
2827
2757
3429
2778
2854
2818
2832
2374
3347
2792
2848
2846
2855
3215
2840
2832
2821
2812
3417
2737
2834
2421
2861
3314
2765
2816
2825
2797
3379
2822
2813
2778
2822
2754
3171
2641
2668
2789
2793
3440
2793
2809
2846
2739
3467
2723
2851
2822
2684
3449
2814
2856
2811
2772
2824
3415
2885
2632
2737
2825
3372
2823
2844
2755
2796
3427
2861
2745
2791
2781
3307
2792
2813
2618
2814
3435
2841
2807
2755
2742
2806
3426
2800
2691
2796
2763
3382
2818
2747
2795
2817
3467
2807
2680
2824
2751
3378
2773
2752
2822
2796
2821
3434
2768
2250
2808
2798
3429
2730
2834
2852
2783
3417
2741
2884
2619
2812
3445
2732
2820
2733
2794
3436
2706
2802
2846
2823
2826
3400
2805
2811
2815
2824
3302
2740
2816
2832
2852
3370
2765
2803
2832
2812
3334
2655
2625
2676
2761
3402
2715
2648
2796
2794
2819
3369
2765
2795
2807
2605
3372
2604
2791
2828
2737
3466
2758
2835
2829
2787
3429
2680
2803
2821
2760
3474
2743
2825
2840
2736
2757
3433
2774
2813
2739
2792
3449
2749
2840
2755
2799
3459
2717
2804
2766
2844
3488
2729
2621
2727
2836
2869
3393
2840
2764
2783
2855
3264
2537
2780
2848
2854
3401
2754
2750
2854
2816
3438
2800
2760
2821
2819
3452
2770
2715
2813
2805
2832
3360
2773
2813
2855
2810
3244
2799
2814
2871
2854
3430
2759
2786
2894
2565
3391
2721
2777
2826
2787
3412
2641
2649
2717
2714
2676
3275
2694
2691
2684
2685
3268
2725
2632
2765
2825
3402
2712
2824
2805
2771
2774
3404
2729
2847
2816
2791
3392
2804
2189
2824
2742
3262
2785
2829
2766
2894
3346
2657
2712
2819
2707
3436
2718
2561
2767
2762
2830
3368
2770
2803
2763
2568
3335
2636
2566
2608
2722
3446
2576
2786
2811
2824
3465
2680
2813
2751
2746
3393
3435
2708
2725
2648
3942
2800
2789
2707
2591
3422
2689
2821
2768
2800
3212
2766
2817
3108
2682
2721
3305
2824
2728
2816
2846
3307
2837
3430
2698
2829
3210
3139
2770
2811
2883
3316
2683
2787
2676
2592
3494
3383
2645
2844
2490
3650
2734
2784
2828
2853
3486
2711
2776
2834
3443
3140
2597
2205
3151
2632
3238
2575
2568
2491
2627
2382
3492
2617
3467
2767
2804
3294
3095
2858
2791
2805
3472
2710
2865
2806
2834
3326
3356
2660
2795
2739
3464
2753
2804
2850
2795
3440
2746
2748
2849
2779
3939
2601
2801
2749
2407
2748
3351
2768
2793
2784
2867
3302
2785
3523
2617
2771
3173
3086
2833
2850
2806
3413
2796
2827
2836
2739
3265
3055
2777
2778
2739
3343
2761
2808
2737
2827
3420
2702
2728
2804
2760
3826
2669
2764
2737
2777
2739
3404
2811
2794
2788
2690
2951
2769
3379
2748
2783
3226
3186
2808
2742
2784
3431
2792
2811
2788
2688
3449
3380
2810
2764
2702
3475
2764
2804
2676
2710
3385
2704
2747
2746
2711
3846
2644
2767
2744
3055
3396
2778
2796
2798
2733
2828
3461
2742
3395
2731
2847
3250
3134
2742
2690
2837
3436
2758
2847
2839
2791
3373
3294
2819
2729
2730
3399
2802
2755
2765
2812
3441
2802
2654
2775
2785
3873
2698
2738
2774
3108
3263
2810
2797
2703
2776
2510
3500
2567
2728
3447
2775
3320
2776
3102
2814
2784
3338
2757
2710
2774
2687
3321
3389
2772
2760
2817
3324
2798
2745
2788
2796
3441
2622
2671
2800
2740
4081
2702
2608
2738
3132
3314
2823
2731
2847
2859
2762
3444
2715
2667
3000
2742
3320
2688
3190
2798
2698
3108
2623
2802
2772
2831
3406
3331
2625
2750
2814
3695
2629
2702
2827
2770
3364
2726
2793
2696
2745
4007
2626
2707
2749
3065
2847
2638
2747
2753
2768
3402
2739
2796
2793
3462
3329
2754
2721
2799
2779
2806
3489
2691
2760
2742
2804
3372
3328
2853
2829
2606
3331
2713
2856
2821
2766
3460
2745
2837
2846
2818
3219
3331
2649
2792
2846
2840
3126
2774
2877
2820
2711
3337
2653
2845
3158
2771
3047
