151
290
205
190
278
1479
1493
1511
1350
1503
1559
1471
1604
1971
1518
1492
1391
1491
1536
1457
1990
1449
1526
1411
1500
1390
1528
1393
1499
1942
1407
1516
1471
1516
1536
1535
1354
1506
2068
1370
1413
1520
1516
1501
1166
1469
1404
1546
1966
1500
1513
1520
1532
1518
1514
1444
1526
1939
1500
1527
1492
1353
1418
1512
1447
1467
2100
1447
1507
1460
1459
1504
1523
1423
1487
2046
1498
1460
1453
1503
1530
1511
1476
1520
1549
1981
1530
1498
1529
1527
1422
1535
1456
1538
1971
1509
1511
1518
1530
1469
1521
1528
1573
1872
1457
1517
1503
1522
1474
1453
1506
1521
2115
1357
1460
1414
1503
1454
1559
1519
1536
1890
1518
1489
1444
1463
1527
1532
1435
1550
1953
1499
1454
1497
1420
1466
1503
1533
1421
1442
1975
1500
1443
1508
1472
1484
1534
1499
1516
1859
1519
1470
1499
1481
1527
1378
1529
1464
2016
1416
1505
1516
1525
1518
1514
1516
1530
2052
1362
1516
1483
1522
1522
1511
1486
1519
2043
1333
1496
1382
1482
1506
1523
1532
1519
1534
1959
1518
1512
1538
1464
1498
1517
1514
2029
1085
1476
1511
1514
1528
1534
1491
1534
1564
1986
1534
1522
1481
1538
1541
1495
1543
1541
1970
1524
1481
1519
1545
1405
1493
1546
1544
2011
1113
1296
1392
1559
1461
1537
1521
1525
1970
1395
1520
1530
1479
1535
1501
1431
1523
1915
1445
1540
1514
1279
1536
1496
1522
1481
1541
2037
1508
1520
1509
1526
1539
1439
1379
1525
2017
1504
1538
1340
1439
1518
1429
1504
1491
1846
1194
1457
1486
1512
1468
1409
1491
1530
2044
1352
1518
1507
1522
1542
1270
1463
1456
1508
1980
1497
1476
1313
1518
1336
1478
1523
2084
1415
1514
1424
1503
1493
1442
1510
1522
1547
1948
1469
1304
1514
1499
1440
1554
1382
1451
2005
1504
1454
1366
1498
1375
1492
1265
1486
2055
1442
1504
1469
1475
1488
1522
1556
1472
1944
1495
1343
1519
1463
1560
1489
1447
1516
2090
1465
1511
1496
1449
1510
1508
1521
1480
1519
1973
1359
1414
1503
1476
682
1473
1511
1541
2025
1348
1461
1499
1523
1450
1466
1478
1497
1841
1354
1487
1467
1493
1429
1433
1489
1437
1714
1313
1502
1219
1235
1281
1354
1391
1336
1288
1683
1058
1376
1314
1352
1392
1329
1487
2096
1298
1494
1038
1502
1437
1526
1305
1446
1455
1869
1462
1521
1484
1494
1397
1495
1423
1495
1894
1443
1495
1482
1419
1482
1497
1500
1379
1793
1435
1458
1509
1384
1488
1466
1517
1513
1958
848
1445
1524
1476
1469
1469
1477
1090
1954
1413
1498
1216
1480
1494
1463
1454
1496
1368
1978
1498
1459
1290
1278
1361
1395
1211
928
1271
892
875
1404
1391
1087
1415
1338
1410
1734
1236
1425
1391
1458
1372
1205
1140
1357
2041
1296
1274
1357
1020
1495
1159
1398
1532
1359
1683
1334
1516
1354
1152
1375
1365
1379
1174
1526
1119
1502
1380
1368
1192
582
1239
1372
1636
1347
1297
1194
1398
1290
1199
966
1435
1710
1382
1392
1343
1137
970
1327
1316
1412
2050
1427
1517
1478
1396
1448
1386
1425
1430
2044
1112
1492
1413
1477
1421
1424
1370
1462
1812
1367
1345
1375
1418
1347
1291
1359
1352
1506
1814
1298
1439
1325
1313
1394
1383
1375
1480
1909
1375
1357
1426
1449
1509
1508
1519
1546
1929
1442
1390
1512
1399
1485
1455
1514
1069
1721
1411
1518
1517
1520
1523
1524
1108
1520
1961
1445
1467
1478
1462
1473
1455
1485
1573
1768
1241
1431
1465
1387
1398
1435
1439
1416
1337
1839
1374
1359
1431
1433
1466
1431
1460
1316
1771
1432
1513
1460
1391
1318
1403
1503
1503
1868
1421
1473
1486
1412
1450
1513
1399
1519
1967
1468
1499
1527
1517
1525
1492
1517
1455
1545
2006
1490
1367
1390
1522
1533
1499
1475
2069
1481
1508
1536
1339
1536
1508
1505
1472
1511
2057
1510
1419
1511
1535
1455
1517
1449
1538
1986
1517
1389
1534
1535
1557
1400
1510
1535
1914
1498
1478
1523
1465
1523
1487
1485
1414
2067
1354
1510
1520
1529
1431
1464
1457
1452
2076
1487
1544
1515
1525
1476
1537
1479
1536
1531
2022
1481
1535
1474
1451
1528
1518
1529
2100
1458
1503
1513
1522
1491
1532
1464
1499
1544
1966
1438
1498
1455
1534
1508
1533
1525
1560
1883
1511
1524
1465
1476
1513
1527
1519
1318
2016
1526
1457
1500
1472
1510
1444
1501
1488
2064
1445
1460
1404
1525
1521
1537
665
1495
1542
2006
1471
1469
1530
1522
1538
1474
1502
1548
1934
1420
1515
1532
1519
1494
1531
1515
1541
2073
1451
1525
1515
1532
1505
1527
1454
1527
1932
1461
1536
1461
1139
1488
1498
1535
1467
2070
1443
1505
1522
1508
1530
1495
1525
1505
1533
1995
1283
1343
1468
1491
1507
1453
1523
2025
1363
1443
1267
1476
1466
1434
1517
1510
1471
1886
1250
1489
1461
1480
1428
1509
1465
1534
1815
1427
1504
1475
1463
1509
1460
1448
1419
1031
1408
1470
1473
1465
1508
1495
1513
1538
1816
1390
1500
1477
1498
1509
1517
1400
1507
1540
1989
1475
1440
1475
1474
1492
1418
1187
1542
1933
1473
1462
1467
1511
1505
1458
1479
1532
1927
1512
1500
1474
1494
1528
1254
1509
1453
2033
1488
1524
1436
1485
712
1387
1493
1520
2017
1456
1519
1521
1545
1442
1481
1515
1535
1565
2038
574
1323
349
1089
941
1430
1406
1350
1619
1027
297
1176
726
996
922
522
1073
1041
1108
742
924
370
526
698
575
1031
1037
1251
911
1520
1284
1412
1083
1445
1379
1779
1452
1290
1505
1172
1469
1473
1488
1502
1419
1913
1268
1434
1469
1495
1523
1495
1491
1474
1798
1459
1445
1429
1487
1279
1462
1386
1492
1898
1168
1446
1428
1456
1385
1134
1410
1584
1141
1384
1285
1418
1491
1471
1478
1474
1527
1450
1985
1369
1490
1452
1526
1238
1475
