176
326
243
203
70
67
62
65
67
64
71
214
272
291
268
277
355
195
275
277
257
258
461
265
237
301
219
240
75
64
157
284
278
358
155
279
257
277
282
235
286
203
281
277
286
268
289
279
280
196
289
234
547
288
264
149
243
260
278
280
279
281
294
357
176
290
279
269
291
267
285
285
273
298
262
268
253
273
282
277
331
93
264
93
153
90
160
238
269
276
250
276
277
372
66
62
166
291
70
196
275
276
300
266
272
276
255
276
287
273
282
284
277
351
128
185
273
456
208
266
262
271
254
268
124
163
259
301
267
273
259
277
255
279
276
283
283
283
276
293
278
290
274
283
68
65
145
246
260
520
259
243
276
272
168
269
262
271
275
270
235
240
257
275
203
277
272
277
274
276
275
265
277
223
262
259
283
279
314
251
67
169
528
268
298
90
84
84
81
162
148
265
262
275
276
275
274
160
184
189
244
275
221
212
258
275
209
275
274
86
271
276
249
298
525
279
265
281
275
275
283
281
279
281
285
267
269
266
268
259
273
270
274
219
270
115
304
222
223
266
270
64
130
244
248
112
73
351
297
275
285
273
281
280
280
279
263
280
281
280
280
282
223
280
282
284
279
281
281
281
269
266
271
259
235
68
66
279
182
416
244
265
261
279
258
280
271
281
280
283
280
235
281
279
277
281
273
281
280
281
282
275
64
144
283
277
252
271
230
280
96
371
222
174
278
273
271
273
301
279
158
145
253
272
275
250
268
308
261
64
62
301
273
284
277
311
242
276
278
285
276
182
265
242
532
291
275
284
283
278
280
235
281
283
282
283
244
62
186
278
278
264
289
272
250
421
69
238
288
253
282
279
267
227
280
194
516
302
229
267
220
272
275
260
284
283
278
283
278
280
283
281
91
254
282
383
153
296
223
210
264
274
278
273
285
354
204
201
228
571
216
268
275
273
269
273
274
148
260
271
269
276
272
269
256
273
149
245
274
245
313
278
280
283
274
233
190
189
239
320
227
499
286
267
226
279
274
272
276
275
278
267
276
261
268
63
108
256
275
275
182
259
275
274
248
274
278
275
277
224
319
230
214
275
533
270
255
276
67
158
271
275
197
275
276
251
273
296
269
275
271
125
275
277
275
208
275
276
227
269
260
273
276
275
257
298
508
304
284
273
260
281
281
274
270
277
287
228
298
270
274
273
278
276
279
251
288
278
192
276
281
283
254
269
191
281
268
158
275
507
252
283
284
276
282
284
310
65
206
287
273
278
245
280
269
267
272
282
206
269
269
270
266
268
261
272
271
266
185
272
240
526
289
249
238
274
333
209
277
274
281
263
280
282
283
279
283
278
236
261
282
253
302
283
270
282
277
282
279
278
284
253
219
243
571
272
361
192
276
271
274
289
270
273
251
306
271
236
281
278
280
282
277
279
281
268
281
280
280
281
281
280
279
188
136
367
221
86
65
143
278
280
281
283
245
276
240
214
290
262
257
278
273
280
290
274
280
300
256
276
286
276
281
281
257
203
283
285
103
478
98
140
84
251
290
277
167
308
248
269
223
155
227
295
272
227
275
294
242
319
240
281
279
281
276
279
274
413
69
65
248
480
273
268
263
254
221
275
237
204
272
272
202
264
122
277
239
240
271
272
276
273
274
272
255
271
63
98
71
62
65
137
247
219
477
256
276
260
254
265
226
294
231
276
193
192
271
278
167
162
159
302
245
265
264
62
128
245
78
94
182
266
353
192
155
262
479
267
276
279
280
280
280
285
278
282
268
272
263
269
273
275
269
233
302
268
273
191
202
269
270
267
227
150
196
189
227
267
503
307
275
278
281
280
282
281
274
280
282
261
283
279
281
283
282
283
271
276
167
181
222
297
235
260
261
269
84
201
224
68
226
479
292
236
260
281
255
289
271
291
267
263
281
331
107
91
173
110
112
215
89
154
171
107
104
98
83
110
167
178
201
105
83
466
143
102
144
140
165
175
167
93
74
112
173
181
167
159
262
107
98
99
96
66
175
100
178
177
184
173
173
169
240
93
92
71
357
161
179
180
177
147
146
172
229
138
150
101
170
76
163
193
155
168
196
118
171
188
182
212
180
154
175
176
178
210
208
90
292
156
162
154
132
202
162
125
254
112
263
104
108
106
108
105
106
101
102
77
101
114
75
102
101
87
111
108
103
89
104
95
136
139
127
97
100
98
95
107
129
106
106
95
93
95
95
98
99
94
95
94
92
102
100
94
96
93
99
109
95
237
204
124
97
103
224
64
84
204
64
66
236
