172
278
291
2037
3824
4363
3527
3815
3895
4772
3829
3906
3886
4654
3778
3921
3816
4588
3895
3858
4756
3849
3844
3877
4736
3837
3780
3838
4713
3699
3698
3878
4614
3870
3749
4796
3830
3881
3884
4798
3673
1657
1688
1511
1616
2062
1504
1659
1579
1599
1546
1583
1484
1513
1786
861
1204
1415
1416
1474
1433
1463
1465
1487
1841
1502
1481
1420
1482
1519
1509
1556
1375
1837
1483
1498
1461
1504
1517
1515
1449
1500
1869
948
1502
1449
1526
1388
1580
1133
1449
1747
1386
1455
1470
1504
1505
1391
1411
1457
1517
1811
1466
1494
1496
1500
1438
1500
990
1522
1797
1413
1410
1490
1527
1424
1441
1456
1456
1895
1437
1299
1476
1467
1471
1495
972
1500
1512
1802
1448
1494
1432
1507
1457
1433
1490
1493
1626
1207
1363
1434
1476
1483
1283
1466
1330
1832
1402
1467
1451
1503
1444
1245
1316
1334
1348
1480
1132
1272
1290
1304
1344
1270
1292
1295
1308
1639
1056
1302
1255
951
1231
1232
1257
1289
1314
1318
1341
1203
1292
1292
1310
1173
1294
1294
1291
1267
1295
1590
1207
1288
1308
1280
1267
1278
1250
1114
1265
1658
1287
1259
1299
1270
1307
1291
1303
1208
1335
1269
1357
1298
1290
1263
1304
1295
1307
1262
1259
1305
1281
1566
1216
1256
1323
1246
1293
1247
1281
1304
1303
1568
891
1264
1281
1266
1293
1240
1291
1254
1400
1202
1573
1201
1264
1278
1179
1225
1199
1278
1306
1298
1568
1235
1263
1273
1266
1257
1323
1317
1292
1304
1325
1406
1311
1316
1278
1239
1309
1271
1258
1297
1272
1105
1196
1295
1288
1258
1295
1291
1318
1271
1300
1319
1661
1097
1170
1228
1294
1072
1297
1286
1350
1267
1317
1582
1327
1207
1310
1160
1218
1296
1303
1289
1333
1662
1201
1249
1315
1286
1331
1271
1235
1296
1305
1600
1208
1266
1265
1280
1295
1273
1331
1288
1271
1271
1517
1187
1284
1294
1340
1274
1293
1262
1274
1284
1330
1498
1226
1283
1293
1289
1316
1310
1272
1246
1328
1585
1171
1300
1296
834
1291
1291
1300
1289
1295
1291
1614
1282
1294
1289
1287
1123
1315
1251
1293
1243
1292
1604
1271
1290
1302
1277
1286
1278
1201
1221
1337
1595
1156
1287
1303
1270
1286
1345
1284
1216
1072
1651
1230
1184
1292
1276
1309
1242
1252
1245
1305
1303
333
1533
122
1263
1285
1292
1294
76
62
716
1280
1608
1286
1248
1226
1294
1060
1167
992
1040
838
1290
1008
1042
1039
1057
909
580
1089
972
1244
1714
1171
1320
1251
1304
1330
1262
1287
1243
1271
1246
1522
1234
1290
1282
1285
1233
1307
1248
1290
1161
1201
1459
1227
1293
1287
1296
1301
1239
1338
1232
1324
1645
1127
1274
1297
1301
1299
1240
1266
1141
1319
1278
1627
1273
1259
1163
1256
1154
1139
1130
1232
1310
1257
1579
1321
1270
1285
1228
1189
1275
1326
1292
1280
1483
1273
1291
1278
1202
1117
1186
1301
1253
1289
1361
1503
752
1256
1248
1294
1295
1298
1297
1296
1353
1380
1256
1321
1135
1233
1252
1289
1302
1280
1293
1320
1576
1253
1209
1282
1335
1197
1287
1296
1288
1289
1680
1281
1176
1286
1264
1284
1291
1294
1298
1295
1320
1594
1236
1207
1160
1193
1250
1162
1205
1102
1321
1196
1538
1189
1276
1283
1298
1329
1269
1341
1197
1304
1460
1266
1291
1288
1294
1286
1321
1266
1314
1227
1613
1210
1291
1278
1225
1281
1284
1231
1296
1246
1215
1635
1246
1157
1281
1296
1290
1301
1345
1232
1180
1288
1635
1177
1283
1260
1286
1304
1160
1101
1221
1357
1244
1640
1243
1283
1298
1291
1301
1076
1202
1285
1283
1459
1176
1280
1281
1341
726
1245
1232
1313
1243
1226
1580
1164
1263
1255
1316
1254
1241
1302
1298
1304
1693
1150
1286
1277
1269
1282
1247
1327
1255
1290
1316
1650
1231
1327
1212
1329
1220
1233
1274
1280
1285
1678
1298
1315
1265
1300
974
1288
1264
1309
1287
1224
1524
1114
1128
1095
985
1223
1236
1246
1132
1080
1288
1454
1176
1320
1207
1236
1287
1297
1298
1308
1296
1370
1270
1283
1249
1299
1299
1292
1299
1287
1298
1306
1552
1264
1252
1293
1305
1275
1287
1303
1305
1293
1665
1245
1240
1306
1273
1299
1291
1297
1069
1232
1285
1648
1144
1273
1247
1253
1308
1294
1289
1338
893
1646
1169
1280
1292
1283
1291
1270
1264
1195
1233
1275
1479
1253
1290
1300
1267
1317
1240
1219
1242
1235
1237
1642
1256
1267
883
1154
1286
1302
862
1260
1238
1300
1654
1279
1320
1234
1301
1305
1311
1253
1242
1313
1623
1226
1272
1260
1285
1249
1294
1331
1214
1294
1635
1218
1233
1297
1284
1322
1276
1243
1213
1251
1306
1537
1232
1251
1305
1327
1320
1265
1217
1299
1296
1334
1578
1278
1245
1297
1295
1355
1157
1295
1298
1324
1328
1195
1286
1276
1290
1304
1270
1286
1315
1266
1144
1619
1324
1255
1271
1296
1234
1257
1286
1323
1065
1264
1638
1366
1025
1261
1242
1280
1240
1234
1273
1265
1547
1227
1224
1316
1207
1273
1283
1289
1248
1306
1213
1577
1240
1242
1265
1291
1240
1254
1258
1097
1271
1472
1204
1273
1231
1172
1240
1301
1325
1271
1280
1308
1608
1266
1208
1285
1281
936
1210
1268
1290
1283
1661
1195
1264
1082
1278
1182
1212
1273
1276
1269
1290
1549
1072
1248
1292
1111
1261
895
1324
1273
1376
1198
1544
1276
1260
1238
1290
1316
1266
1010
1264
1332
1461
1293
1307
1227
1114
1276
1305
700
1333
1269
1628
1234
1293
1294
1327
849
1281
1306
1283
1297
1235
1610
1141
1150
1317
1293
1262
1292
1292
1357
1207
1332
1514
1222
1343
1120
1250
1294
1322
1268
1101
1241
1581
1219
1269
1271
1099
1300
1245
1266
1271
1248
1276
1511
1278
1306
1298
1303
1236
1309
1203
1308
1316
1310
1631
1303
1302
1278
1325
1231
1225
1399
