172
528
336
922
3005
3715
3238
3184
3300
3303
3536
3208
3141
3234
3811
3196
3179
3249
3221
3755
3263
2850
3265
3749
3136
3282
3240
3187
3495
2857
2873
2770
2913
3329
2579
2880
2738
2839
3364
2818
2784
2802
2600
3306
2850
2773
2835
2864
2721
3225
2854
2780
2814
2838
3292
2836
2805
2855
2924
2861
2676
2759
2730
2815
3337
2774
2887
2663
2817
3306
2917
2509
2856
2795
2892
3322
2779
2884
2585
2870
3217
2734
2848
2867
2916
2946
2664
2857
2555
2495
3249
1811
1262
1240
1124
1229
1281
1249
1085
1437
991
971
1023
1104
1124
1134
1130
1093
1200
1139
1003
1121
1052
1014
1075
866
939
998
1020
1008
792
1264
997
1050
954
994
1016
1035
1049
748
950
940
1066
1441
982
1107
1128
1163
1134
1172
999
1109
1113
1199
1388
748
1129
1130
1150
1145
1248
764
1092
1105
1154
1004
838
1125
1160
1166
1154
1165
1142
1141
1126
1145
1165
1164
1390
1142
1143
1161
1098
1134
1155
1118
1165
1150
1167
1310
1078
1159
1169
1178
1052
1096
1103
1161
1165
1131
1166
1320
1044
1164
1187
1140
1151
1107
1166
1168
1158
1136
1179
1271
1139
1177
1068
1154
1091
1165
1169
1168
824
1160
1169
1376
1174
1148
1161
1119
1159
1172
1210
972
1114
1143
1163
1382
1119
1161
1110
1167
1170
1176
983
1119
1131
1171
1347
1123
1167
1105
1065
1159
1168
1113
1067
1153
1161
1228
1249
1135
1100
1162
1148
1157
1125
1165
1176
1149
1170
1101
1343
145
78
214
1115
119
772
1131
1103
1156
1153
1147
1224
1333
978
772
622
800
791
962
730
602
750
917
893
969
830
911
630
858
849
732
1139
936
944
1171
833
1010
1155
1069
1062
1141
1039
1014
1119
1130
1153
1114
1213
962
1112
1143
1311
905
1002
1118
1135
1159
1103
1137
1366
1112
1058
1178
1187
1128
1129
1139
1163
1115
1159
1208
530
1121
1186
1007
1116
1055
1131
1157
1080
1132
1153
1204
1278
1064
1148
1148
1145
1120
1116
1103
1112
1128
1118
1403
1153
1091
1080
1106
1088
1132
989
1126
1106
1184
1039
1212
1156
1004
1164
1098
1151
969
1189
1160
1116
1132
1264
1265
1138
1195
1114
1049
1107
1162
1184
1132
1157
1249
994
1282
1151
1096
1144
1002
1153
1098
1152
576
1176
1152
1147
1353
1150
1159
1062
1165
1170
1168
1167
1096
1094
1193
1368
1145
1143
1113
971
1162
1162
1160
1188
1131
1132
1168
1259
1153
1106
1165
1160
1167
1168
1177
1136
1163
1172
1162
1439
1117
1140
1149
1156
1124
1152
1141
1156
1158
1162
1163
1339
1131
1158
1165
1162
1180
1144
1162
1156
1170
1161
1461
1060
1160
1129
1159
1187
1144
945
1160
1171
1170
1119
1418
1133
1157
1144
1169
1147
1145
1092
1113
1157
1081
1137
1238
1107
836
1196
1116
1097
1128
1127
1142
1067
1131
1153
664
1133
1166
1132
1164
1159
1124
1155
1111
1149
1160
1148
1384
1103
1144
1165
1162
1161
1158
1109
1169
1158
1129
1199
1312
1095
1162
1158
1111
1145
1101
1169
1153
1133
1144
1433
984
1145
1155
1130
1147
1099
1168
1149
1149
1120
1169
1110
1099
1157
1150
1156
1071
1159
1156
1159
1157
1214
1122
1313
1151
1156
1156
1110
1118
1180
1138
1150
1127
1071
1149
1380
1145
1155
1091
1165
1172
1162
922
1166
1146
1163
1159
1352
1075
1109
1158
1103
1021
1155
1155
1142
1158
1164
1408
1125
1097
1161
1164
1172
1152
1177
1110
1162
1167
1156
1403
1091
1149
1156
1170
1158
1155
1132
1163
1168
1134
1080
1316
1105
1159
1226
948
1148
1029
1154
1170
1154
1158
1164
1335
1084
1160
1167
1173
1118
1161
1169
1159
1157
1168
1111
1390
1146
1177
1161
1142
1115
1161
1180
1124
943
1085
1415
1070
1168
1176
1095
1159
1158
1164
1169
1168
1085
1151
1413
1146
1176
1132
1127
1145
1150
1135
1168
1073
1148
1136
1339
941
1174
1016
1002
1131
1150
1162
1105
1137
1145
1166
1386
1042
1163
1158
1157
1152
1167
1118
1139
1157
1161
978
1092
1110
1101
1156
1160
1157
1090
1166
1102
1150
1063
1365
1139
1121
1154
1112
1155
1107
1164
1163
1161
1220
1112
1342
1137
1166
1154
1162
1111
1090
1156
1160
683
1138
1142
1148
1010
1182
1108
1104
1164
1168
1150
753
1131
1157
1161
1388
1151
1156
1100
1161
1152
1140
1153
1145
1163
1164
1168
1300
1101
1111
1159
1229
97
558
1131
1144
1161
1134
1415
1141
1092
1159
1163
964
1041
1118
1156
1167
1140
1131
1417
1098
1151
1165
1138
1046
1117
1148
1168
1140
1161
952
1292
1086
1158
1278
1038
1142
1100
1160
1143
1164
1161
1179
1344
1010
1273
948
1078
1144
1148
1136
1157
1162
1142
1122
1370
1245
941
1147
1055
1154
1133
1165
1162
1107
1107
1415
1157
1026
1132
1110
1076
1117
1145
1143
1118
1034
1169
1364
895
1123
1143
1089
1077
1147
1099
1129
1040
1151
1078
667
1328
1084
979
1082
1114
1122
1121
1059
1129
1127
472
1257
1008
1108
990
1128
1142
1110
1066
1116
1329
864
1071
1294
1114
1109
1146
1159
1157
1106
1163
1266
803
1134
1411
1063
1138
1157
1157
1162
1116
1170
1228
947
1139
1190
1370
1122
1070
1154
1163
1109
1165
1190
423
1126
1125
1132
1396
1135
1156
1164
1092
1144
1176
1133
1148
1138
1151
1158
1242
1146
1158
1113
1157
1209
1007
1043
1141
1130
1153
1208
1303
1112
1054
1125
1143
1073
1141
1116
1174
1153
1142
1147
1319
1139
1151
1150
1059
1147
1131
1094
1060
1130
1163
1332
1056
1153
1133
1083
1151
1164
1084
1143
1168
1162
1161
1357
1106
1182
1129
1150
1164
575
1124
1154
1163
1164
1111
1170
1148
1134
1164
1174
1151
1145
1114
1167
1172
1112
1083
1318
1062
1135
1155
1136
1284
