200
333
362
241
77
70
305
552
567
563
570
587
562
586
565
576
553
547
572
505
592
493
559
555
570
765
570
557
569
587
562
575
534
540
531
555
539
558
453
556
517
572
587
70
359
613
782
480
579
523
557
545
585
572
513
564
517
581
516
612
484
310
355
466
512
561
522
851
568
546
554
565
526
564
664
437
540
505
484
534
545
328
561
522
555
568
645
328
479
539
563
512
554
561
573
565
508
414
262
502
436
543
571
533
563
559
593
453
831
542
546
552
582
554
526
515
499
375
531
543
850
421
493
370
579
525
570
557
488
758
506
562
560
542
515
596
566
534
573
174
552
572
588
532
499
565
560
574
570
328
858
570
553
512
575
553
538
574
556
563
618
505
577
570
564
555
560
584
488
606
481
833
499
560
559
570
549
67
515
562
297
447
468
481
451
437
475
465
451
465
471
459
263
686
439
440
471
475
443
299
418
461
474
397
442
437
469
471
400
457
480
458
452
439
431
396
332
762
429
472
488
357
383
381
459
415
444
470
430
451
463
371
463
460
471
469
470
317
306
458
356
731
458
435
460
455
471
463
465
463
454
471
461
462
453
439
450
454
456
408
479
426
457
459
382
467
441
413
458
467
472
456
418
432
466
449
443
489
439
489
448
368
473
449
470
449
481
72
64
699
448
470
444
420
475
451
455
464
451
458
486
463
408
462
449
482
447
460
479
451
431
466
290
727
461
450
484
464
471
467
463
459
473
465
423
464
475
458
459
472
464
474
447
467
448
452
313
713
306
449
459
458
459
475
461
461
413
455
466
459
486
469
454
467
437
456
475
475
446
457
317
719
458
446
459
462
484
407
425
436
404
449
491
443
465
513
277
443
454
473
466
461
449
474
398
756
393
448
444
460
385
459
453
454
424
427
407
445
296
454
459
447
472
322
451
455
458
464
301
460
709
388
437
573
342
466
461
463
463
460
457
482
458
447
354
446
430
448
439
441
421
459
453
445
706
429
451
471
462
437
477
374
418
460
243
456
447
454
464
460
460
452
398
459
446
452
215
438
617
441
476
463
440
466
460
210
446
468
450
456
65
409
462
465
463
460
438
464
464
413
456
455
739
434
452
445
476
456
398
452
439
480
451
448
155
411
403
451
459
420
439
389
414
465
438
473
704
425
462
452
449
463
415
433
426
450
444
448
459
443
452
463
485
261
418
453
449
422
684
412
332
335
74
407
401
428
443
444
431
85
443
448
448
453
444
275
417
447
460
438
448
427
449
711
469
161
346
386
464
77
390
449
437
462
492
312
418
392
446
286
403
487
303
402
432
407
443
531
403
428
416
445
338
429
380
397
332
77
77
135
436
447
345
77
121
449
456
451
172
101
231
704
97
219
404
458
401
361
410
434
436
177
458
400
421
445
454
137
189
159
200
258
112
107
215
99
97
101
91
69
129
88
78
111
80
70
88
74
68
78
112
233
125
321
100
318
77
72
87
99
78
66
233
229
318
260
313
254
248
285
152
65
223
300
403
411
478
403
390
485
424
484
356
668
451
387
262
413
398
456
397
441
480
419
450
459
467
448
416
250
437
459
440
463
431
469
353
167
402
433
446
387
455
449
505
412
413
373
464
447
465
458
401
466
431
448
455
453
454
460
370
283
630
409
458
452
459
446
461
452
444
477
465
495
352
422
465
439
430
421
450
424
453
452
436
415
744
413
418
447
458
423
447
436
414
440
475
433
476
436
477
459
89
382
466
415
435
414
426
450
715
443
391
445
440
479
463
440
475
435
447
444
458
310
442
449
446
453
457
392
453
461
448
451
600
430
444
453
437
443
458
224
433
441
445
460
418
445
457
377
457
389
455
458
461
439
470
402
712
441
411
458
362
413
431
447
378
453
445
380
377
81
121
119
68
75
118
430
481
450
455
456
460
458
466
450
368
467
137
428
685
464
446
461
435
403
455
438
467
437
138
69
314
440
440
455
452
447
465
451
467
475
429
440
712
444
464
390
481
424
441
239
442
457
447
445
443
455
461
443
479
461
444
479
463
466
175
377
730
399
446
450
471
482
425
439
460
459
454
462
477
466
451
456
464
460
456
461
369
473
104
394
722
464
445
464
473
452
451
463
459
473
477
456
467
463
469
476
474
460
460
431
459
423
312
468
721
465
453
475
457
479
451
454
435
459
463
452
460
464
462
458
479
460
365
458
472
456
471
435
729
417
440
468
450
463
437
462
478
445
447
472
466
454
467
473
402
458
477
457
462
480
462
455
718
420
461
468
470
468
438
